files/bom_datasets/05.04.18.txt
ncols 839
nrows 679
xllcenter 112.0500
yllcenter -43.9500
cellsize 0.0500
nodata_value 99999.90
[rows 204 to 237 of 679, columns 616 to 692 of 839]
19.47 19.62 19.49 19.32 19.11 18.91 19.00 19.24 19.32 19.48 19.50 19.50 19.68 19.59 19.65 19.58 19.48 19.61 19.62 19.63 19.64 19.65 19.62 19.64 19.50 19.53 19.44 19.28 19.23 19.02 19.12 19.29 18.83 19.17 18.67 18.96 18.96 18.92 18.56 18.75 19.03 19.12 18.99 19.03 18.62 18.82 18.83 18.98 18.74 18.87 18.82 18.51 19.10 19.35 19.26 18.87 18.97 17.94 18.96 19.41 19.09 18.64 17.15 16.56 17.62 18.23 16.91 17.30 18.11 18.91 19.50 18.18 17.85 17.61 18.81 17.75 17.99
19.64 19.50 19.24 19.28 19.22 18.83 19.26 19.49 19.47 19.20 19.51 19.29 19.44 19.60 19.60 19.54 19.59 19.63 19.62 19.63 19.47 19.41 19.19 19.24 19.12 19.11 19.23 19.35 19.14 19.03 19.13 19.13 19.08 18.96 18.81 19.22 18.49 18.95 18.62 18.85 18.95 18.92 19.17 18.94 18.73 18.69 18.80 18.42 18.29 19.04 19.27 18.89 18.94 19.47 19.32 18.93 19.39 19.05 19.52 19.01 19.29 18.87 18.12 17.80 18.29 16.73 16.43 16.25 16.91 17.02 18.60 17.59 17.58 17.71 19.12 18.42 18.36
19.46 19.20 19.09 18.89 18.94 18.83 19.30 19.20 18.63 18.39 18.51 18.80 18.65 18.95 19.51 19.57 19.60 19.61 19.60 19.23 19.34 18.93 19.00 18.75 19.09 19.09 19.16 19.07 19.08 19.15 19.30 19.02 18.99 19.14 19.04 18.88 18.91 19.20 19.16 18.78 18.88 18.27 18.62 18.74 18.75 19.16 19.22 18.84 18.22 19.04 19.10 19.04 18.86 19.33 18.95 18.45 19.46 18.87 19.09 19.00 19.02 18.78 18.15 17.44 18.56 17.31 16.72 16.46 17.57 17.25 17.90 18.18 18.63 18.01 18.31 17.05 17.71
19.39 19.17 19.00 18.95 18.65 18.56 18.91 18.80 18.51 18.52 18.52 18.63 18.51 19.29 19.32 19.25 19.51 19.33 19.43 19.31 19.33 18.99 18.94 18.78 18.96 19.20 19.35 19.12 18.98 18.89 18.96 19.12 19.02 19.23 18.92 19.04 18.56 19.10 19.15 18.77 19.42 18.82 18.49 18.64 18.41 18.72 19.08 18.92 18.75 19.35 19.05 19.04 19.10 19.07 19.25 18.91 19.25 19.38 19.32 18.98 18.45 18.72 18.80 18.37 19.06 17.13 17.18 18.31 17.64 17.48 17.37 17.21 18.22 18.32 17.47 16.53 17.06
19.07 19.29 18.82 18.56 18.92 18.42 18.47 18.56 18.84 18.76 18.73 18.74 18.61 19.24 18.92 19.29 19.50 19.32 19.47 19.24 19.13 19.12 19.10 19.06 19.05 19.32 19.29 19.13 19.13 18.98 18.85 18.95 19.16 19.18 19.19 18.92 18.71 18.95 18.80 18.68 19.03 18.91 19.04 18.56 18.79 19.25 18.84 18.68 18.43 19.05 18.93 19.10 19.04 19.12 19.28 18.85 19.34 19.34 18.83 19.08 19.07 18.51 18.56 18.62 18.61 17.76 17.95 17.58 17.61 15.52 16.29 16.69 17.98 18.12 18.09 17.48 18.35
18.52 18.90 18.87 18.66 18.26 18.48 18.47 18.40 18.47 18.81 18.58 18.65 18.98 19.06 19.30 19.33 19.45 19.26 19.11 19.12 19.21 19.33 19.29 19.29 19.28 19.30 18.97 19.03 19.25 19.14 18.87 18.90 19.06 19.25 18.96 18.86 18.50 18.77 18.38 18.93 18.82 19.00 18.72 18.80 18.01 18.74 18.91 18.37 18.54 19.10 19.21 19.01 18.88 18.63 18.96 18.73 19.10 19.09 19.00 18.69 18.43 18.66 18.61 18.86 18.83 18.63 18.66 18.87 17.36 16.77 17.49 17.76 18.60 18.44 18.79 18.16 18.76
18.60 18.72 18.72 18.82 18.85 18.72 18.41 18.01 18.06 18.99 18.71 18.38 18.93 19.10 18.93 18.55 18.97 18.92 19.02 18.91 19.40 19.41 19.33 19.23 19.42 19.05 18.92 19.07 19.12 19.07 18.95 18.87 19.29 19.29 19.10 19.03 19.17 19.18 18.67 18.85 18.78 19.00 18.73 18.83 18.46 18.89 19.14 18.55 18.27 18.49 18.76 19.13 19.18 19.12 18.96 18.91 18.68 19.33 18.69 18.95 18.82 18.85 19.11 19.08 19.08 18.93 18.73 18.52 18.18 16.85 17.47 17.94 17.84 18.19 17.58 17.94 18.66
18.19 18.60 18.77 19.22 19.37 19.41 18.61 18.51 18.38 18.34 18.67 18.81 18.84 18.82 18.53 18.63 19.07 19.19 19.07 19.42 19.24 19.36 19.38 19.16 19.24 19.14 18.84 19.02 19.11 18.99 18.94 19.20 19.30 19.22 19.17 19.28 19.05 18.87 18.87 18.76 18.46 18.78 18.70 18.60 18.72 18.85 18.67 19.05 18.35 19.14 19.09 18.93 18.94 18.89 19.01 18.90 18.62 19.13 18.43 19.01 18.81 18.93 19.03 19.22 19.19 19.04 18.94 18.96 18.24 17.83 18.01 17.88 17.25 18.50 18.42 18.06 18.37
18.51 18.86 18.86 18.13 19.20 19.25 18.93 19.01 18.77 18.88 18.85 18.71 18.68 18.41 18.49 18.88 19.23 19.29 19.09 19.28 19.21 19.29 19.26 19.21 19.17 18.89 18.68 19.13 19.20 18.87 19.12 19.29 19.20 19.28 19.20 19.15 19.26 19.03 18.82 18.59 18.95 18.58 18.82 18.95 19.07 18.71 18.98 19.20 18.41 19.39 18.97 18.96 18.95 18.56 18.98 18.93 18.74 19.06 18.69 18.42 18.84 18.68 19.02 18.86 19.14 19.29 19.03 19.05 18.67 18.72 18.33 17.55 17.32 17.23 18.39 18.14 18.85
17.38 17.72 18.16 17.96 18.20 18.47 18.85 18.88 19.18 19.20 18.64 18.66 18.23 18.04 19.03 19.04 19.11 19.03 19.07 18.56 18.35 18.98 19.31 19.15 19.25 19.24 19.20 18.93 19.13 19.06 19.12 19.04 19.02 19.28 19.30 18.93 19.19 19.18 19.01 19.03 18.83 18.51 18.85 18.90 19.04 18.58 18.57 19.13 18.31 18.60 18.82 18.94 18.60 18.88 19.20 19.23 18.79 18.76 19.00 18.33 18.33 18.65 18.95 18.84 18.83 19.14 19.13 19.13 19.13 18.83 18.80 18.35 18.51 17.97 18.08 17.97 18.64
18.07 17.71 17.58 17.87 17.97 18.16 18.61 18.97 18.98 19.10 18.92 19.02 18.58 18.72 18.81 18.21 18.63 18.86 18.30 18.20 17.96 18.36 18.79 19.12 19.24 19.37 19.29 19.05 19.30 19.28 19.19 18.98 19.05 19.07 19.24 19.14 19.24 19.17 19.05 18.93 18.94 18.54 18.59 18.78 18.97 18.63 18.23 18.65 18.63 18.32 17.92 18.32 18.62 18.48 19.25 19.21 18.66 18.85 18.88 18.68 18.19 18.85 18.56 18.83 19.04 18.80 18.81 19.12 18.93 19.14 19.10 18.90 18.65 18.58 18.69 18.22 19.02
17.51 17.34 17.87 18.28 17.55 18.09 17.89 17.74 18.46 18.09 18.01 18.55 19.10 18.89 18.51 18.27 18.70 18.57 18.47 18.39 18.15 17.80 17.95 18.45 18.71 18.83 19.08 18.96 19.08 19.12 19.20 19.10 19.23 19.35 19.14 19.13 19.18 19.13 19.19 19.07 18.69 18.62 18.83 18.29 18.56 18.71 18.26 18.97 18.65 18.33 18.39 18.47 18.22 18.24 18.45 19.12 18.75 18.87 19.20 18.77 18.69 19.02 18.05 18.57 18.88 18.99 19.03 19.08 18.86 18.86 18.77 19.02 18.80 18.45 18.63 18.84 19.00
17.80 18.01 17.62 18.11 17.89 17.84 18.22 18.12 17.85 18.00 17.80 17.29 17.90 18.13 17.82 17.68 17.23 18.11 18.20 17.87 17.96 17.81 18.04 18.20 18.13 18.38 18.17 18.23 18.29 18.83 19.14 19.05 19.04 19.41 19.31 19.23 19.18 19.18 19.08 19.08 18.53 18.63 18.84 18.66 19.10 19.10 18.37 18.73 18.57 18.62 18.56 18.39 18.52 17.96 18.58 18.64 18.44 18.91 18.62 18.94 18.82 18.66 18.54 18.81 18.55 18.80 18.58 18.88 18.54 19.18 19.10 18.84 18.90 18.36 19.13 18.97 19.02
17.87 18.10 18.01 17.86 18.02 17.77 18.31 18.19 17.88 18.32 17.85 17.36 17.87 17.85 17.20 17.80 17.52 17.76 18.41 18.20 17.68 18.11 18.47 18.24 18.14 18.07 17.71 18.32 18.25 18.52 18.99 19.06 18.77 19.23 19.36 19.10 19.17 19.22 18.92 18.68 18.96 18.44 19.23 18.81 19.08 19.05 18.62 18.23 18.43 18.49 18.80 18.22 18.71 17.54 18.46 18.27 18.02 18.98 18.67 18.75 19.12 19.05 19.08 18.92 19.00 18.72 18.86 18.80 18.30 18.94 18.86 18.52 18.81 18.94 19.21 18.77 18.97
17.90 17.81 17.74 18.20 18.32 17.61 17.54 18.12 18.22 17.99 17.97 17.85 17.99 17.84 17.69 17.62 17.99 18.08 18.15 18.22 17.86 18.19 18.23 17.64 17.85 18.09 18.23 19.27 19.11 18.77 19.25 19.40 19.36 19.34 19.36 19.10 18.98 18.75 18.67 18.47 19.11 18.65 19.13 19.01 18.96 19.08 18.57 18.43 18.31 18.50 18.32 18.44 18.34 18.46 18.15 18.02 18.26 18.97 18.39 18.73 18.71 19.03 18.91 18.91 18.86 18.82 18.51 18.91 18.55 19.05 18.84 19.09 18.14 18.77 19.18 18.85 18.75
18.27 17.21 17.71 17.82 18.09 17.85 17.82 18.29 18.22 17.75 17.95 18.03 18.23 18.30 17.98 17.84 18.04 17.89 18.12 18.27 17.84 17.83 18.06 17.93 18.51 18.48 18.40 18.44 18.27 18.51 18.75 18.98 19.25 19.22 19.31 19.08 19.09 18.63 18.36 18.46 19.10 18.82 19.11 19.11 18.74 18.76 18.80 18.49 18.44 18.14 18.19 18.35 18.41 18.68 17.48 18.48 18.15 18.80 18.66 18.99 18.68 18.48 18.63 18.64 19.05 18.75 18.69 18.53 18.98 18.80 18.67 18.61 18.31 18.88 19.07 18.81 18.63
18.06 18.21 18.07 17.98 17.92 18.26 17.63 17.76 18.55 17.89 17.50 17.96 18.02 18.27 17.61 17.77 17.59 17.86 18.25 17.78 17.76 18.32 18.18 17.62 18.56 18.80 18.71 18.32 18.16 18.50 18.99 19.24 19.38 19.38 19.25 19.13 19.19 18.89 18.54 18.57 18.95 18.57 19.03 19.02 18.74 18.90 18.51 18.77 18.76 18.49 18.65 18.54 18.74 18.87 17.93 18.62 18.00 18.66 18.57 18.78 18.53 18.45 18.80 18.94 18.83 18.55 18.39 18.77 19.03 18.82 18.89 18.49 18.98 19.05 18.39 18.62 19.20
17.84 18.20 17.84 17.81 17.45 17.68 18.16 17.96 18.07 17.79 17.67 17.46 18.20 17.98 17.76 17.96 18.00 18.26 17.73 17.69 18.13 18.11 17.79 17.73 18.07 18.07 18.50 19.00 18.59 19.01 19.30 19.35 19.33 19.15 19.33 19.19 19.13 18.66 19.30 19.08 18.84 18.75 18.84 18.99 18.72 18.84 19.10 18.74 18.51 18.64 18.72 18.80 18.64 18.80 19.09 18.48 18.22 17.78 18.02 18.88 18.70 18.73 18.49 18.83 18.55 18.78 18.56 18.86 18.92 18.77 18.19 18.48 18.78 18.96 18.01 18.72 19.26
17.69 17.88 17.91 17.52 17.73 17.60 17.71 17.22 17.31 17.76 17.91 17.50 17.76 18.24 17.92 17.76 18.13 18.45 17.47 17.35 17.47 17.77 17.90 17.87 17.89 18.11 17.96 18.33 18.32 18.38 19.01 19.28 19.35 19.27 19.30 19.13 18.99 18.42 18.97 19.11 19.16 19.04 18.88 19.03 18.78 18.78 19.03 18.94 18.81 18.69 18.72 18.89 18.62 18.77 19.19 18.70 18.55 16.79 17.90 18.45 18.80 18.90 18.68 18.88 18.80 18.79 19.09 19.03 18.80 18.61 18.81 18.19 18.92 18.72 17.94 18.42 18.26
17.85 17.88 18.11 17.84 17.21 17.10 17.51 17.46 17.34 17.32 17.49 18.02 18.24 17.99 18.06 18.12 18.09 17.79 17.28 17.37 17.25 17.64 17.82 18.07 17.93 17.89 17.61 17.83 18.15 17.96 18.23 18.87 19.20 19.32 19.29 19.20 19.10 18.57 18.70 19.25 19.10 19.03 18.55 18.77 18.77 18.23 18.77 18.56 18.08 18.51 18.81 18.72 18.92 18.89 18.65 18.42 18.06 17.68 17.91 17.92 17.92 18.15 18.82 18.80 18.92 18.85 18.97 19.02 18.64 18.68 19.35 18.74 18.78 18.35 18.05 17.59 18.19
17.96 18.15 18.00 17.70 17.11 17.46 17.17 17.60 17.03 17.44 17.84 17.79 17.85 17.89 17.73 17.82 17.86 17.43 17.30 17.44 17.48 17.85 17.96 17.53 17.74 17.61 17.52 17.64 17.67 18.03 18.42 18.88 18.94 19.26 19.30 19.14 19.01 18.60 18.69 19.00 19.19 19.02 18.95 19.04 18.82 18.49 18.78 18.79 18.90 18.16 18.25 18.80 18.66 18.64 18.72 18.55 18.35 18.24 17.52 18.19 17.41 18.00 18.43 18.56 18.55 18.68 18.58 18.90 18.44 18.31 19.03 18.48 18.58 18.44 18.05 17.87 17.80
17.60 17.96 17.73 17.74 17.77 17.60 17.48 17.51 17.72 17.60 17.82 17.66 17.69 17.54 17.54 17.60 17.46 17.49 17.73 17.38 17.29 18.00 17.99 17.34 17.54 17.45 17.20 17.60 17.50 18.03 17.92 18.55 18.64 19.14 19.30 19.20 19.13 19.02 18.72 18.86 19.01 19.10 19.00 19.15 18.68 18.64 18.56 19.07 19.16 18.51 18.36 18.49 18.92 18.88 18.72 18.25 17.98 18.80 17.59 18.42 17.01 17.33 17.91 18.43 17.79 18.25 18.56 18.44 18.71 17.83 18.85 18.54 18.11 18.16 17.72 17.27 18.39
17.42 17.83 17.68 17.44 17.79 17.20 17.41 17.34 17.31 17.38 18.18 17.98 17.43 17.48 17.42 17.33 17.19 17.60 17.43 17.47 17.40 17.83 17.42 17.39 17.69 17.47 17.21 17.48 17.55 17.98 18.00 18.63 19.15 19.19 19.19 19.23 18.96 19.04 18.83 18.66 18.78 19.12 19.13 19.18 18.79 18.77 18.47 18.85 18.83 18.42 18.23 18.80 18.72 18.80 18.57 18.46 18.50 18.34 17.85 18.34 17.84 17.45 18.34 18.45 18.20 18.31 18.53 18.00 18.48 17.97 18.81 18.45 18.24 18.37 18.14 18.25 18.21
17.53 17.59 17.37 17.59 17.59 17.07 17.52 17.38 17.11 17.55 17.49 17.21 17.03 17.49 17.56 17.31 17.51 17.57 17.33 17.60 17.53 17.66 17.52 18.05 17.43 17.88 17.46 17.44 18.02 18.07 18.37 18.70 19.04 19.22 19.23 19.17 19.24 19.04 19.04 18.90 18.78 18.91 18.85 19.13 18.85 18.49 18.54 18.64 18.27 18.51 18.88 18.67 18.82 18.50 18.31 18.68 18.53 18.44 18.56 17.90 17.97 18.01 18.05 18.07 18.28 18.74 18.59 18.05 18.31 18.62 18.19 18.38 18.63 18.31 18.80 18.47 18.11
17.62 17.32 17.46 17.53 17.44 17.13 17.61 17.63 17.40 17.56 17.43 17.47 17.35 17.27 17.13 17.49 17.58 17.87 17.86 17.62 17.64 18.12 17.43 17.88 18.17 17.87 17.97 17.55 17.42 17.88 18.53 18.62 18.96 19.20 19.19 19.22 19.25 19.08 19.18 19.05 18.81 19.05 18.91 18.88 18.86 18.60 18.43 18.87 18.58 18.36 18.24 18.54 18.44 18.01 18.57 18.59 18.50 18.50 18.02 18.49 17.84 17.77 18.46 18.20 18.20 18.50 18.16 18.05 18.13 18.32 17.82 18.66 18.49 17.89 17.88 18.52 18.48
17.46 17.28 17.44 17.42 17.29 17.05 18.04 17.70 17.58 17.59 17.71 17.51 17.46 17.06 17.30 17.48 17.69 17.52 17.75 17.67 17.84 17.52 17.80 17.99 17.96 17.85 17.99 17.43 17.90 17.79 18.49 18.61 18.97 19.04 19.17 19.21 19.20 19.13 19.13 19.12 19.08 19.17 18.95 18.92 18.74 18.76 18.29 18.49 18.79 18.30 17.93 18.50 18.74 18.03 18.51 18.10 18.22 18.27 18.30 18.67 17.68 17.72 17.50 17.63 18.18 18.05 17.74 18.12 17.70 18.00 17.91 18.72 18.81 18.57 18.24 18.19 18.71
17.12 16.98 17.57 17.42 17.09 17.29 17.12 16.97 17.20 16.93 16.77 17.03 16.88 17.22 17.09 17.56 17.68 17.43 17.49 17.48 17.58 17.18 17.67 17.92 18.09 17.90 17.98 17.97 17.98 17.83 18.30 18.62 18.93 19.19 19.20 19.24 19.17 19.20 19.15 19.16 19.06 18.98 18.95 18.51 18.79 18.82 18.07 18.66 18.64 18.58 17.88 18.45 18.24 18.38 18.06 18.43 17.83 18.04 18.80 18.56 17.25 17.73 17.53 17.23 17.48 18.38 17.56 17.95 18.06 17.96 18.01 18.04 18.75 18.26 18.61 18.49 18.41
17.29 17.51 17.33 17.23 17.45 17.41 17.12 17.11 16.54 16.28 17.00 16.57 16.67 16.94 17.44 17.31 17.50 17.71 17.78 17.83 17.70 17.63 17.74 17.78 17.96 18.03 18.17 17.97 17.88 17.89 17.99 18.46 18.99 19.16 19.17 19.14 19.24 19.19 19.21 19.18 19.11 18.98 18.81 18.67 18.82 18.83 18.47 18.64 18.61 17.61 18.37 18.48 18.27 18.41 18.52 18.20 18.61 17.97 18.23 18.53 17.54 17.58 17.68 16.68 18.04 18.24 17.52 17.94 17.95 17.63 18.21 17.98 18.14 18.23 18.76 18.43 18.74
17.07 17.38 16.87 17.00 17.14 16.61 16.95 17.00 16.74 17.17 16.96 16.91 17.09 17.04 17.59 17.22 17.28 17.50 17.71 17.93 17.82 17.74 17.94 17.94 17.86 18.02 17.74 17.39 17.80 17.67 18.02 18.10 18.90 19.07 19.03 19.12 19.14 19.18 19.20 19.21 19.06 19.12 18.97 18.77 18.89 18.63 18.35 18.50 18.47 17.54 17.95 18.59 18.43 18.49 17.97 18.19 18.13 17.79 18.83 18.66 17.35 18.22 16.72 17.08 17.70 18.02 17.78 17.91 18.10 18.07 18.60 18.44 17.69 18.34 18.57 18.42 18.26
17.18 16.83 17.49 17.77 17.09 16.89 16.80 16.64 16.74 16.69 16.66 17.07 17.30 17.18 17.75 17.50 17.50 17.45 17.19 17.52 17.68 17.44 17.68 18.10 17.71 17.73 17.97 17.99 17.89 17.99 18.21 18.47 18.89 19.12 19.05 19.00 19.05 19.17 19.14 19.17 19.17 19.12 18.88 19.06 18.57 19.03 18.96 18.84 18.15 17.87 18.43 18.40 18.20 18.28 17.38 18.36 17.45 18.11 18.62 18.53 17.98 18.08 17.87 16.96 17.20 18.10 18.14 18.18 18.37 18.21 18.16 18.14 18.04 18.21 18.13 18.35 18.17
16.63 16.81 16.93 16.60 16.65 16.26 16.34 16.43 17.05 16.84 16.44 17.12 17.27 17.59 17.38 17.26 17.42 17.62 17.38 17.47 17.52 17.45 17.53 17.66 17.37 17.12 17.66 17.77 17.96 18.04 18.11 18.52 18.74 19.10 19.11 19.06 18.80 19.11 19.16 19.09 19.13 19.11 19.09 19.02 18.87 18.58 18.51 18.16 18.38 18.17 18.16 18.98 17.92 18.20 18.56 18.71 17.77 17.91 17.51 18.28 17.91 17.81 18.23 16.98 17.26 17.89 18.47 18.49 18.13 18.07 17.69 17.96 18.25 18.22 17.97 18.30 18.22
16.63 16.59 16.73 16.61 16.60 15.99 16.33 16.95 17.07 16.88 16.11 17.35 17.35 17.24 16.98 16.98 17.39 17.33 17.49 17.51 17.64 17.45 17.61 17.59 17.89 17.97 17.76 17.87 18.16 17.85 17.56 17.81 18.61 19.00 19.01 18.93 18.63 19.14 19.07 19.10 19.10 19.02 18.96 18.88 18.97 18.79 18.44 18.15 18.51 18.04 18.02 18.62 18.03 18.06 18.49 18.80 18.26 18.17 17.14 18.15 17.58 18.02 18.17 17.65 17.89 17.41 18.36 18.40 18.17 17.96 17.64 17.68 17.49 18.23 18.47 18.23 18.21
17.06 16.85 16.85 16.33 16.42 16.59 17.04 16.65 16.48 16.82 16.88 17.06 17.14 16.46 16.80 16.89 17.30 16.83 17.50 17.60 17.82 17.49 17.60 17.58 17.55 18.11 17.86 17.53 18.04 17.80 17.57 17.52 18.18 18.74 19.03 19.08 18.88 18.97 19.07 19.04 19.07 19.04 18.97 18.91 19.07 18.89 19.05 18.73 18.48 18.34 18.10 18.53 17.87 18.06 18.38 18.50 18.47 18.57 17.68 18.11 17.68 18.52 18.36 17.08 18.28 17.67 17.61 18.33 18.34 17.76 17.60 17.85 17.95 18.19 18.13 18.51 18.44
17.18 16.95 16.41 16.19 16.32 16.46 16.64 16.44 16.39 16.98 17.33 17.20 16.97 16.57 16.41 16.73 16.79 17.23 17.94 17.76 17.76 17.85 17.65 17.72 17.62 18.07 17.80 17.94 18.31 17.93 17.75 17.67 18.42 18.55 19.00 19.08 18.99 19.13 19.02 18.95 19.01 19.05 18.96 19.09 18.95 18.86 18.79 18.59 18.43 17.82 18.47 18.44 17.77 17.72 18.01 18.52 18.60 18.68 18.13 18.32 17.65 18.59 17.73 17.60 18.52 17.23 18.17 18.16 18.39 18.35 18.01 17.31 17.67 17.91 17.62 18.59 18.52
