files/bom_datasets/05.05.18.txt
ncols 839
nrows 679
xllcenter 112.0500
yllcenter -43.9500
cellsize 0.0500
nodata_value 99999.90
[rows 68 to 101 of 679, columns 616 to 692 of 839]
17.66 17.75 16.99 16.21 16.25 16.75 16.43 17.99 19.20 18.42 17.69 16.36 17.65 18.80 17.47 17.47 17.47 17.47 17.47 17.47 17.47 17.47 17.47 17.47 17.47 99999.90 99999.90 99999.90 99999.90 99999.90 99999.90 99999.90 99999.90 99999.90 99999.90 99999.90 99999.90 99999.90 99999.90 99999.90 99999.90 99999.90 99999.90 99999.90 99999.90 99999.90 99999.90 99999.90 99999.90 99999.90 99999.90 99999.90 99999.90 99999.90 99999.90 99999.90 99999.90 99999.90 99999.90 99999.90 99999.90 99999.90 99999.90 99999.90 99999.90 99999.90 99999.90 99999.90 99999.90 99999.90 99999.90 99999.90 99999.90 99999.90 99999.90 99999.90 99999.90
18.69 18.78 18.29 18.50 15.58 16.64 17.09 19.39 19.47 19.38 19.05 18.54 19.34 18.75 16.64 16.64 16.64 16.64 16.64 16.64 16.64 16.64 16.64 16.64 16.64 17.17 99999.90 99999.90 99999.90 99999.90 99999.90 99999.90 99999.90 99999.90 99999.90 99999.90 99999.90 99999.90 99999.90 99999.90 99999.90 99999.90 99999.90 99999.90 99999.90 99999.90 99999.90 99999.90 99999.90 99999.90 99999.90 99999.90 99999.90 99999.90 99999.90 99999.90 99999.90 99999.90 99999.90 99999.90 99999.90 99999.90 99999.90 99999.90 99999.90 99999.90 99999.90 99999.90 99999.90 99999.90 99999.90 99999.90 99999.90 99999.90 99999.90 99999.90 99999.90
18.03 18.92 17.62 17.53 17.81 17.05 17.62 18.84 19.27 20.76 19.57 18.75 19.20 18.96 17.67 17.67 17.67 17.67 17.67 17.67 17.67 17.67 17.67 17.67 17.67 17.17 17.03 99999.90 99999.90 99999.90 99999.90 99999.90 99999.90 99999.90 99999.90 99999.90 99999.90 99999.90 99999.90 99999.90 99999.90 99999.90 99999.90 99999.90 99999.90 99999.90 99999.90 99999.90 99999.90 99999.90 99999.90 99999.90 99999.90 99999.90 99999.90 99999.90 99999.90 99999.90 99999.90 99999.90 99999.90 99999.90 99999.90 99999.90 99999.90 99999.90 99999.90 99999.90 99999.90 99999.90 99999.90 99999.90 99999.90 99999.90 99999.90 99999.90 99999.90
17.96 18.33 18.55 18.82 19.05 18.49 17.38 18.70 20.11 20.24 19.82 19.08 19.70 18.65 17.67 17.67 17.67 17.67 17.67 17.67 17.67 17.67 17.67 17.67 17.67 17.03 17.03 99999.90 99999.90 99999.90 99999.90 99999.90 99999.90 99999.90 99999.90 99999.90 99999.90 99999.90 99999.90 99999.90 99999.90 99999.90 99999.90 99999.90 99999.90 99999.90 99999.90 99999.90 99999.90 99999.90 99999.90 99999.90 99999.90 99999.90 99999.90 99999.90 99999.90 99999.90 99999.90 99999.90 99999.90 99999.90 99999.90 99999.90 99999.90 99999.90 99999.90 99999.90 99999.90 99999.90 99999.90 99999.90 99999.90 99999.90 99999.90 99999.90 99999.90
18.37 18.32 18.31 18.12 18.82 18.89 17.58 17.32 20.43 20.91 20.09 19.64 19.33 17.36 17.36 17.36 17.67 17.67 17.67 17.67 17.67 17.67 17.67 17.67 17.67 17.03 17.03 99999.90 99999.90 99999.90 99999.90 99999.90 99999.90 99999.90 99999.90 99999.90 99999.90 99999.90 99999.90 99999.90 99999.90 99999.90 99999.90 99999.90 99999.90 99999.90 99999.90 99999.90 99999.90 99999.90 99999.90 99999.90 99999.90 99999.90 99999.90 99999.90 99999.90 99999.90 99999.90 99999.90 99999.90 99999.90 99999.90 99999.90 99999.90 99999.90 99999.90 99999.90 99999.90 99999.90 99999.90 99999.90 99999.90 99999.90 99999.90 99999.90 99999.90
18.50 18.35 18.18 18.05 17.65 17.95 18.87 18.40 20.22 21.08 20.61 19.77 18.93 16.56 16.56 16.56 16.56 16.56 17.67 17.67 17.67 17.67 17.67 17.67 17.67 17.03 17.03 21.01 21.01 21.01 21.01 21.01 21.01 21.01 21.01 21.01 21.01 21.01 21.01 21.01 21.01 21.01 21.01 21.01 99999.90 99999.90 99999.90 99999.90 99999.90 99999.90 99999.90 99999.90 99999.90 99999.90 99999.90 99999.90 99999.90 99999.90 99999.90 99999.90 99999.90 99999.90 99999.90 99999.90 99999.90 99999.90 99999.90 99999.90 99999.90 99999.90 99999.90 99999.90 99999.90 99999.90 99999.90 99999.90 99999.90
17.74 17.85 18.84 19.15 17.56 17.84 18.35 19.53 20.96 21.42 21.04 19.49 17.70 16.81 16.81 16.81 16.81 16.81 16.81 16.97 16.97 16.97 17.03 17.03 17.03 17.03 21.01 21.01 21.01 21.01 21.01 21.01 21.01 21.01 21.01 21.01 21.01 21.01 21.01 21.01 21.01 21.01 21.01 21.01 99999.90 99999.90 99999.90 99999.90 99999.90 99999.90 99999.90 99999.90 99999.90 99999.90 99999.90 99999.90 99999.90 99999.90 99999.90 99999.90 99999.90 99999.90 99999.90 99999.90 99999.90 99999.90 99999.90 99999.90 99999.90 99999.90 99999.90 99999.90 99999.90 99999.90 99999.90 99999.90 99999.90
17.86 17.56 18.10 18.35 17.81 17.14 16.82 20.19 21.06 20.31 20.12 18.60 16.95 17.19 17.19 17.19 16.97 16.97 16.97 16.97 16.97 17.03 17.03 17.03 17.03 17.27 17.27 21.01 21.01 21.01 21.01 21.01 21.01 21.01 21.01 21.01 21.01 21.01 21.01 21.01 21.01 21.01 21.01 21.01 19.67 99999.90 99999.90 99999.90 99999.90 99999.90 99999.90 99999.90 99999.90 99999.90 99999.90 99999.90 99999.90 99999.90 99999.90 99999.90 99999.90 99999.90 99999.90 99999.90 99999.90 99999.90 99999.90 99999.90 99999.90 99999.90 99999.90 99999.90 99999.90 99999.90 99999.90 99999.90 99999.90
18.49 18.49 17.73 17.89 18.23 18.51 19.92 20.41 20.86 20.00 19.81 18.93 17.43 16.61 16.61 16.97 16.97 16.97 16.97 17.17 17.03 17.03 17.03 17.03 17.03 17.27 17.27 17.27 21.01 21.01 21.01 21.01 21.01 21.01 21.01 21.01 21.01 21.01 21.01 21.01 21.01 21.01 21.01 21.01 19.67 99999.90 99999.90 99999.90 99999.90 99999.90 99999.90 99999.90 99999.90 99999.90 99999.90 99999.90 99999.90 99999.90 99999.90 99999.90 99999.90 99999.90 99999.90 99999.90 99999.90 99999.90 99999.90 99999.90 99999.90 99999.90 99999.90 99999.90 99999.90 99999.90 99999.90 99999.90 99999.90
18.98 18.09 18.54 18.14 18.65 20.33 21.01 21.00 21.15 20.26 18.29 18.09 17.56 17.06 16.97 16.97 16.97 17.17 17.17 17.03 17.03 17.03 17.03 17.03 17.03 17.27 17.27 17.27 21.01 21.01 21.01 21.01 21.01 21.01 21.01 21.01 21.01 21.01 21.01 21.01 21.01 21.01 21.01 21.01 19.67 20.03 99999.90 99999.90 99999.90 99999.90 99999.90 99999.90 99999.90 99999.90 99999.90 99999.90 99999.90 99999.90 99999.90 99999.90 99999.90 99999.90 99999.90 99999.90 99999.90 99999.90 99999.90 99999.90 99999.90 99999.90 99999.90 99999.90 99999.90 99999.90 99999.90 99999.90 99999.90
19.17 18.27 18.04 17.98 18.94 20.39 21.05 21.16 21.43 21.31 19.60 18.50 17.88 17.05 17.05 17.05 17.17 17.17 17.03 17.03 17.03 17.03 17.03 17.03 17.27 17.27 17.27 17.27 21.01 21.01 21.01 21.01 21.01 21.01 21.01 21.01 21.01 21.01 21.01 21.01 21.01 21.01 21.01 21.01 19.67 20.03 99999.90 99999.90 99999.90 99999.90 99999.90 99999.90 99999.90 99999.90 99999.90 99999.90 99999.90 99999.90 99999.90 99999.90 99999.90 99999.90 99999.90 99999.90 99999.90 99999.90 99999.90 99999.90 99999.90 99999.90 99999.90 99999.90 99999.90 99999.90 99999.90 99999.90 99999.90
18.67 18.48 18.50 17.91 19.08 20.69 21.24 20.85 21.23 20.99 20.20 19.65 18.22 17.01 17.11 17.17 17.17 17.03 17.03 17.03 17.03 17.03 17.03 17.03 17.27 17.27 17.27 17.27 17.27 21.01 21.01 21.01 21.01 21.01 21.01 21.01 21.01 21.01 21.01 21.01 21.01 21.01 21.01 21.01 19.67 20.03 99999.90 99999.90 99999.90 99999.90 99999.90 99999.90 99999.90 99999.90 99999.90 99999.90 99999.90 99999.90 99999.90 99999.90 99999.90 99999.90 99999.90 99999.90 99999.90 99999.90 99999.90 99999.90 99999.90 99999.90 99999.90 99999.90 99999.90 99999.90 99999.90 99999.90 99999.90
19.12 19.00 19.08 18.19 18.01 20.09 21.38 20.90 20.99 21.20 20.58 20.00 18.87 17.37 17.01 17.24 17.03 17.03 17.03 17.03 17.03 17.03 17.03 17.27 17.27 17.27 17.27 17.27 17.27 21.01 21.01 21.01 21.01 21.01 21.01 21.01 21.01 21.01 21.01 21.01 21.01 21.01 19.67 19.67 19.67 20.03 99999.90 99999.90 99999.90 99999.90 99999.90 99999.90 99999.90 99999.90 99999.90 99999.90 99999.90 99999.90 99999.90 99999.90 99999.90 99999.90 99999.90 99999.90 99999.90 99999.90 99999.90 99999.90 99999.90 99999.90 99999.90 99999.90 99999.90 99999.90 99999.90 99999.90 99999.90
19.00 19.14 19.73 19.65 18.64 19.92 20.84 20.84 20.54 20.46 20.53 20.09 19.00 18.45 17.76 17.42 17.27 17.27 17.27 17.27 17.27 17.27 17.27 17.27 17.27 17.27 17.27 17.27 17.27 21.01 21.01 21.01 21.01 21.01 21.01 21.01 21.01 21.01 21.01 21.01 19.67 19.67 19.67 19.67 19.67 20.03 19.39 19.39 19.39 99999.90 99999.90 99999.90 99999.90 99999.90 99999.90 99999.90 99999.90 99999.90 99999.90 99999.90 99999.90 99999.90 99999.90 99999.90 99999.90 99999.90 99999.90 99999.90 99999.90 99999.90 99999.90 99999.90 99999.90 99999.90 99999.90 99999.90 99999.90
19.02 19.04 20.06 20.14 19.27 18.83 20.29 20.30 20.18 19.20 19.39 20.12 19.25 18.77 18.58 18.49 18.05 18.05 18.05 18.05 18.05 18.05 18.60 17.27 17.27 17.27 17.27 17.27 17.27 17.27 21.01 21.01 21.01 21.01 21.01 21.01 21.01 21.01 19.67 19.67 19.67 19.67 19.67 20.03 20.03 20.03 20.77 20.77 20.77 20.77 20.77 99999.90 99999.90 99999.90 99999.90 99999.90 99999.90 99999.90 99999.90 99999.90 99999.90 99999.90 99999.90 99999.90 99999.90 99999.90 99999.90 99999.90 99999.90 99999.90 99999.90 99999.90 99999.90 99999.90 99999.90 99999.90 99999.90
18.79 19.55 19.91 19.27 19.15 18.86 19.25 19.71 19.57 18.61 19.37 19.78 19.55 19.14 18.98 18.83 18.63 18.63 18.63 18.60 18.60 18.60 18.60 17.27 17.27 17.27 17.27 17.27 17.27 17.27 20.36 21.01 21.01 21.01 21.01 21.01 19.67 19.67 19.67 19.67 19.67 20.03 20.03 20.03 20.03 20.77 20.77 20.77 20.77 20.77 20.77 20.49 99999.90 99999.90 99999.90 99999.90 99999.90 99999.90 99999.90 99999.90 99999.90 99999.90 99999.90 99999.90 99999.90 99999.90 99999.90 99999.90 99999.90 99999.90 99999.90 99999.90 99999.90 99999.90 99999.90 99999.90 99999.90
19.14 19.53 19.47 18.92 19.35 19.29 18.98 19.28 18.35 19.18 19.15 19.42 19.66 18.99 18.88 18.98 18.81 18.81 18.60 18.60 18.60 18.60 18.83 17.27 17.27 17.27 17.27 17.27 17.27 19.12 20.36 20.36 20.24 20.24 20.24 19.67 19.67 19.67 19.67 20.03 20.03 20.03 20.03 20.03 20.77 20.77 20.77 20.77 20.77 20.77 20.49 20.49 99999.90 99999.90 99999.90 99999.90 99999.90 99999.90 99999.90 99999.90 99999.90 99999.90 99999.90 99999.90 99999.90 99999.90 99999.90 99999.90 99999.90 99999.90 99999.90 99999.90 99999.90 99999.90 99999.90 99999.90 99999.90
19.57 19.40 19.60 19.19 18.84 19.97 19.22 19.13 17.64 18.16 18.87 19.20 19.25 19.26 19.02 19.30 18.88 18.60 18.60 18.60 18.83 18.83 18.83 17.27 17.27 17.27 17.27 17.27 17.27 19.12 20.36 20.36 19.71 20.36 19.67 19.67 19.67 20.03 20.03 20.03 20.03 20.03 19.39 20.77 20.77 20.77 20.77 20.77 20.77 20.49 20.49 20.49 20.30 99999.90 99999.90 99999.90 99999.90 99999.90 99999.90 99999.90 99999.90 99999.90 99999.90 99999.90 99999.90 99999.90 99999.90 99999.90 99999.90 99999.90 99999.90 99999.90 99999.90 99999.90 99999.90 99999.90 99999.90
19.91 19.45 19.49 19.56 19.18 20.22 19.18 18.94 18.03 17.63 18.99 19.08 19.25 19.05 18.48 19.04 18.85 18.99 18.99 18.83 18.83 18.83 18.17 19.32 18.14 18.56 18.56 18.56 19.04 19.12 19.72 20.46 20.64 21.03 20.33 20.33 20.03 20.03 20.03 20.03 20.03 19.39 20.77 20.77 20.77 20.77 20.77 20.77 20.49 20.49 20.30 20.30 20.30 20.30 20.30 20.30 99999.90 99999.90 99999.90 99999.90 99999.90 99999.90 99999.90 99999.90 99999.90 99999.90 99999.90 99999.90 99999.90 99999.90 99999.90 99999.90 99999.90 99999.90 99999.90 99999.90 99999.90
20.07 19.53 19.20 19.71 19.48 19.74 19.75 19.89 18.43 18.75 18.33 19.04 18.38 17.81 18.74 18.67 18.26 18.62 18.83 18.83 18.83 18.17 18.17 19.32 19.32 18.14 18.69 18.69 19.67 19.59 18.84 19.18 20.21 20.63 20.60 20.03 20.03 20.03 20.03 20.03 19.39 19.39 20.77 20.77 20.77 20.77 20.77 20.49 20.49 20.30 20.30 20.30 20.30 20.30 20.30 20.30 20.43 99999.90 99999.90 99999.90 99999.90 99999.90 99999.90 99999.90 99999.90 99999.90 99999.90 99999.90 99999.90 99999.90 99999.90 99999.90 99999.90 99999.90 99999.90 99999.90 99999.90
20.39 19.56 19.57 19.74 19.87 19.86 20.05 19.39 18.66 19.42 19.30 20.20 19.62 19.34 18.57 19.27 18.61 17.61 17.98 17.98 18.17 18.17 19.51 19.32 19.32 18.14 18.14 17.96 19.65 20.18 19.35 19.05 18.67 19.85 20.25 20.03 20.03 20.03 19.39 19.39 19.39 20.77 20.77 20.77 20.77 20.77 20.49 20.49 20.30 20.30 20.30 20.30 20.30 20.30 20.30 20.43 20.43 21.23 99999.90 99999.90 99999.90 99999.90 99999.90 99999.90 99999.90 99999.90 99999.90 99999.90 99999.90 99999.90 99999.90 99999.90 99999.90 99999.90 99999.90 99999.90 99999.90
20.11 19.71 19.72 19.94 20.09 19.93 19.97 19.16 18.86 19.37 19.69 20.12 19.77 19.92 19.55 20.10 20.08 19.38 18.60 18.16 18.17 18.17 19.51 19.32 19.32 18.36 18.65 18.47 19.17 19.21 19.52 19.71 19.19 20.67 18.84 18.65 18.65 18.65 19.39 19.39 19.39 20.77 20.77 20.77 20.77 20.49 20.49 20.49 20.30 20.30 20.30 20.30 20.30 20.30 20.43 20.43 21.23 21.23 21.30 99999.90 99999.90 99999.90 99999.90 99999.90 99999.90 99999.90 99999.90 99999.90 99999.90 99999.90 99999.90 99999.90 99999.90 99999.90 99999.90 99999.90 99999.90
20.25 19.94 19.51 19.79 20.38 20.10 19.83 19.39 18.83 19.17 20.12 20.30 20.45 20.18 19.71 19.65 20.34 20.17 19.52 19.17 18.62 18.37 19.51 19.47 19.93 19.71 18.82 19.78 20.44 20.05 19.80 20.32 20.21 19.47 18.51 18.31 18.31 19.53 19.39 19.39 20.77 20.77 20.77 20.77 20.49 20.49 20.49 20.30 20.30 20.30 20.30 20.30 20.30 20.43 20.43 21.23 21.23 21.30 21.30 99999.90 99999.90 99999.90 99999.90 99999.90 99999.90 99999.90 99999.90 99999.90 99999.90 99999.90 99999.90 99999.90 99999.90 99999.90 99999.90 99999.90 99999.90
20.44 19.94 19.79 19.96 20.14 20.16 19.89 19.78 19.78 19.56 19.99 20.31 20.55 19.83 19.00 19.60 19.70 20.20 19.99 19.89 20.02 19.21 19.05 19.77 19.76 19.80 19.96 20.34 20.43 20.14 20.19 20.40 20.00 19.01 18.31 19.11 19.24 19.53 19.39 19.39 20.77 20.77 20.77 20.49 20.49 20.49 20.30 20.30 20.30 20.30 20.30 20.30 20.43 20.43 21.23 21.23 21.30 21.30 21.30 99999.90 99999.90 99999.90 99999.90 99999.90 99999.90 99999.90 99999.90 99999.90 99999.90 99999.90 99999.90 99999.90 99999.90 99999.90 99999.90 99999.90 99999.90
20.41 20.18 19.83 20.12 20.07 20.01 20.17 19.90 20.11 20.01 20.07 20.61 20.86 19.95 19.29 19.33 20.15 19.48 19.47 19.35 20.60 19.65 18.89 19.23 20.04 19.98 20.06 19.97 19.62 20.23 20.37 20.49 19.97 19.95 20.10 20.37 19.80 19.28 20.05 19.21 20.77 20.77 20.49 20.49 20.49 20.30 20.30 20.30 20.30 20.30 20.30 20.43 20.43 21.23 21.23 21.30 21.30 21.30 21.30 99999.90 99999.90 99999.90 99999.90 99999.90 99999.90 99999.90 99999.90 99999.90 99999.90 99999.90 99999.90 99999.90 99999.90 99999.90 99999.90 99999.90 99999.90
20.07 20.16 19.78 19.82 20.11 20.16 20.41 20.28 20.17 20.47 20.33 20.66 20.88 20.68 20.29 19.83 19.92 19.25 18.92 19.91 19.98 19.66 18.97 19.47 19.70 20.03 19.71 19.59 19.19 19.74 20.07 20.86 20.91 20.59 20.45 20.00 20.08 19.89 20.65 21.20 20.89 20.49 20.49 20.49 20.30 20.30 20.30 20.30 20.30 20.30 20.43 20.43 21.23 21.23 21.30 21.30 21.30 21.30 21.30 99999.90 99999.90 99999.90 99999.90 99999.90 99999.90 99999.90 99999.90 99999.90 99999.90 99999.90 99999.90 99999.90 99999.90 99999.90 99999.90 99999.90 99999.90
19.59 20.03 20.16 20.19 20.19 20.14 20.27 20.41 20.40 20.37 20.50 20.73 20.89 20.83 20.49 20.50 20.12 19.78 19.52 19.38 19.43 19.77 19.40 19.11 19.55 19.24 19.24 19.02 19.48 19.69 19.65 20.42 20.86 21.33 20.60 20.22 20.13 20.64 20.23 20.93 19.81 20.44 20.44 20.30 20.92 20.30 20.30 20.30 20.30 20.43 20.43 21.23 21.23 21.30 21.30 21.30 21.30 21.30 21.30 99999.90 99999.90 99999.90 99999.90 99999.90 99999.90 99999.90 99999.90 99999.90 99999.90 99999.90 99999.90 99999.90 99999.90 99999.90 99999.90 99999.90 99999.90
19.80 20.23 20.61 20.28 20.16 20.26 20.08 20.17 20.25 20.42 20.51 20.63 20.84 20.86 20.85 20.38 20.45 20.19 19.95 19.68 19.70 19.35 19.25 19.40 18.80 18.88 19.19 19.19 18.75 18.99 19.51 20.24 20.58 20.82 20.99 20.62 20.07 20.35 20.55 20.68 20.41 20.64 20.30 20.30 20.92 20.30 20.30 20.30 20.43 20.43 21.23 21.23 21.30 21.30 21.30 21.30 21.30 21.30 21.30 99999.90 99999.90 99999.90 99999.90 99999.90 99999.90 99999.90 99999.90 99999.90 99999.90 99999.90 99999.90 99999.90 99999.90 99999.90 99999.90 99999.90 99999.90
20.17 20.40 20.48 20.55 20.49 20.43 20.11 20.36 20.11 20.19 20.43 20.35 20.34 20.24 20.47 20.11 20.28 20.30 19.90 19.91 20.12 19.80 19.32 19.69 19.27 18.78 18.65 18.83 18.91 18.45 19.56 20.20 20.46 20.54 20.75 20.50 20.26 20.03 20.49 19.70 19.51 20.42 20.81 19.93 20.92 20.30 20.30 20.43 20.43 21.23 21.23 21.30 21.30 21.30 21.30 21.30 21.30 21.30 21.30 99999.90 99999.90 99999.90 99999.90 99999.90 99999.90 99999.90 99999.90 99999.90 99999.90 99999.90 99999.90 99999.90 99999.90 99999.90 99999.90 99999.90 99999.90
20.36 20.47 20.69 20.60 20.49 20.61 20.39 20.27 19.88 19.74 20.07 20.06 19.86 19.79 20.13 19.94 19.98 20.32 20.01 19.82 19.94 19.59 19.66 19.87 19.96 19.01 18.99 18.89 19.24 19.05 19.37 19.71 19.17 19.14 19.68 19.80 20.19 19.98 20.03 19.79 19.96 20.26 20.96 20.60 20.79 21.35 20.43 20.43 21.23 21.23 21.30 21.30 21.30 21.30 21.30 21.30 21.30 21.30 21.30 99999.90 99999.90 99999.90 99999.90 99999.90 99999.90 99999.90 99999.90 99999.90 99999.90 99999.90 99999.90 99999.90 99999.90 99999.90 99999.90 99999.90 99999.90
20.43 20.48 20.57 20.63 20.58 20.73 20.54 20.41 20.30 19.92 20.08 19.99 19.52 19.85 20.20 20.04 19.85 19.85 19.85 19.86 20.03 19.65 19.46 19.79 20.49 19.66 19.18 19.24 19.34 19.49 19.42 19.40 18.92 19.03 19.18 19.40 19.47 19.87 19.94 20.47 20.61 20.26 20.90 20.88 20.74 21.02 21.31 21.23 21.23 21.30 21.30 21.30 21.30 21.30 21.30 21.30 21.30 21.30 21.30 99999.90 99999.90 99999.90 99999.90 99999.90 99999.90 99999.90 99999.90 99999.90 99999.90 99999.90 99999.90 99999.90 99999.90 99999.90 99999.90 99999.90 99999.90
20.56 20.49 20.41 20.68 20.57 20.51 20.73 20.51 20.40 20.11 20.13 20.30 20.20 20.06 20.05 19.80 19.69 19.59 20.07 20.27 19.93 19.85 19.52 19.59 20.05 20.19 19.66 19.22 19.37 19.88 19.96 19.91 19.99 19.70 20.10 20.03 19.78 19.58 19.15 19.39 20.37 20.54 20.98 21.10 20.88 20.66 20.79 20.91 21.30 21.30 21.30 21.30 21.30 21.30 21.30 21.30 21.30 21.30 21.30 99999.90 99999.90 99999.90 99999.90 99999.90 99999.90 99999.90 99999.90 99999.90 99999.90 99999.90 99999.90 99999.90 99999.90 99999.90 99999.90 99999.90 99999.90
20.35 20.51 20.58 20.46 20.69 20.42 20.69 20.60 20.55 20.50 20.43 20.17 20.42 20.38 20.22 20.16 19.96 20.17 20.34 20.51 19.74 19.91 19.71 19.97 19.55 19.39 19.78 19.61 19.34 20.04 20.13 20.10 20.03 19.81 19.89 20.20 20.14 20.18 19.86 19.67 19.87 20.52 21.01 21.10 21.10 21.33 21.15 21.27 21.16 21.16 21.16 21.16 21.16 21.16 21.16 21.16 21.16 21.16 21.16 99999.90 99999.90 99999.90 99999.90 99999.90 99999.90 99999.90 99999.90 99999.90 99999.90 99999.90 99999.90 99999.90 99999.90 99999.90 99999.90 99999.90 99999.90
19.59 20.02 19.95 19.81 20.53 20.51 20.47 20.59 20.78 20.60 20.58 20.58 20.64 20.57 20.54 20.42 20.16 20.34 20.24 20.45 20.38 20.08 19.95 19.80 19.46 19.00 19.20 19.72 19.86 19.91 20.22 20.29 20.38 20.53 20.35 19.58 19.72 20.09 20.40 20.28 20.71 20.76 21.29 21.15 20.69 20.61 21.18 21.29 21.16 21.16 21.16 21.16 21.16 21.16 21.16 21.16 21.16 21.16 21.16 99999.90 99999.90 99999.90 99999.90 99999.90 99999.90 99999.90 99999.90 99999.90 99999.90 99999.90 99999.90 99999.90 99999.90 99999.90 99999.90 99999.90 99999.90
