files/bom_datasets/05.07.18.txt
ncols 839
nrows 679
xllcenter 112.0500
yllcenter -43.9500
cellsize 0.0500
nodata_value 99999.90
[rows 272 to 305 of 679, columns 0 to 76 of 839]
99999.90 99999.90 99999.90 99999.90 99999.90 99999.90 99999.90 99999.90 99999.90 99999.90 99999.90 99999.90 99999.90 99999.90 99999.90 99999.90 99999.90 99999.90 17.82 17.93 17.93 17.93 17.95 17.95 17.95 17.95 17.95 17.86 17.86 17.86 17.86 17.97 17.97 17.96 17.98 17.98 17.90 17.84 18.04 17.98 17.96 17.95 17.93 17.88 17.94 18.00 18.01 17.98 17.97 17.95 17.94 17.91 17.92 17.98 17.90 17.86 17.86 17.89 17.87 17.91 17.99 17.96 17.93 17.94 17.95 17.95 17.95 17.94 18.00 17.92 17.86 17.94 17.97 17.99 17.99 17.99 18.02
99999.90 99999.90 99999.90 99999.90 99999.90 99999.90 99999.90 99999.90 99999.90 99999.90 99999.90 99999.90 99999.90 99999.90 99999.90 99999.90 99999.90 99999.90 17.82 17.93 17.93 17.93 17.93 17.93 17.95 17.95 17.95 17.95 17.95 17.86 17.86 17.86 17.97 17.92 17.94 18.05 17.89 17.75 17.95 17.96 17.99 17.93 17.91 17.93 17.89 17.96 17.94 17.92 17.96 18.02 18.02 18.05 17.95 17.92 17.91 17.89 17.85 17.84 17.84 17.84 17.86 17.96 17.90 17.93 17.93 17.96 17.99 18.00 17.99 17.95 17.93 17.93 17.95 17.97 17.95 17.98 18.00
99999.90 99999.90 99999.90 99999.90 99999.90 99999.90 99999.90 99999.90 99999.90 99999.90 99999.90 99999.90 99999.90 99999.90 99999.90 99999.90 99999.90 17.67 17.82 17.93 17.93 17.93 17.93 17.93 17.93 17.93 17.95 17.95 17.95 17.95 17.95 17.95 17.91 17.89 17.93 17.83 17.98 17.97 17.94 17.95 17.99 17.96 17.92 17.95 17.95 17.98 17.96 17.99 18.00 17.99 18.00 18.01 17.98 17.83 17.91 17.87 17.82 17.95 17.91 17.88 17.86 17.95 17.91 17.95 17.96 17.98 17.98 17.92 17.91 17.96 17.95 17.95 17.96 17.97 17.96 17.97 17.98
99999.90 99999.90 99999.90 99999.90 99999.90 99999.90 99999.90 99999.90 99999.90 99999.90 99999.90 99999.90 99999.90 99999.90 99999.90 99999.90 99999.90 17.67 17.82 17.93 17.93 17.93 17.93 17.93 17.93 17.93 17.93 17.93 17.95 17.95 17.95 17.97 17.93 17.91 18.07 17.93 17.95 17.90 17.94 17.97 17.96 17.97 17.97 17.93 17.89 17.93 17.94 17.95 18.05 18.02 17.97 17.97 17.96 17.84 17.78 17.74 17.76 17.91 17.93 17.89 17.86 17.91 17.87 17.93 17.93 17.97 17.92 17.90 17.91 17.90 17.91 17.96 17.96 17.94 17.96 17.96 17.95
99999.90 99999.90 99999.90 99999.90 99999.90 99999.90 99999.90 99999.90 99999.90 99999.90 99999.90 99999.90 99999.90 99999.90 99999.90 99999.90 99999.90 17.67 17.82 17.82 17.82 17.93 17.93 17.93 17.93 17.93 17.93 17.93 17.93 17.97 17.97 17.95 17.95 18.10 18.01 17.93 17.94 17.95 17.91 17.93 17.95 17.95 17.92 17.90 17.87 17.89 17.89 17.95 17.96 18.00 17.96 17.94 17.94 17.92 17.75 17.79 17.80 17.87 17.90 17.84 17.80 17.86 17.87 17.90 17.91 17.89 17.90 17.93 17.88 17.90 17.93 17.96 17.94 17.92 17.92 17.94 17.94
99999.90 99999.90 99999.90 99999.90 99999.90 99999.90 99999.90 99999.90 99999.90 99999.90 99999.90 99999.90 99999.90 99999.90 99999.90 99999.90 99999.90 17.67 17.82 17.82 17.82 17.82 17.82 17.82 17.93 17.93 17.93 17.93 17.93 17.93 17.95 17.94 18.00 18.09 18.02 18.00 17.94 17.95 17.93 17.90 17.90 17.88 17.88 17.87 17.83 17.87 17.94 17.96 17.95 17.94 17.91 17.90 17.91 17.83 17.81 17.77 17.89 17.87 17.87 17.86 17.85 17.86 17.88 17.84 17.85 17.86 17.87 17.86 17.86 17.87 17.92 17.93 17.89 17.89 17.88 17.89 17.90
99999.90 99999.90 99999.90 99999.90 99999.90 99999.90 99999.90 99999.90 99999.90 99999.90 99999.90 99999.90 99999.90 99999.90 99999.90 99999.90 99999.90 17.67 17.82 17.82 17.82 17.82 17.82 17.82 17.82 17.82 17.82 17.99 17.99 17.99 17.97 18.04 18.02 17.98 17.96 18.02 17.95 17.90 17.91 17.83 17.88 17.88 17.82 17.86 17.83 17.88 17.91 18.00 17.92 17.89 17.87 17.84 17.84 17.84 17.89 17.87 17.86 17.77 17.84 17.85 17.86 17.86 17.85 17.84 17.83 17.81 17.86 17.87 17.89 17.84 17.86 17.85 17.87 17.83 17.83 17.84 17.86
99999.90 99999.90 99999.90 99999.90 99999.90 99999.90 99999.90 99999.90 99999.90 99999.90 99999.90 99999.90 99999.90 99999.90 99999.90 99999.90 99999.90 17.67 17.82 17.82 17.82 17.82 17.82 17.82 17.82 17.82 17.82 17.82 17.92 17.92 17.97 17.94 17.97 17.98 17.90 17.83 17.90 17.45 17.87 17.85 17.86 17.83 17.84 17.86 17.85 17.85 17.88 17.82 17.87 17.83 17.84 17.81 17.79 17.83 17.81 17.80 17.89 17.83 17.79 17.85 17.86 17.85 17.86 17.85 17.85 17.84 17.85 17.87 17.86 17.83 17.85 17.81 17.79 17.82 17.84 17.83 17.83
99999.90 99999.90 99999.90 99999.90 99999.90 99999.90 99999.90 99999.90 99999.90 99999.90 99999.90 99999.90 99999.90 99999.90 99999.90 99999.90 99999.90 17.67 17.67 17.67 17.82 17.82 17.82 17.82 17.82 17.82 17.82 17.82 17.82 17.81 17.88 17.87 18.00 17.98 18.10 17.98 17.71 17.74 17.69 17.81 17.83 17.81 17.81 17.82 17.83 17.82 17.85 17.82 17.91 17.83 17.87 17.83 17.80 17.75 17.84 17.81 17.78 17.81 17.84 17.81 17.83 17.81 17.82 17.81 17.83 17.82 17.84 17.85 17.84 17.81 17.80 17.77 17.78 17.71 17.80 17.79 17.82
99999.90 99999.90 99999.90 99999.90 99999.90 99999.90 99999.90 99999.90 99999.90 99999.90 99999.90 99999.90 99999.90 99999.90 99999.90 99999.90 99999.90 17.67 17.67 17.67 17.67 17.67 17.67 17.83 17.83 17.83 17.83 17.83 17.83 17.79 17.96 18.17 17.75 18.00 17.96 17.79 17.75 17.78 17.76 17.79 17.80 17.75 17.77 17.75 17.74 17.74 17.77 17.78 17.77 17.84 17.80 17.80 17.76 17.75 17.84 17.84 17.78 17.76 17.81 17.78 17.82 17.76 17.78 17.82 17.82 17.82 17.82 17.80 17.81 17.79 17.75 17.71 17.77 17.76 17.77 17.78 17.74
99999.90 99999.90 99999.90 99999.90 99999.90 99999.90 99999.90 99999.90 99999.90 99999.90 99999.90 99999.90 99999.90 99999.90 99999.90 99999.90 99999.90 17.67 17.67 17.67 17.67 17.67 17.67 17.67 17.67 17.67 17.71 17.71 17.71 17.82 17.85 18.03 17.65 17.49 17.77 17.84 17.68 17.81 17.79 17.77 17.76 17.67 17.72 17.71 17.72 17.73 17.75 17.72 17.79 17.74 17.73 17.72 17.72 17.69 17.79 17.78 17.77 17.78 17.74 17.68 17.72 17.77 17.74 17.81 17.78 17.75 17.80 17.78 17.74 17.76 17.74 17.74 17.79 17.77 17.76 17.76 17.74
99999.90 99999.90 99999.90 99999.90 99999.90 99999.90 99999.90 99999.90 99999.90 99999.90 99999.90 99999.90 99999.90 99999.90 99999.90 99999.90 99999.90 17.67 17.67 17.67 17.67 17.67 17.67 17.67 17.67 17.67 17.67 17.74 17.74 17.75 17.57 17.37 17.33 17.45 17.70 17.86 17.78 17.79 17.78 17.77 17.72 17.67 17.70 17.70 17.72 17.73 17.75 17.73 17.69 17.69 17.73 17.70 17.68 17.80 17.81 17.76 17.75 17.81 17.76 17.75 17.82 17.77 17.74 17.80 17.77 17.77 17.76 17.77 17.76 17.74 17.73 17.73 17.71 17.68 17.65 17.77 17.70
99999.90 99999.90 99999.90 99999.90 99999.90 99999.90 99999.90 99999.90 99999.90 99999.90 99999.90 99999.90 99999.90 99999.90 99999.90 99999.90 99999.90 17.67 17.67 17.67 17.67 17.67 17.67 17.67 17.67 17.67 17.67 17.67 17.80 17.78 17.76 17.43 17.42 17.71 17.75 17.81 17.67 17.71 17.73 17.72 17.73 17.74 17.71 17.73 17.71 17.72 17.73 17.73 17.69 17.70 17.68 17.73 17.76 17.80 17.85 17.75 17.73 17.78 17.75 17.70 17.72 17.70 17.71 17.75 17.81 17.78 17.77 17.76 17.75 17.74 17.69 17.71 17.73 17.68 17.47 17.48 17.44
99999.90 99999.90 99999.90 99999.90 99999.90 99999.90 99999.90 99999.90 99999.90 99999.90 99999.90 99999.90 99999.90 99999.90 99999.90 99999.90 99999.90 17.57 17.57 17.57 17.57 17.57 17.57 17.57 17.57 17.57 17.57 17.57 17.78 17.80 17.42 17.26 17.20 17.73 17.76 17.67 17.70 17.70 17.70 17.72 17.75 17.73 17.72 17.70 17.64 17.66 17.70 17.70 17.72 17.72 17.68 17.68 17.71 17.78 17.80 17.67 17.71 17.74 17.69 17.62 17.67 17.69 17.68 17.75 17.76 17.75 17.73 17.75 17.72 17.69 17.72 17.69 17.65 17.70 17.63 17.53 17.51
99999.90 99999.90 99999.90 99999.90 99999.90 99999.90 99999.90 99999.90 99999.90 99999.90 99999.90 99999.90 99999.90 99999.90 99999.90 99999.90 99999.90 17.57 17.57 17.57 17.57 17.57 17.57 17.57 17.57 17.57 17.57 17.57 17.79 17.74 17.53 17.66 17.67 17.63 17.66 17.66 17.72 17.73 17.72 17.74 17.72 17.71 17.70 17.65 17.63 17.65 17.63 17.64 17.63 17.66 17.66 17.63 17.70 17.70 17.71 17.64 17.63 17.67 17.68 17.59 17.64 17.63 17.64 17.71 17.69 17.72 17.72 17.67 17.69 17.69 17.67 17.66 17.65 17.64 17.62 17.58 17.52
99999.90 99999.90 99999.90 99999.90 99999.90 99999.90 99999.90 99999.90 99999.90 99999.90 99999.90 99999.90 99999.90 99999.90 99999.90 99999.90 99999.90 17.57 17.57 17.57 17.57 17.57 17.57 17.57 17.57 17.57 17.75 17.75 17.75 17.77 17.66 17.69 17.79 17.68 17.65 17.66 17.73 17.71 17.69 17.72 17.74 17.72 17.70 17.66 17.60 17.57 17.58 17.62 17.61 17.58 17.65 17.62 17.60 17.63 17.63 17.64 17.54 17.62 17.57 17.64 17.59 17.61 17.64 17.66 17.68 17.69 17.68 17.68 17.65 17.66 17.62 17.63 17.63 17.66 17.66 17.60 17.55
99999.90 99999.90 99999.90 99999.90 99999.90 99999.90 99999.90 99999.90 99999.90 99999.90 99999.90 99999.90 99999.90 99999.90 99999.90 99999.90 99999.90 17.57 17.57 17.57 17.57 17.57 17.57 17.57 17.72 17.72 17.72 17.72 17.72 17.69 17.98 17.71 17.72 17.66 17.61 17.67 17.70 17.68 17.68 17.68 17.68 17.64 17.64 17.60 17.61 17.59 17.60 17.54 17.59 17.58 17.58 17.60 17.59 17.61 17.59 17.60 17.61 17.57 17.58 17.53 17.52 17.60 17.65 17.60 17.63 17.65 17.63 17.62 17.64 17.60 17.62 17.63 17.64 17.66 17.61 17.61 17.62
99999.90 99999.90 99999.90 99999.90 99999.90 99999.90 99999.90 99999.90 99999.90 99999.90 99999.90 99999.90 99999.90 99999.90 99999.90 99999.90 99999.90 17.57 17.57 17.57 17.72 17.72 17.72 17.72 17.72 17.72 17.72 17.72 17.72 17.75 17.54 17.65 17.66 17.66 17.61 17.64 17.62 17.62 17.67 17.67 17.63 17.61 17.59 17.59 17.63 17.65 17.61 17.55 17.55 17.54 17.54 17.57 17.60 17.55 17.60 17.56 17.61 17.63 17.59 17.54 17.57 17.60 17.65 17.59 17.65 17.56 17.61 17.66 17.61 17.62 17.64 17.65 17.66 17.63 17.56 17.57 17.61
99999.90 99999.90 99999.90 99999.90 99999.90 99999.90 99999.90 99999.90 99999.90 99999.90 99999.90 99999.90 99999.90 99999.90 99999.90 99999.90 99999.90 17.57 17.72 17.72 17.72 17.72 17.72 17.72 17.72 17.72 17.72 17.72 17.72 17.71 17.64 17.67 17.65 17.65 17.67 17.65 17.61 17.66 17.66 17.64 17.63 17.61 17.59 17.58 17.63 17.63 17.60 17.59 17.56 17.53 17.53 17.57 17.56 17.54 17.48 17.45 17.64 17.59 17.55 17.60 17.53 17.54 17.54 17.62 17.62 17.62 17.64 17.62 17.65 17.61 17.63 17.65 17.61 17.57 17.52 17.56 17.57
99999.90 99999.90 99999.90 99999.90 99999.90 99999.90 99999.90 99999.90 99999.90 99999.90 99999.90 99999.90 99999.90 99999.90 99999.90 99999.90 99999.90 17.57 17.72 17.72 17.72 17.72 17.72 17.72 17.72 17.72 17.72 17.72 17.71 17.71 17.57 17.69 17.67 17.62 17.71 17.66 17.61 17.63 17.65 17.64 17.62 17.59 17.57 17.52 17.56 17.60 17.60 17.60 17.57 17.55 17.53 17.52 17.50 17.50 17.52 17.52 17.65 17.64 17.59 17.56 17.58 17.56 17.51 17.57 17.59 17.59 17.62 17.61 17.56 17.57 17.62 17.61 17.62 17.54 17.48 17.52 17.51
99999.90 99999.90 99999.90 99999.90 99999.90 99999.90 99999.90 99999.90 99999.90 99999.90 99999.90 99999.90 99999.90 99999.90 99999.90 99999.90 99999.90 17.57 17.72 17.72 17.72 17.72 17.72 17.72 17.72 17.72 17.72 17.71 17.71 17.57 17.57 17.64 17.67 17.65 17.64 17.61 17.60 17.60 17.61 17.59 17.57 17.56 17.56 17.49 17.51 17.56 17.57 17.55 17.55 17.48 17.52 17.53 17.47 17.48 17.47 17.50 17.61 17.61 17.58 17.53 17.59 17.53 17.48 17.54 17.55 17.56 17.58 17.58 17.54 17.54 17.60 17.63 17.62 17.54 17.48 17.52 17.33
99999.90 99999.90 99999.90 99999.90 99999.90 99999.90 99999.90 99999.90 99999.90 99999.90 99999.90 99999.90 99999.90 99999.90 99999.90 99999.90 99999.90 17.57 17.72 17.72 17.72 17.72 17.72 17.72 17.72 17.72 17.71 17.71 17.57 17.51 17.51 17.51 17.65 17.60 17.63 17.56 17.58 17.64 17.60 17.61 17.57 17.53 17.54 17.50 17.53 17.54 17.52 17.56 17.51 17.51 17.48 17.50 17.46 17.45 17.48 17.50 17.51 17.54 17.51 17.50 17.54 17.49 17.49 17.55 17.54 17.52 17.54 17.53 17.53 17.51 17.56 17.58 17.57 17.49 17.47 17.44 17.22
99999.90 99999.90 99999.90 99999.90 99999.90 99999.90 99999.90 99999.90 99999.90 99999.90 99999.90 99999.90 99999.90 99999.90 99999.90 99999.90 99999.90 17.57 17.72 17.72 17.72 17.72 17.72 17.72 17.72 17.71 17.71 17.51 17.51 17.51 17.51 17.51 17.51 17.57 17.49 17.49 17.59 17.59 17.59 17.53 17.51 17.50 17.47 17.46 17.51 17.53 17.47 17.52 17.52 17.46 17.43 17.45 17.40 17.47 17.47 17.53 17.50 17.52 17.49 17.51 17.50 17.51 17.52 17.51 17.53 17.52 17.55 17.56 17.56 17.56 17.52 17.50 17.42 17.39 17.47 17.41 17.28
99999.90 99999.90 99999.90 99999.90 99999.90 99999.90 99999.90 99999.90 99999.90 99999.90 99999.90 99999.90 99999.90 99999.90 99999.90 99999.90 99999.90 17.57 17.72 17.72 17.72 17.72 17.72 17.72 17.71 17.51 17.51 17.51 17.51 17.51 17.49 17.49 17.49 17.51 17.47 17.50 17.54 17.52 17.50 17.57 17.58 17.48 17.49 17.48 17.52 17.50 17.42 17.40 17.47 17.46 17.44 17.44 17.42 17.45 17.45 17.49 17.46 17.46 17.48 17.46 17.49 17.52 17.51 17.46 17.53 17.47 17.54 17.58 17.53 17.46 17.51 17.49 17.47 17.45 17.53 17.46 17.35
99999.90 99999.90 99999.90 99999.90 99999.90 99999.90 99999.90 99999.90 99999.90 99999.90 99999.90 99999.90 99999.90 99999.90 99999.90 99999.90 99999.90 99999.90 17.72 17.72 17.72 17.72 17.72 17.71 17.51 17.51 17.51 17.51 17.49 17.49 17.49 17.49 17.49 17.49 17.47 17.53 17.57 17.58 17.56 17.56 17.50 17.47 17.47 17.43 17.44 17.42 17.41 17.41 17.41 17.41 17.44 17.43 17.44 17.41 17.38 17.38 17.38 17.37 17.44 17.48 17.47 17.50 17.46 17.46 17.52 17.50 17.52 17.54 17.51 17.49 17.44 17.46 17.53 17.51 17.55 17.53 17.45
99999.90 99999.90 99999.90 99999.90 99999.90 99999.90 99999.90 99999.90 99999.90 99999.90 99999.90 99999.90 99999.90 99999.90 99999.90 99999.90 99999.90 99999.90 17.72 17.72 17.72 17.72 17.51 17.51 17.51 17.49 17.49 17.49 17.49 17.49 17.49 17.49 17.49 17.51 17.50 17.55 17.59 17.58 17.51 17.48 17.44 17.48 17.46 17.39 17.35 17.38 17.38 17.39 17.42 17.44 17.44 17.40 17.42 17.38 17.41 17.37 17.37 17.36 17.44 17.46 17.47 17.46 17.42 17.42 17.49 17.45 17.50 17.51 17.51 17.52 17.44 17.45 17.51 17.52 17.43 17.41 17.34
99999.90 99999.90 99999.90 99999.90 99999.90 99999.90 99999.90 99999.90 99999.90 99999.90 99999.90 99999.90 99999.90 99999.90 99999.90 99999.90 99999.90 99999.90 17.72 17.72 17.72 17.51 17.49 17.49 17.49 17.49 17.49 17.49 17.49 17.49 17.49 17.43 17.43 17.43 17.51 17.52 17.48 17.48 17.46 17.45 17.41 17.41 17.40 17.40 17.40 17.42 17.36 17.34 17.38 17.39 17.37 17.39 17.41 17.39 17.41 17.39 17.39 17.40 17.44 17.47 17.46 17.41 17.41 17.46 17.44 17.47 17.48 17.49 17.46 17.49 17.37 17.40 17.39 17.37 17.33 17.31 17.26
99999.90 99999.90 99999.90 99999.90 99999.90 99999.90 99999.90 99999.90 99999.90 99999.90 99999.90 99999.90 99999.90 99999.90 99999.90 99999.90 99999.90 99999.90 17.72 17.72 17.71 17.51 17.49 17.49 17.49 17.49 17.49 17.49 17.49 17.51 17.51 17.51 17.51 17.51 17.48 17.50 17.43 17.44 17.40 17.41 17.39 17.38 17.37 17.37 17.38 17.40 17.34 17.31 17.31 17.33 17.36 17.37 17.38 17.34 17.36 17.36 17.39 17.38 17.41 17.46 17.44 17.47 17.48 17.47 17.41 17.41 17.41 17.41 17.42 17.45 17.41 17.40 17.38 17.30 17.33 17.28 17.10
99999.90 99999.90 99999.90 99999.90 99999.90 99999.90 99999.90 99999.90 17.19 17.19 17.19 17.19 17.19 17.19 17.19 17.19 17.19 17.19 17.19 17.19 17.19 17.19 17.49 17.49 17.49 17.45 17.45 17.45 17.45 17.45 17.45 17.45 17.45 17.45 17.46 17.44 17.42 17.43 17.42 17.40 17.37 17.37 17.36 17.39 17.37 17.35 17.33 17.30 17.32 17.30 17.34 17.34 17.32 17.33 17.36 17.33 17.29 17.34 17.37 17.39 17.37 17.34 17.40 17.36 17.37 17.33 17.33 17.34 17.38 17.41 17.31 17.28 17.18 17.34 17.35 17.33 17.19
99999.90 99999.90 99999.90 99999.90 99999.90 99999.90 99999.90 99999.90 17.19 17.19 17.19 17.19 17.19 17.19 17.19 17.19 17.19 17.19 17.19 17.19 17.19 17.19 17.19 17.15 17.15 17.15 17.15 17.15 17.15 17.15 17.15 17.15 17.15 17.15 17.42 17.42 17.42 17.41 17.42 17.39 17.37 17.36 17.33 17.33 17.32 17.34 17.32 17.29 17.28 17.30 17.31 17.28 17.24 17.31 17.32 17.31 17.35 17.32 17.38 17.31 17.43 17.42 17.37 17.37 17.34 17.33 17.37 17.40 17.30 17.34 17.26 17.24 17.33 17.24 17.23 17.00 17.08
99999.90 99999.90 99999.90 99999.90 99999.90 99999.90 99999.90 99999.90 17.19 17.19 17.19 17.19 17.19 17.19 17.19 17.19 17.19 17.19 17.19 17.19 17.19 17.19 17.19 17.19 17.15 17.15 17.15 17.15 17.15 17.15 17.15 17.15 17.15 17.15 17.42 17.33 17.39 17.36 17.35 17.33 17.34 17.33 17.32 17.31 17.31 17.28 17.30 17.33 17.27 17.26 17.26 17.23 17.21 17.30 17.28 17.24 17.32 17.26 17.35 17.38 17.32 17.36 17.31 17.28 17.31 17.25 17.34 17.43 17.31 17.32 17.26 17.23 17.24 17.29 17.08 17.11 17.16
99999.90 99999.90 99999.90 99999.90 99999.90 99999.90 99999.90 99999.90 17.19 17.19 17.19 17.19 17.19 17.19 17.19 17.19 17.19 17.19 17.19 17.19 17.19 17.19 17.19 17.19 17.00 17.15 17.15 17.15 17.15 17.15 17.15 17.15 17.15 17.15 17.33 17.33 17.30 17.32 17.32 17.31 17.32 17.33 17.33 17.31 17.30 17.26 17.26 17.28 17.22 17.26 17.25 17.21 17.18 17.23 17.24 17.21 17.25 17.24 17.28 17.36 17.35 17.34 17.30 17.32 17.29 17.32 17.30 17.35 17.30 17.26 17.30 17.23 17.26 17.13 17.02 17.18 17.28
99999.90 99999.90 99999.90 99999.90 99999.90 99999.90 99999.90 99999.90 17.19 17.19 17.19 17.19 17.19 17.19 17.19 17.19 17.19 17.19 17.19 17.19 17.19 17.19 17.19 17.19 17.00 17.00 17.00 17.15 17.15 17.15 17.15 17.15 17.15 17.33 17.20 17.20 17.20 17.31 17.31 17.31 17.30 17.31 17.30 17.27 17.27 17.27 17.26 17.25 17.21 17.26 17.27 17.18 17.16 17.23 17.24 17.23 17.20 17.22 17.19 17.29 17.32 17.32 17.32 17.34 17.30 17.28 17.22 17.21 17.29 17.29 17.18 17.23 17.24 17.19 17.11 17.11 17.24
99999.90 99999.90 99999.90 99999.90 99999.90 99999.90 99999.90 99999.90 17.19 17.19 17.19 17.19 17.19 17.19 17.19 17.19 17.19 17.19 17.19 17.19 17.19 17.19 17.19 17.19 17.00 17.00 17.00 17.00 17.00 17.15 17.15 17.15 17.15 17.20 17.20 17.20 17.20 17.30 17.28 17.29 17.29 17.30 17.30 17.26 17.25 17.22 17.22 17.24 17.26 17.21 17.24 17.13 17.22 17.21 17.19 17.19 17.20 17.21 17.21 17.26 17.24 17.23 17.25 17.27 17.28 17.27 17.19 17.22 17.30 17.21 17.17 17.10 17.31 17.27 17.21 17.15 17.15
