files/bom_datasets/05.07.18.txt
ncols 839
nrows 679
xllcenter 112.0500
yllcenter -43.9500
cellsize 0.0500
nodata_value 99999.90
[rows 204 to 237 of 679, columns 154 to 230 of 839]
19.29 19.33 19.28 19.32 19.25 19.29 19.24 19.25 19.28 19.25 19.25 19.24 19.27 19.27 19.24 19.20 19.17 19.22 19.24 19.27 19.22 19.34 19.32 19.30 19.25 19.28 19.26 19.29 19.31 19.34 19.43 19.45 19.41 19.16 18.85 18.94 18.97 19.26 19.24 19.16 19.17 19.05 18.84 18.92 19.05 19.03 19.08 19.29 19.33 19.38 19.39 19.37 19.34 19.41 19.34 19.37 19.46 19.48 19.37 19.34 19.40 19.33 19.32 19.24 19.22 19.34 19.43 19.39 19.49 19.37 19.32 19.37 19.38 19.37 19.35 19.34 19.31
19.26 19.27 19.21 19.24 19.22 19.32 19.24 19.23 19.25 19.24 19.23 19.23 19.26 19.26 19.24 19.22 19.16 19.19 19.18 19.19 19.21 19.15 19.23 19.22 19.22 19.21 19.21 19.27 19.37 19.37 19.41 19.38 19.40 19.39 19.06 18.51 18.82 19.19 19.30 19.19 19.07 19.17 18.98 18.94 19.16 19.21 19.23 19.35 19.45 19.44 19.40 19.38 19.39 19.41 19.18 19.30 19.31 19.28 18.97 19.11 18.90 19.28 19.44 19.40 19.21 19.29 19.42 19.39 19.39 19.37 19.28 19.31 19.39 19.43 19.35 19.26 19.31
19.23 19.20 19.26 19.22 19.13 19.26 19.20 19.18 19.20 19.16 19.14 19.22 19.19 19.20 19.26 19.23 19.24 19.23 19.19 19.18 19.19 19.15 19.16 19.29 19.17 19.19 19.22 19.25 19.30 19.29 19.39 19.41 19.41 19.44 19.45 19.23 19.35 19.35 19.33 18.96 18.84 19.06 19.10 19.15 19.12 19.23 19.35 19.40 19.42 19.45 19.45 19.45 19.43 19.44 19.48 19.39 19.24 19.23 18.98 19.14 18.84 19.01 19.27 19.28 19.26 19.19 19.37 19.34 19.13 19.26 19.21 19.20 19.37 19.33 19.27 19.28 19.34
19.24 19.18 19.16 19.20 19.21 19.14 19.14 19.18 19.14 19.13 19.15 19.16 19.16 19.21 19.24 19.21 19.21 19.11 19.11 19.12 19.15 19.17 19.17 19.21 19.18 19.19 19.23 19.22 19.19 19.20 19.32 19.41 19.42 19.41 19.40 19.34 19.19 19.03 18.86 18.35 18.24 18.77 19.15 19.21 19.26 19.09 19.17 19.29 19.21 19.26 19.26 19.29 19.29 19.32 18.94 18.26 18.54 18.79 18.45 19.07 19.11 18.92 19.11 19.17 19.22 19.24 19.18 19.32 19.32 19.30 19.15 19.13 19.26 19.40 19.35 19.33 19.30
19.20 19.16 19.14 19.24 19.17 19.09 19.12 19.13 19.12 19.12 19.14 19.13 19.14 19.18 19.18 19.23 19.18 19.06 19.03 19.10 19.14 19.16 19.20 19.13 19.15 19.22 19.20 19.17 19.18 19.24 19.34 19.36 19.34 19.36 19.36 18.87 18.77 18.48 18.45 18.72 18.69 18.31 18.44 18.91 19.29 19.06 19.16 19.22 19.30 19.30 19.30 19.18 18.76 19.20 19.11 19.37 19.46 19.37 19.03 19.11 19.24 19.07 18.91 19.03 19.19 19.14 19.25 19.30 19.32 19.31 19.32 19.25 19.24 19.36 19.38 19.40 19.41
19.17 19.13 19.07 19.18 19.02 18.94 19.02 19.10 19.07 19.06 18.97 19.00 19.15 19.16 19.17 19.05 18.98 19.04 19.09 19.14 19.13 19.21 19.25 19.23 19.30 19.32 19.31 19.29 19.21 19.18 19.30 19.28 19.33 18.97 18.87 18.69 18.67 18.72 18.74 18.80 18.43 18.54 18.55 19.17 19.11 19.14 19.14 19.19 19.30 19.31 19.32 19.07 19.21 19.32 19.36 19.43 19.44 19.46 19.40 19.33 19.24 18.91 18.80 18.86 19.05 19.18 19.22 19.31 19.27 19.13 19.14 19.17 19.18 19.28 19.30 19.32 19.22
18.99 19.11 19.10 18.95 18.89 18.89 18.98 18.97 19.02 19.00 18.97 18.91 18.90 19.00 18.96 18.84 18.87 18.91 18.95 19.04 19.04 19.09 19.22 19.14 19.18 19.30 19.30 19.21 19.14 19.14 19.18 19.20 19.28 19.23 18.90 18.23 18.18 18.36 18.76 18.84 18.87 18.62 18.86 19.10 19.01 19.19 19.27 19.25 19.23 19.27 19.28 19.22 19.28 19.30 19.36 19.35 19.42 19.38 19.31 19.23 19.29 19.19 19.12 19.16 19.14 19.13 19.20 19.36 19.33 19.38 19.27 19.11 19.14 19.25 19.19 19.28 19.33
19.06 19.02 19.06 19.00 18.97 18.86 18.85 18.95 18.92 18.95 18.95 19.04 18.93 18.90 18.85 18.81 18.90 18.80 18.94 19.11 19.15 19.30 19.21 19.23 19.25 19.16 19.08 19.15 19.07 19.10 19.14 19.14 19.20 19.13 19.06 18.80 18.37 18.61 18.88 18.77 18.72 18.58 18.84 19.07 19.11 19.26 19.33 18.95 19.00 19.07 19.21 19.25 19.28 19.22 19.23 19.35 19.32 19.30 19.28 19.27 19.27 19.24 19.13 19.15 19.16 19.23 19.16 19.28 19.28 19.30 19.19 19.19 19.15 19.15 19.12 19.20 19.30
19.10 18.91 18.94 18.89 18.84 18.91 18.95 18.91 18.82 18.84 19.02 18.97 18.87 18.93 18.76 18.83 18.91 18.87 18.86 19.13 19.23 19.05 19.11 19.06 19.13 19.12 19.12 19.18 19.01 19.05 19.08 19.07 19.12 19.12 19.12 19.01 18.84 19.26 19.07 19.00 18.92 18.85 18.98 19.10 19.11 19.20 19.20 18.99 18.93 18.64 18.59 18.94 18.86 18.97 19.24 19.28 19.22 19.25 19.26 19.28 19.28 19.23 19.17 19.16 19.11 19.21 19.23 19.16 19.20 19.10 19.09 19.16 19.25 19.20 19.08 19.16 19.19
19.01 18.89 18.95 18.95 18.97 18.94 19.04 18.89 18.84 18.79 18.88 18.89 18.77 18.83 18.81 18.78 18.73 18.71 18.71 18.82 19.03 18.75 18.89 18.89 18.85 18.93 18.92 18.97 18.97 18.95 19.01 19.04 19.04 19.14 19.14 19.10 19.20 19.16 19.07 19.11 19.00 18.96 19.08 19.22 19.14 19.17 19.20 19.21 19.17 19.07 18.71 18.65 19.09 19.12 19.29 19.29 19.25 19.29 19.28 19.29 19.28 19.26 19.22 19.20 19.23 19.25 19.27 19.24 19.18 19.18 19.11 19.09 19.15 19.13 19.08 19.14 19.14
18.96 18.96 18.99 19.01 19.03 19.01 19.00 18.84 18.85 18.87 18.90 18.83 18.83 18.78 18.81 18.85 18.88 18.90 18.64 18.62 18.60 18.69 18.91 18.91 18.92 18.91 18.90 18.92 18.87 18.92 18.90 18.96 19.01 19.04 19.11 19.11 19.12 19.16 19.16 19.23 19.25 19.27 19.25 19.18 19.17 19.20 19.13 19.10 19.17 19.18 19.23 19.24 19.27 19.25 19.24 19.26 19.25 19.25 19.27 19.28 19.27 19.25 19.23 19.26 19.24 19.28 19.23 19.15 19.16 19.18 19.23 19.11 19.10 19.11 19.13 19.17 19.08
18.95 19.00 19.01 19.04 19.00 18.97 18.92 18.82 18.83 18.90 18.81 18.77 18.78 18.81 18.76 18.80 18.81 18.89 18.63 18.38 18.47 18.58 18.70 18.83 18.93 18.95 18.93 18.98 18.95 18.94 18.94 18.94 18.91 18.95 19.06 19.07 18.99 19.01 19.04 19.13 19.24 19.25 19.23 19.22 19.21 19.19 19.19 19.13 19.12 19.16 19.19 19.19 19.21 19.17 19.17 19.22 19.23 19.23 19.26 19.25 19.16 19.20 19.22 19.13 19.22 19.25 19.21 19.11 19.07 19.12 19.13 19.18 19.11 19.21 19.27 19.12 19.02
18.95 18.83 18.91 18.98 19.06 18.89 18.84 18.82 18.87 18.95 18.83 18.82 18.75 18.85 18.80 18.72 18.73 18.76 18.82 18.54 18.36 18.46 18.67 18.79 18.81 18.83 18.82 18.88 18.98 18.96 18.92 19.04 18.90 18.95 18.97 19.00 18.98 19.05 19.11 19.19 19.23 19.23 19.15 19.07 19.14 19.14 19.17 19.15 19.13 19.13 19.13 19.20 19.11 19.14 19.17 19.14 19.23 19.21 19.20 19.13 19.19 19.23 19.25 19.14 19.20 19.18 19.09 19.18 19.11 19.08 19.09 19.07 19.08 19.18 19.22 19.12 19.12
18.83 18.85 18.88 18.81 18.78 18.85 18.92 18.91 18.88 18.88 18.87 18.79 18.82 18.92 18.75 18.66 18.70 18.80 18.80 18.60 18.33 18.71 18.70 18.81 18.85 18.71 18.74 18.80 18.92 18.92 19.05 19.00 18.99 19.09 19.09 19.13 19.07 19.08 19.04 19.08 19.11 19.05 18.97 19.03 19.18 19.06 19.03 19.08 19.10 19.12 19.19 19.17 19.12 19.16 19.11 19.09 19.10 19.15 19.15 19.16 19.14 19.09 19.26 19.24 19.26 19.19 19.18 19.19 19.03 19.03 18.99 18.96 18.98 19.09 19.05 19.05 19.12
18.86 18.84 18.86 18.86 18.88 18.88 18.91 18.84 18.84 18.84 18.85 18.83 18.89 18.98 18.72 18.66 18.76 18.76 18.71 18.56 18.55 18.88 18.79 18.76 18.88 18.78 18.69 18.75 18.85 18.96 18.97 19.02 19.00 19.09 19.14 19.12 19.08 18.98 18.94 18.91 19.00 19.00 19.03 19.06 19.06 19.07 18.98 19.05 19.02 19.07 18.75 18.58 19.03 19.11 19.12 19.09 19.05 19.06 19.13 19.13 19.12 19.09 19.08 19.13 19.13 19.16 19.16 19.04 19.00 19.02 18.94 18.92 18.90 18.92 18.95 19.00 18.92
18.86 18.83 18.93 18.89 18.94 19.01 18.89 18.85 18.79 18.86 18.88 18.90 18.91 18.91 18.81 18.82 18.81 18.79 18.69 18.62 18.51 18.87 18.88 18.62 18.86 18.80 18.78 18.74 18.78 18.91 18.92 19.01 19.09 19.05 19.06 19.08 19.05 19.00 19.00 18.88 18.88 18.91 18.99 19.01 19.04 18.99 18.97 18.95 19.03 19.00 18.71 18.70 18.78 18.97 18.72 19.14 19.06 19.03 19.02 19.07 19.14 19.10 19.00 19.08 19.11 19.10 19.09 19.06 18.96 18.93 19.01 19.07 19.05 18.99 18.95 18.97 18.97
18.80 18.85 18.89 18.95 18.90 18.86 18.89 18.87 18.89 18.85 18.81 18.87 18.91 18.87 18.84 18.81 18.72 18.61 18.77 18.86 18.79 18.79 18.67 18.70 18.70 18.79 18.78 18.76 18.72 18.89 18.93 19.01 19.08 19.11 19.05 19.07 19.03 18.98 18.97 18.91 18.91 18.99 18.93 18.99 18.99 18.88 18.89 18.95 18.94 18.94 18.59 18.35 18.29 18.23 18.40 18.57 19.11 19.09 18.99 19.01 19.03 18.99 19.02 18.98 18.95 19.03 19.03 19.07 19.01 19.02 19.03 19.14 19.13 19.07 18.98 18.95 18.93
18.84 18.84 18.86 18.89 18.95 18.96 18.88 18.90 18.88 18.89 18.93 18.86 18.86 18.83 18.81 18.80 18.77 18.67 18.82 18.89 18.81 18.77 18.57 18.63 18.64 18.84 18.79 18.70 18.78 18.85 18.88 18.99 19.00 19.09 19.05 19.06 18.98 18.98 18.99 18.98 18.87 18.97 18.97 18.98 18.91 18.91 18.97 18.94 18.91 18.93 18.95 18.96 18.98 18.86 19.02 19.08 18.99 18.91 18.91 19.02 18.92 18.99 19.03 18.97 18.90 18.97 18.97 18.96 18.99 18.97 19.02 19.08 19.12 19.09 19.05 19.01 19.06
18.78 18.78 18.82 18.90 18.91 18.92 18.82 18.82 18.93 18.96 18.89 18.89 18.80 18.75 18.77 18.78 18.74 18.68 18.77 18.83 18.83 18.83 18.67 18.64 18.42 18.61 18.77 18.72 18.85 18.90 18.91 18.95 19.01 18.96 18.98 19.00 18.98 18.92 18.89 18.82 18.44 18.45 18.82 18.79 18.78 18.82 18.81 18.87 18.91 18.93 18.85 18.83 18.92 19.04 19.08 18.76 18.46 18.76 18.61 18.83 18.98 18.98 18.99 18.97 18.97 18.92 18.96 18.99 18.94 18.96 19.03 19.08 19.06 18.99 18.88 19.02 19.05
18.77 18.76 18.79 18.77 18.77 18.94 18.72 18.76 18.79 18.83 18.79 18.82 18.80 18.66 18.69 18.70 18.70 18.66 18.68 18.81 18.81 18.90 18.66 18.46 18.63 18.45 18.57 18.61 18.72 18.88 18.95 18.95 18.97 18.96 18.96 18.98 18.97 18.88 18.71 18.86 18.65 18.09 18.43 18.65 18.69 18.89 18.77 18.80 18.93 18.93 18.87 18.73 18.80 18.92 19.04 18.78 18.25 18.15 18.09 18.88 18.98 18.97 18.95 19.01 18.94 18.92 18.93 18.89 18.97 19.00 18.99 19.03 18.98 18.97 18.99 19.00 19.04
18.69 18.72 18.83 18.75 18.74 18.70 18.67 18.66 18.68 18.71 18.72 18.64 18.66 18.73 18.66 18.64 18.62 18.67 18.63 18.70 18.74 18.98 18.81 18.50 18.63 18.53 18.50 18.57 18.58 18.73 18.93 18.92 18.95 18.96 18.95 18.96 19.00 18.90 18.77 18.83 18.78 18.81 18.84 18.61 18.45 18.74 18.83 18.88 18.90 18.83 18.89 18.80 18.67 18.66 18.75 18.86 18.48 18.11 18.42 18.91 18.98 18.95 18.98 18.93 18.86 18.85 18.89 19.00 19.01 19.02 19.00 18.98 18.97 18.89 18.90 18.87 19.00
18.64 18.70 18.83 18.66 18.58 18.67 18.78 18.74 18.76 18.71 18.63 18.60 18.56 18.65 18.67 18.60 18.59 18.62 18.62 18.64 18.70 18.72 18.83 18.42 18.61 18.56 18.52 18.66 18.54 18.60 18.88 18.84 18.91 18.93 18.97 18.93 18.91 18.92 18.84 18.82 18.79 18.56 17.91 17.82 17.78 18.17 18.83 18.89 18.75 18.68 18.73 18.84 18.75 18.61 18.42 18.31 18.35 18.35 18.81 18.89 18.88 18.91 18.93 18.89 18.88 18.83 18.83 19.02 18.98 18.96 18.86 18.83 18.86 18.94 18.84 18.86 18.95
18.79 18.91 18.62 18.57 18.52 18.65 18.69 18.52 18.51 18.59 18.62 18.64 18.63 18.58 18.58 18.64 18.59 18.49 18.59 18.56 18.60 18.51 18.62 18.57 18.78 18.85 18.50 18.63 18.55 18.52 18.68 18.76 18.84 18.80 18.81 18.81 18.78 18.80 18.84 18.83 18.18 18.68 18.66 18.39 18.27 18.51 18.86 18.83 18.74 18.49 18.51 18.57 18.55 18.48 18.44 18.36 18.41 18.66 18.77 18.86 18.89 18.85 18.91 18.94 18.92 18.93 18.95 18.98 18.96 19.00 18.89 18.88 18.87 18.93 18.84 18.85 18.86
18.70 18.83 18.67 18.58 18.56 18.54 18.59 18.57 18.63 18.56 18.64 18.65 18.60 18.58 18.59 18.59 18.59 18.55 18.65 18.60 18.54 18.56 18.59 18.59 18.60 18.61 18.45 18.43 18.52 18.67 18.63 18.75 18.84 18.72 18.77 18.77 18.72 18.70 18.70 18.79 18.88 18.90 18.89 18.89 18.92 18.95 18.90 18.83 18.77 18.67 18.44 18.40 18.57 18.48 18.59 18.73 18.76 18.85 18.80 18.84 18.92 18.85 18.87 18.96 18.96 18.99 19.02 18.98 18.90 18.94 18.92 18.96 18.91 18.84 18.83 18.84 18.90
18.70 18.65 18.59 18.55 18.57 18.57 18.50 18.50 18.57 18.61 18.58 18.66 18.66 18.62 18.56 18.61 18.61 18.54 18.62 18.63 18.50 18.47 18.46 18.52 18.50 18.46 18.36 18.39 18.43 18.56 18.46 18.61 18.80 18.72 18.85 18.85 18.76 18.72 18.73 18.73 18.72 18.86 18.85 18.74 18.75 18.77 18.69 18.84 18.76 18.79 18.49 18.42 18.60 18.61 18.59 18.69 18.77 18.79 18.75 18.80 18.91 18.88 18.88 18.88 18.94 18.91 18.82 18.83 18.89 19.04 19.01 18.98 18.87 18.80 18.76 18.85 18.95
18.58 18.65 18.60 18.48 18.53 18.56 18.55 18.55 18.61 18.62 18.56 18.56 18.67 18.61 18.64 18.59 18.49 18.51 18.56 18.59 18.56 18.48 18.38 18.45 18.37 18.44 18.58 18.48 18.45 18.51 18.53 18.53 18.68 18.73 18.77 18.76 18.76 18.71 18.60 18.66 18.76 18.83 18.82 18.77 18.77 18.79 18.73 18.60 18.66 18.66 18.65 18.68 18.75 18.79 18.70 18.68 18.67 18.70 18.67 18.77 18.79 18.84 18.94 18.94 18.89 18.87 18.75 18.78 18.87 18.97 18.98 18.93 18.89 18.83 18.89 18.87 18.83
18.56 18.65 18.57 18.55 18.57 18.54 18.50 18.53 18.55 18.48 18.45 18.51 18.55 18.54 18.58 18.56 18.43 18.49 18.60 18.58 18.52 18.50 18.34 18.33 18.32 18.45 18.51 18.61 18.38 18.52 18.52 18.46 18.61 18.74 18.82 18.78 18.72 18.59 18.59 18.65 18.83 18.85 18.77 18.77 18.80 18.87 18.68 18.69 18.66 18.55 18.59 18.66 18.80 18.82 18.79 18.73 18.69 18.67 18.64 18.73 18.72 18.80 18.93 18.94 18.97 18.83 18.72 18.73 18.80 18.76 18.82 18.89 18.86 18.84 18.89 18.92 18.93
18.51 18.60 18.56 18.52 18.54 18.50 18.49 18.56 18.47 18.44 18.44 18.41 18.46 18.50 18.62 18.49 18.45 18.51 18.53 18.52 18.52 18.45 18.39 18.36 18.31 18.32 18.32 18.54 18.34 18.50 18.51 18.39 18.56 18.72 18.74 18.71 18.66 18.62 18.59 18.60 18.64 18.65 18.69 18.69 18.76 18.72 18.63 18.61 18.64 18.73 18.65 18.77 18.88 18.85 18.78 18.77 18.68 18.61 18.66 18.67 18.68 18.79 18.76 18.87 18.78 18.75 18.77 18.80 18.78 18.75 18.74 18.77 18.66 18.74 18.77 18.78 18.80
18.66 18.63 18.55 18.62 18.57 18.60 18.69 18.50 18.27 18.42 18.42 18.39 18.40 18.44 18.65 18.62 18.51 18.45 18.40 18.31 18.41 18.35 18.42 18.35 18.36 18.31 18.31 18.44 18.43 18.47 18.59 18.29 18.46 18.63 18.66 18.74 18.71 18.65 18.70 18.67 18.66 18.62 18.57 18.62 18.73 18.66 18.67 18.54 18.53 18.64 18.70 18.80 18.87 18.84 18.78 18.80 18.74 18.69 18.61 18.63 18.71 18.76 18.74 18.76 18.69 18.64 18.74 18.78 18.77 18.70 18.70 18.74 18.68 18.66 18.67 18.71 18.78
18.54 18.60 18.58 18.66 18.54 18.49 18.48 18.54 18.42 18.45 18.59 18.58 18.53 18.52 18.53 18.52 18.56 18.53 18.46 18.26 18.34 18.20 18.32 18.36 18.36 18.31 18.35 18.43 18.44 18.32 18.31 18.26 18.31 18.65 18.66 18.68 18.70 18.72 18.71 18.75 18.76 18.71 18.64 18.62 18.67 18.68 18.55 18.50 18.46 18.64 18.70 18.74 18.78 18.80 18.73 18.67 18.61 18.66 18.56 18.61 18.68 18.71 18.70 18.76 18.76 18.67 18.70 18.66 18.76 18.74 18.68 18.67 18.63 18.66 18.61 18.67 18.69
18.47 18.50 18.64 18.55 18.53 18.55 18.46 18.48 18.56 18.53 18.59 18.66 18.78 18.66 18.54 18.52 18.52 18.63 18.59 18.41 18.29 18.16 18.37 18.33 18.42 18.51 18.47 18.38 18.27 18.33 18.20 18.20 18.30 18.55 18.63 18.64 18.63 18.64 18.63 18.63 18.78 18.81 18.62 18.60 18.67 18.65 18.54 18.42 18.38 18.40 18.49 18.65 18.66 18.69 18.68 18.64 18.51 18.53 18.55 18.58 18.63 18.70 18.77 18.80 18.82 18.76 18.83 18.69 18.69 18.75 18.64 18.58 18.56 18.69 18.69 18.67 18.71
18.46 18.48 18.52 18.49 18.58 18.49 18.38 18.45 18.53 18.59 18.51 18.49 18.73 18.71 18.57 18.48 18.48 18.58 18.51 18.46 18.21 18.18 18.24 18.26 18.43 18.62 18.60 18.46 18.41 18.30 18.12 18.21 18.25 18.47 18.60 18.57 18.55 18.59 18.57 18.60 18.67 18.83 18.67 18.66 18.67 18.59 18.45 18.36 18.48 18.56 18.64 18.82 18.70 18.73 18.70 18.73 18.63 18.50 18.58 18.52 18.51 18.53 18.58 18.55 18.59 18.62 18.61 18.66 18.58 18.63 18.62 18.69 18.73 18.65 18.58 18.55 18.65
18.44 18.47 18.52 18.50 18.43 18.27 18.34 18.54 18.50 18.59 18.59 18.49 18.54 18.71 18.72 18.58 18.61 18.61 18.66 18.44 18.22 18.17 18.17 18.25 18.38 18.49 18.46 18.54 18.43 18.36 18.22 18.16 18.16 18.31 18.57 18.52 18.51 18.57 18.52 18.58 18.66 18.74 18.75 18.48 18.45 18.62 18.47 18.25 18.40 18.60 18.73 18.72 18.69 18.56 18.64 18.69 18.71 18.47 18.38 18.53 18.58 18.59 18.52 18.54 18.47 18.54 18.63 18.58 18.54 18.59 18.68 18.75 18.74 18.73 18.61 18.57 18.61
18.41 18.52 18.50 18.49 18.44 18.44 18.48 18.45 18.61 18.52 18.58 18.51 18.48 18.45 18.69 18.59 18.59 18.62 18.48 18.18 18.18 18.15 18.18 18.27 18.38 18.41 18.43 18.46 18.40 18.35 18.40 18.32 18.05 18.25 18.34 18.59 18.63 18.64 18.58 18.56 18.62 18.69 18.71 18.65 18.34 18.16 18.35 18.31 18.51 18.60 18.76 18.77 18.72 18.71 18.62 18.67 18.68 18.65 18.62 18.56 18.52 18.51 18.50 18.44 18.45 18.55 18.56 18.48 18.58 18.59 18.57 18.60 18.59 18.61 18.56 18.53 18.53
