files/bom_datasets/05.05.18.txt
ncols 839
nrows 679
xllcenter 112.0500
yllcenter -43.9500
cellsize 0.0500
nodata_value 99999.90
[rows 102 to 135 of 679, columns 308 to 384 of 839]
19.06 20.01 20.24 20.28 20.27 20.41 20.38 19.71 19.26 19.20 20.68 20.50 19.27 19.27 18.53 18.53 19.08 18.93 18.51 18.99 19.09 19.04 18.78 18.98 18.83 19.03 19.24 19.05 19.32 19.62 19.82 19.38 19.69 19.97 20.12 20.12 20.83 20.76 20.58 20.19 20.80 21.07 21.08 21.08 20.65 20.65 20.84 20.73 20.83 20.99 21.09 20.96 20.77 20.69 20.80 20.73 20.64 20.75 20.90 21.13 20.83 21.24 21.34 21.45 21.20 21.45 21.51 21.52 21.35 21.32 21.29 21.32 21.36 21.37 21.38 21.37 21.39
19.34 19.65 19.58 19.78 20.18 20.33 20.35 19.97 19.40 19.91 20.86 20.83 20.12 20.12 18.53 19.02 19.02 18.58 18.63 19.14 19.20 19.04 18.86 18.68 18.81 18.95 19.37 19.41 19.24 19.16 19.51 19.38 19.24 19.59 19.11 19.44 20.39 20.58 20.42 20.41 20.53 20.97 21.09 20.70 20.70 21.17 21.17 21.05 20.92 21.05 21.06 20.83 20.59 20.72 20.77 20.77 20.74 20.77 20.97 20.79 20.83 21.27 21.48 21.27 21.20 21.47 21.47 21.47 21.40 21.31 21.21 21.25 21.25 21.36 21.36 21.35 21.32
19.55 19.11 18.77 19.32 19.89 20.04 20.24 19.89 19.45 20.28 20.41 20.64 20.19 20.19 19.41 19.41 19.02 18.62 17.80 19.26 19.30 19.23 19.02 18.88 18.94 19.13 19.10 18.99 18.76 19.21 19.25 19.35 19.54 19.14 19.05 19.14 20.11 20.10 19.91 20.09 20.52 20.84 20.67 20.29 20.64 20.59 20.91 21.04 20.98 21.08 20.81 21.08 20.82 20.67 20.66 20.69 20.64 20.75 20.98 20.85 20.80 21.16 21.41 21.26 21.37 21.40 21.37 21.40 21.41 21.16 21.14 21.24 21.18 21.29 21.36 21.30 21.27
18.65 18.72 18.84 19.04 19.64 19.99 20.18 20.14 19.64 20.48 20.16 20.45 20.19 19.71 19.71 18.14 18.14 18.50 17.83 18.68 18.82 19.47 19.72 19.73 19.09 19.02 19.05 19.24 19.61 19.24 19.14 18.99 18.96 19.33 19.43 19.81 20.19 20.28 20.09 20.36 20.61 21.01 20.64 20.66 20.65 20.74 20.96 20.98 21.15 21.11 20.90 21.11 20.85 20.80 20.60 20.55 20.70 20.66 21.04 20.84 20.91 21.21 21.37 21.45 21.46 21.44 21.34 21.16 21.06 21.21 21.07 21.21 21.16 21.24 21.22 21.24 21.25
18.46 18.48 18.93 19.43 19.47 19.59 20.16 20.50 20.26 20.84 20.47 20.12 20.12 19.10 19.10 18.33 18.33 18.50 18.15 18.05 18.95 19.44 19.69 20.12 19.95 19.72 19.55 19.83 20.12 19.37 19.38 19.43 19.59 19.74 20.07 19.83 20.23 20.42 20.18 20.14 20.40 21.03 20.72 20.75 20.72 21.13 21.24 21.07 21.25 21.08 21.12 21.15 20.96 20.79 20.76 20.66 20.66 20.92 21.31 21.05 20.92 21.11 21.01 21.16 21.38 21.28 21.17 20.80 21.03 21.09 21.17 21.19 21.25 21.30 21.27 21.22 21.25
19.58 19.77 19.54 19.51 19.44 19.60 20.15 20.61 20.90 20.95 20.26 20.02 20.24 20.24 19.58 19.25 18.55 18.34 18.54 18.40 18.60 18.90 19.23 19.64 20.10 19.75 19.50 19.84 19.35 18.98 19.72 20.05 19.97 19.50 19.52 19.58 19.76 20.31 19.86 20.06 20.41 20.63 20.93 20.99 21.11 21.08 21.07 21.09 20.92 21.31 21.28 21.13 20.80 20.92 20.84 20.72 20.88 20.90 20.77 20.79 20.83 21.16 21.23 21.23 20.99 20.92 21.34 21.17 21.26 21.13 21.23 21.19 21.33 21.15 21.20 21.18 21.09
19.61 19.79 19.35 19.67 19.89 20.00 20.33 20.69 20.90 20.80 20.57 20.47 20.24 19.71 19.71 19.63 18.98 18.67 18.56 18.60 18.61 18.90 18.78 19.28 19.74 19.48 19.27 19.50 18.99 19.33 19.31 19.74 18.89 19.36 19.40 19.60 19.59 19.73 19.64 19.63 19.92 20.57 20.97 21.16 21.26 21.19 21.02 20.84 20.48 21.07 21.28 20.96 20.87 20.90 20.68 20.49 20.53 20.78 20.80 20.75 20.88 21.25 21.26 20.85 20.54 21.10 21.12 21.26 21.22 21.26 21.30 21.30 21.26 21.27 21.16 21.11 21.04
20.09 20.02 19.98 19.82 19.85 19.85 20.54 20.52 20.45 20.71 20.91 20.72 20.69 19.68 19.65 19.41 18.80 18.85 18.56 18.55 18.60 18.81 18.59 18.70 19.34 19.56 18.97 19.32 19.20 19.16 19.45 19.56 19.06 19.37 19.43 18.70 19.39 19.62 19.93 20.17 20.27 20.52 21.08 21.18 21.18 21.12 21.11 21.00 20.71 20.99 21.20 20.89 20.99 20.97 20.55 20.48 20.61 20.65 20.56 20.63 20.94 21.07 21.27 20.39 20.82 21.12 21.05 21.14 21.15 21.25 21.26 21.27 21.25 21.18 21.21 21.23 20.91
19.96 20.12 20.02 19.85 20.05 20.23 20.66 20.70 19.95 20.45 20.66 20.61 20.28 19.31 19.47 19.47 18.62 19.02 18.87 18.50 18.78 18.92 18.59 18.36 19.35 19.37 19.02 18.91 19.00 19.17 19.23 19.26 18.84 19.51 19.39 18.94 18.68 19.50 19.81 19.95 20.59 21.09 21.13 21.16 21.12 21.15 21.10 21.04 20.99 21.16 21.29 20.92 21.14 20.72 20.65 20.50 20.71 20.81 20.72 20.73 20.96 21.16 20.78 20.70 20.95 21.14 20.89 20.94 21.02 21.15 21.05 21.07 20.98 21.06 20.98 21.06 21.04
20.27 20.13 20.08 20.02 19.84 20.31 20.67 20.70 20.58 20.52 20.62 20.42 20.26 18.62 19.75 19.35 18.48 19.29 19.39 18.40 18.57 18.63 18.40 18.40 19.84 19.38 19.66 18.66 18.75 19.01 19.36 19.44 18.60 18.33 19.13 19.55 18.80 19.76 19.93 20.10 20.75 21.18 21.16 21.28 21.17 20.96 21.02 21.20 21.19 21.18 21.08 21.09 20.77 20.69 20.57 20.63 20.66 20.86 20.90 20.93 20.97 21.05 20.58 20.95 20.64 21.01 20.79 20.97 21.01 20.89 20.92 20.55 20.66 20.83 20.85 20.94 20.90
19.94 19.97 20.05 19.83 20.19 20.58 20.33 20.30 20.64 20.29 20.82 20.94 20.49 18.91 19.92 19.46 19.17 19.75 19.73 19.32 19.04 19.60 19.82 19.81 19.75 19.41 19.46 19.11 19.23 19.37 19.78 19.44 19.34 18.99 18.91 19.09 18.75 19.57 19.76 20.23 20.83 21.23 21.30 21.32 21.11 20.93 20.92 21.13 21.11 21.15 21.09 21.04 20.59 20.80 20.74 20.75 20.78 21.00 20.90 21.01 20.99 20.77 20.79 20.87 20.75 20.81 20.86 20.83 20.78 20.73 20.98 21.11 20.88 20.81 20.66 20.71 20.97
20.37 20.40 20.03 19.60 20.29 20.62 20.39 20.76 20.03 20.60 20.83 20.82 20.20 19.49 19.88 19.64 19.71 20.14 20.64 19.67 20.02 20.50 19.70 19.97 19.69 19.35 19.20 19.13 19.57 19.34 19.55 19.87 19.46 18.86 18.40 18.83 18.92 19.09 19.64 20.00 20.61 21.21 21.28 21.21 21.18 20.86 21.06 21.26 21.12 21.21 21.02 20.79 20.79 20.86 20.91 20.98 21.01 20.88 20.93 21.02 21.09 20.83 20.70 21.01 20.75 20.87 20.74 20.52 20.62 20.85 21.00 21.19 21.23 20.84 20.62 20.77 20.75
20.48 20.39 19.73 20.42 20.65 20.75 20.74 20.45 20.10 20.12 20.61 20.73 20.61 19.90 19.93 20.23 20.47 20.92 20.63 20.32 20.43 20.41 19.90 20.18 20.22 20.02 19.71 19.21 19.13 19.40 19.52 20.36 20.21 18.85 18.15 18.85 19.14 18.24 19.67 19.46 20.42 21.14 21.10 21.16 21.09 21.14 21.18 21.22 21.06 20.94 20.72 20.72 20.83 20.91 21.07 21.14 20.99 20.34 20.69 20.62 21.02 21.05 20.76 20.71 20.96 20.98 20.80 19.95 20.20 21.08 21.11 21.18 21.23 21.22 21.20 21.16 20.99
20.10 20.09 20.33 20.74 20.60 20.59 20.40 20.23 19.78 19.95 20.66 20.80 20.87 20.13 20.36 20.62 20.59 20.59 20.28 19.83 20.14 20.45 20.27 19.94 19.82 19.31 19.59 19.79 19.50 19.92 19.89 20.34 20.04 18.71 18.23 18.65 18.85 18.41 19.75 19.62 20.30 20.99 20.88 21.10 21.03 21.09 21.04 21.00 20.72 20.86 20.60 20.60 20.84 20.93 20.99 20.99 20.87 20.72 20.66 20.63 20.70 20.99 20.67 20.87 20.81 20.93 20.56 20.20 20.82 21.13 21.18 21.18 21.21 21.17 21.19 21.21 21.11
20.38 19.89 20.46 20.77 20.46 20.59 20.55 20.27 20.32 20.46 20.79 20.81 20.87 20.87 20.54 20.61 20.80 20.77 20.32 20.32 20.56 20.54 20.56 19.91 20.23 19.41 19.16 19.32 18.90 19.90 20.29 20.41 20.24 18.90 18.62 19.12 18.59 18.78 19.54 20.06 20.25 20.76 20.82 20.88 20.93 20.93 21.02 20.89 20.60 20.71 20.86 20.83 20.83 21.08 21.04 20.84 20.95 20.95 20.81 20.05 20.47 20.93 20.86 20.79 20.89 20.92 20.73 20.86 21.16 21.12 21.15 21.16 21.19 21.21 21.17 21.08 20.94
20.27 19.98 20.48 20.62 20.92 20.45 20.32 20.33 20.43 20.42 20.86 20.77 20.84 20.71 20.65 20.80 20.89 21.04 20.95 20.47 20.69 20.55 20.07 19.91 20.19 19.74 19.43 19.26 18.69 20.03 20.36 20.10 20.22 19.63 20.03 19.65 18.94 18.81 19.52 19.95 20.54 20.78 20.86 20.59 20.89 20.85 20.97 20.86 20.65 20.88 21.19 21.02 21.07 21.12 21.12 20.87 21.09 20.93 20.97 20.66 20.53 20.85 20.90 20.80 20.90 20.40 20.58 21.06 21.15 21.12 21.12 21.14 21.15 21.12 20.92 20.87 20.76
20.15 20.83 20.94 20.88 20.52 20.39 20.44 20.63 20.13 20.16 20.78 20.73 20.71 20.81 20.77 20.71 20.72 20.99 20.12 20.23 20.35 20.58 19.44 20.41 20.65 20.03 19.92 19.46 18.58 19.42 19.93 20.15 19.97 19.50 19.90 20.31 19.33 18.96 19.43 19.86 20.46 20.62 20.44 20.21 20.86 20.95 21.00 20.76 20.55 20.94 21.16 21.21 21.14 21.13 21.09 21.03 21.23 20.97 20.91 21.08 20.82 20.86 20.84 20.72 20.61 20.64 20.74 21.06 21.15 20.98 20.99 21.05 21.03 20.80 20.81 20.56 20.52
20.59 20.80 20.99 20.72 20.67 20.64 20.62 20.47 20.64 20.71 20.81 20.84 20.93 20.82 20.74 20.60 20.46 20.44 20.00 20.21 20.09 20.54 19.26 20.35 20.27 20.15 20.14 19.16 18.30 18.72 19.56 19.77 19.57 19.20 20.06 20.39 19.85 19.58 19.76 20.18 20.68 20.85 20.80 20.56 20.72 20.84 20.93 20.69 20.55 20.98 21.14 21.17 21.12 21.08 21.13 21.01 21.18 21.15 20.93 21.01 21.05 20.84 21.03 20.80 20.81 20.91 20.94 20.94 21.14 21.10 20.92 20.83 20.78 20.61 20.68 20.64 19.66
20.74 20.55 20.67 20.76 20.77 20.76 20.73 20.50 20.69 20.64 20.81 20.76 20.93 20.84 20.70 20.57 20.63 20.10 20.21 19.97 19.93 20.53 20.27 20.70 20.83 19.80 20.01 19.87 19.63 19.05 20.08 20.30 19.45 19.64 19.62 20.00 20.17 19.83 20.05 20.38 20.74 20.77 20.63 20.56 20.78 20.80 20.86 20.76 20.79 21.12 21.09 21.09 21.03 21.05 21.07 21.07 21.10 21.00 20.93 21.05 20.97 20.82 21.01 20.95 21.01 21.03 21.05 21.06 21.00 20.90 20.74 20.78 20.54 20.46 20.31 20.15 19.94
20.92 20.80 20.62 20.47 20.64 20.61 20.50 20.24 20.73 20.80 20.87 20.72 20.98 20.99 20.77 20.66 20.49 19.94 20.20 20.00 19.79 20.43 20.50 20.91 20.71 20.08 20.01 19.87 19.21 18.71 19.91 20.33 19.59 19.65 19.83 19.84 20.08 20.39 20.62 20.52 20.59 20.59 20.77 20.66 20.56 20.58 20.89 20.94 20.90 21.07 21.14 21.09 20.98 20.99 20.98 21.04 21.00 20.89 20.94 20.96 20.99 20.87 20.96 21.01 21.03 20.94 21.08 21.03 20.97 20.75 20.56 20.49 20.35 20.44 20.47 20.09 19.92
20.76 20.96 20.68 20.32 20.76 20.70 20.57 20.80 20.62 20.93 20.93 20.77 20.89 20.94 20.84 20.75 20.36 19.84 20.52 19.89 19.14 20.24 20.71 20.61 20.71 20.08 19.47 19.47 19.41 18.71 19.91 20.33 19.24 19.63 19.82 20.12 20.46 20.35 20.46 20.52 20.39 20.37 20.78 20.57 20.49 20.58 20.78 21.10 21.15 20.80 21.15 21.16 21.04 21.14 21.03 21.04 21.05 20.92 20.93 20.88 21.05 20.88 20.92 20.99 21.04 21.00 20.97 20.92 20.92 20.85 20.53 20.41 20.47 20.25 20.25 20.08 20.19
20.82 20.76 20.65 20.68 20.82 20.67 20.83 20.64 20.78 20.86 20.78 20.76 20.89 20.97 20.72 20.77 20.65 20.53 20.33 20.22 18.69 19.87 20.85 20.67 20.67 20.08 19.47 19.47 19.41 19.41 19.18 19.30 19.30 19.54 19.79 19.95 20.36 20.57 20.23 20.19 20.14 20.27 20.69 20.30 20.57 20.49 20.64 20.87 21.12 20.96 21.14 21.11 21.11 21.11 21.02 21.01 21.10 20.99 20.97 20.95 20.95 20.89 20.99 21.04 21.05 21.04 20.99 20.89 20.93 20.89 20.84 20.50 20.73 20.43 20.01 19.91 19.67
20.85 20.57 20.61 20.84 20.64 20.68 20.75 20.62 20.93 20.86 20.90 21.00 20.78 20.98 20.81 20.74 20.44 20.75 20.45 19.70 17.63 19.95 20.79 20.85 20.85 20.85 19.47 19.47 19.41 19.18 19.18 19.18 19.57 19.76 19.76 19.90 19.99 20.38 20.50 20.06 20.30 20.29 20.44 20.45 20.48 20.76 21.02 20.82 20.91 20.97 21.14 21.12 21.07 21.02 20.99 21.01 20.99 20.96 21.00 20.92 20.97 20.95 21.02 21.01 21.01 21.00 20.95 20.89 20.87 20.89 20.85 20.70 20.75 20.26 20.08 19.80 19.13
20.51 20.13 20.29 20.66 20.72 20.71 20.53 20.86 20.99 20.89 20.86 20.80 20.73 20.81 20.90 20.77 20.62 20.53 20.59 19.20 18.84 20.49 20.98 21.08 21.08 21.08 21.08 19.47 19.75 19.60 19.60 19.60 19.46 19.71 19.96 20.09 20.34 20.60 20.85 20.49 20.40 20.39 20.31 20.43 20.73 20.96 21.01 20.85 20.98 20.89 21.12 21.11 21.09 21.03 21.01 21.03 21.07 21.05 21.01 20.90 20.81 20.83 21.00 21.02 20.98 20.98 20.93 20.85 20.81 20.87 20.88 20.76 20.68 20.47 19.84 19.56 19.28
20.28 20.06 20.16 20.44 20.36 20.71 20.77 20.93 20.99 20.89 20.62 20.67 20.78 20.72 20.79 20.68 20.60 20.66 20.56 20.09 19.53 19.75 20.93 21.05 21.05 21.05 21.05 20.00 19.75 19.75 20.16 20.16 19.23 19.66 19.68 19.81 20.52 20.51 20.63 20.49 20.38 20.41 20.24 20.30 20.47 20.68 20.97 20.67 20.84 20.85 21.03 21.02 21.02 21.06 21.04 21.00 21.08 21.02 20.96 20.91 20.73 20.89 20.95 20.96 20.86 20.94 20.88 20.76 20.85 20.87 20.84 20.66 20.60 20.47 20.12 19.80 19.81
20.11 20.13 20.12 20.12 20.31 20.69 20.67 20.93 20.97 20.87 20.86 20.72 20.50 20.50 20.81 20.57 20.56 20.29 20.52 20.50 20.19 19.87 20.80 21.05 21.05 21.05 19.42 20.00 20.00 19.75 19.75 19.98 19.83 19.90 19.83 19.98 20.50 20.24 20.32 20.74 20.52 20.67 20.47 20.57 20.65 20.54 20.89 20.59 20.94 20.83 20.99 21.01 21.04 21.04 21.04 21.01 21.06 21.02 20.98 21.00 20.88 20.97 20.91 20.93 20.77 20.89 20.85 20.80 20.81 20.75 20.59 20.55 20.42 20.61 20.61 20.57 19.99
19.88 20.06 20.32 20.45 20.36 20.56 20.76 20.91 20.93 20.87 20.75 20.84 20.48 20.32 20.43 20.46 20.50 20.10 20.35 20.30 19.98 19.94 20.80 20.80 21.05 21.05 19.42 19.42 20.00 20.00 19.95 20.36 19.92 19.74 20.00 20.29 20.51 20.36 20.48 20.69 20.70 20.76 20.57 20.50 20.79 20.62 20.92 20.54 20.62 20.91 20.96 20.97 20.98 21.00 21.02 21.02 21.02 20.99 20.99 20.86 20.85 20.99 20.95 20.87 20.86 20.82 20.88 20.82 20.61 20.64 20.83 20.49 20.55 20.65 20.52 20.26 20.15
20.35 20.51 20.65 20.63 20.50 20.44 20.62 20.90 20.84 20.76 20.58 20.64 20.65 20.32 20.56 20.39 20.37 19.54 19.88 20.30 19.61 20.33 20.33 20.33 20.80 20.33 20.33 19.42 19.42 19.78 20.23 19.96 20.19 20.05 20.23 20.33 20.55 20.35 20.40 20.60 20.75 20.71 20.67 20.43 20.51 20.60 20.88 20.69 20.58 20.86 20.98 20.99 20.95 20.96 20.92 20.95 20.95 20.95 20.96 20.87 20.88 20.91 20.99 20.84 20.83 20.77 20.80 20.71 20.72 20.78 20.82 20.86 20.85 20.65 20.36 20.37 20.28
20.55 20.57 20.69 20.81 20.76 20.63 20.74 20.80 20.80 20.49 20.41 20.50 20.49 20.53 20.61 20.46 20.44 20.01 19.86 19.86 19.39 20.33 20.03 20.03 20.03 20.33 20.33 20.33 20.32 20.05 19.82 20.20 19.66 19.74 20.17 20.63 20.51 20.53 20.49 20.60 20.70 20.69 20.74 20.66 20.62 20.71 20.91 20.73 20.64 20.92 20.93 20.97 20.95 20.97 20.97 20.99 20.91 20.91 20.92 20.92 20.91 20.90 20.89 20.87 20.81 20.79 20.78 20.68 20.77 20.83 20.75 20.82 20.82 20.65 20.45 20.39 20.30
20.54 20.63 20.63 20.47 20.59 20.75 20.79 20.72 20.44 19.94 19.92 20.44 20.44 20.12 20.31 19.83 20.23 20.34 20.21 20.48 19.62 20.29 20.03 20.03 20.03 20.33 20.33 20.33 20.17 20.01 20.07 19.87 19.37 19.69 20.39 20.60 20.61 20.49 20.55 20.51 20.69 20.72 20.72 20.71 20.74 20.79 20.90 20.90 20.52 20.92 20.95 20.95 20.90 20.97 20.96 20.93 20.89 20.95 20.93 20.92 20.86 20.88 20.91 20.88 20.79 20.73 20.83 20.81 20.75 20.81 20.80 20.68 20.76 20.72 20.54 20.26 20.35
20.41 20.62 20.72 20.43 20.67 20.76 20.48 20.63 20.25 19.55 20.04 20.47 20.29 20.31 20.29 19.71 19.92 20.21 20.13 20.30 20.07 20.14 20.40 20.40 19.22 19.46 19.81 20.16 20.16 20.02 20.22 19.94 19.63 19.75 19.98 20.64 20.36 20.32 20.30 20.56 20.73 20.71 20.62 20.65 20.87 20.87 20.88 20.93 20.84 20.96 20.94 20.88 20.87 20.89 20.92 20.92 20.86 20.65 20.81 20.86 20.80 20.86 20.90 20.91 20.92 20.86 20.87 20.83 20.80 20.77 20.72 20.77 20.69 20.47 20.49 20.33 20.29
20.08 20.35 20.18 20.25 20.40 20.35 20.14 20.19 19.83 19.59 20.24 20.15 20.31 20.16 20.07 19.44 19.18 20.07 20.17 20.14 20.18 20.40 20.22 19.22 19.22 19.46 19.81 19.81 19.90 19.64 20.17 20.24 19.84 20.16 20.38 20.50 20.30 20.24 20.33 20.52 20.65 20.68 20.57 20.61 20.68 20.75 20.81 20.92 20.89 20.92 20.91 20.86 20.89 20.87 20.88 20.88 20.85 20.80 20.86 20.89 20.86 20.81 20.83 20.85 20.80 20.81 20.83 20.84 20.80 20.76 20.82 20.68 20.23 20.25 20.58 20.59 19.86
20.05 20.31 20.26 20.33 20.48 20.20 19.99 19.94 19.54 19.28 19.95 19.93 20.19 20.29 19.97 19.78 19.94 20.16 20.10 19.67 20.13 20.41 20.31 20.02 19.92 19.46 19.46 19.79 19.81 19.37 19.86 20.37 20.50 20.55 20.52 20.23 20.23 20.23 20.52 20.60 20.60 20.67 20.30 20.70 20.62 20.53 20.76 20.64 20.72 20.74 20.90 20.81 20.88 20.86 20.88 20.84 20.78 20.79 20.85 20.89 20.88 20.86 20.82 20.78 20.80 20.81 20.83 20.74 20.72 20.73 20.76 20.68 20.41 20.39 20.27 20.47 19.86
20.52 20.48 20.22 20.52 20.27 20.26 20.00 19.88 19.63 19.88 19.86 20.01 20.28 20.06 19.95 19.66 19.88 20.26 20.12 19.82 20.06 19.90 20.24 19.73 19.78 19.76 20.09 20.01 19.43 18.83 19.26 20.20 20.66 20.50 20.39 20.42 20.41 20.53 20.16 20.45 20.20 20.43 20.05 20.36 20.30 20.32 20.48 20.49 20.71 20.82 20.78 20.74 20.85 20.84 20.82 20.79 20.79 20.75 20.76 20.79 20.88 20.88 20.68 20.73 20.76 20.81 20.83 20.65 20.42 20.67 20.54 20.45 20.44 20.45 20.35 20.33 20.46
