files/bom_datasets/05.08.18.txt
ncols 839
nrows 679
xllcenter 112.0500
yllcenter -43.9500
cellsize 0.0500
nodata_value 99999.90
[rows 238 to 271 of 679, columns 462 to 538 of 839]
18.64 18.65 18.64 18.64 18.61 18.58 18.58 18.56 18.58 18.62 18.65 18.65 18.65 18.63 18.64 18.64 18.60 18.55 18.56 18.57 18.59 18.61 18.61 18.60 18.58 18.56 18.59 18.64 18.67 18.68 18.67 18.65 18.62 18.63 18.67 18.66 18.65 18.63 18.60 18.58 18.57 18.58 18.58 18.56 18.60 18.53 18.54 18.50 18.55 18.57 18.57 18.63 18.65 18.68 18.66 18.62 18.66 18.66 18.66 18.64 18.64 18.70 18.71 18.68 18.68 18.68 18.73 18.69 18.68 18.51 18.65 18.73 18.73 18.70 18.70 18.55 18.62
18.61 18.63 18.65 18.58 18.61 18.64 18.64 18.62 18.57 18.61 18.63 18.62 18.63 18.62 18.62 18.57 18.52 18.48 18.52 18.53 18.53 18.52 18.50 18.52 18.54 18.55 18.58 18.65 18.66 18.67 18.68 18.64 18.65 18.63 18.61 18.59 18.58 18.64 18.67 18.65 18.63 18.61 18.60 18.56 18.54 18.52 18.56 18.43 18.58 18.62 18.61 18.66 18.62 18.60 18.60 18.65 18.61 18.62 18.61 18.62 18.63 18.65 18.66 18.67 18.66 18.66 18.68 18.67 18.65 18.58 18.56 18.68 18.67 18.75 18.61 18.55 18.62
18.56 18.55 18.59 18.56 18.59 18.60 18.61 18.62 18.59 18.59 18.60 18.59 18.61 18.60 18.56 18.48 18.42 18.46 18.46 18.50 18.56 18.53 18.49 18.51 18.54 18.62 18.64 18.61 18.65 18.64 18.64 18.64 18.62 18.60 18.59 18.59 18.57 18.60 18.62 18.65 18.64 18.61 18.62 18.59 18.52 18.54 18.58 18.54 18.53 18.61 18.64 18.63 18.63 18.63 18.61 18.62 18.58 18.54 18.60 18.61 18.62 18.63 18.66 18.67 18.65 18.66 18.64 18.64 18.69 18.65 18.62 18.67 18.67 18.64 18.61 18.55 18.55
18.59 18.59 18.56 18.58 18.58 18.59 18.59 18.58 18.61 18.59 18.60 18.58 18.58 18.56 18.57 18.49 18.43 18.46 18.45 18.52 18.51 18.54 18.51 18.52 18.61 18.63 18.63 18.61 18.62 18.63 18.61 18.60 18.62 18.60 18.61 18.61 18.58 18.60 18.63 18.64 18.63 18.59 18.57 18.54 18.58 18.57 18.56 18.57 18.53 18.61 18.63 18.63 18.60 18.61 18.62 18.61 18.62 18.58 18.59 18.57 18.59 18.56 18.59 18.61 18.61 18.60 18.62 18.62 18.66 18.67 18.69 18.67 18.62 18.63 18.65 18.56 18.52
18.59 18.58 18.57 18.58 18.59 18.58 18.56 18.56 18.59 18.59 18.58 18.51 18.51 18.51 18.52 18.52 18.46 18.53 18.46 18.48 18.51 18.53 18.52 18.53 18.60 18.62 18.62 18.60 18.58 18.58 18.49 18.48 18.56 18.57 18.59 18.59 18.61 18.61 18.60 18.57 18.58 18.59 18.53 18.54 18.56 18.54 18.55 18.56 18.57 18.58 18.56 18.58 18.61 18.59 18.56 18.59 18.63 18.59 18.58 18.60 18.62 18.59 18.58 18.64 18.63 18.56 18.54 18.56 18.56 18.62 18.60 18.62 18.59 18.58 18.58 18.52 18.53
18.58 18.59 18.56 18.59 18.59 18.57 18.56 18.51 18.53 18.56 18.56 18.54 18.48 18.33 18.40 18.49 18.46 18.49 18.51 18.45 18.47 18.49 18.50 18.52 18.52 18.51 18.48 18.35 18.38 18.40 18.51 18.54 18.54 18.56 18.55 18.60 18.52 18.53 18.55 18.55 18.53 18.50 18.55 18.55 18.51 18.53 18.52 18.50 18.52 18.54 18.53 18.51 18.50 18.47 18.45 18.52 18.52 18.56 18.54 18.51 18.58 18.63 18.64 18.62 18.61 18.62 18.60 18.57 18.58 18.58 18.57 18.63 18.59 18.55 18.57 18.53 18.60
18.51 18.53 18.53 18.55 18.56 18.57 18.56 18.53 18.51 18.55 18.52 18.50 18.43 18.35 18.51 18.47 18.47 18.46 18.45 18.44 18.49 18.49 18.47 18.48 18.50 18.43 18.31 18.43 18.52 18.53 18.53 18.54 18.52 18.55 18.49 18.57 18.60 18.52 18.52 18.52 18.52 18.50 18.49 18.53 18.56 18.56 18.52 18.48 18.50 18.48 18.50 18.41 18.30 18.32 18.22 18.34 18.50 18.52 18.54 18.52 18.55 18.60 18.56 18.56 18.52 18.55 18.53 18.54 18.58 18.59 18.59 18.58 18.60 18.56 18.57 18.58 18.58
18.47 18.49 18.49 18.53 18.53 18.54 18.54 18.53 18.50 18.50 18.44 18.38 18.41 18.49 18.48 18.51 18.48 18.45 18.42 18.41 18.47 18.44 18.42 18.47 18.45 18.44 18.34 18.40 18.50 18.51 18.50 18.50 18.39 18.51 18.48 18.53 18.54 18.56 18.55 18.55 18.54 18.50 18.48 18.50 18.48 18.48 18.50 18.43 18.41 18.44 18.47 18.36 18.29 18.29 18.42 18.44 18.44 18.42 18.36 18.42 18.40 18.50 18.48 18.50 18.44 18.52 18.47 18.52 18.57 18.57 18.59 18.61 18.63 18.62 18.55 18.57 18.59
18.40 18.45 18.44 18.47 18.45 18.48 18.51 18.51 18.50 18.48 18.49 18.48 18.46 18.46 18.49 18.49 18.48 18.42 18.43 18.42 18.42 18.45 18.42 18.40 18.42 18.45 18.43 18.30 18.41 18.45 18.41 18.39 18.35 18.44 18.46 18.42 18.44 18.49 18.52 18.50 18.40 18.44 18.39 18.40 18.40 18.41 18.39 18.32 18.31 18.35 18.22 18.27 18.41 18.38 18.38 18.40 18.33 18.30 18.39 18.37 18.37 18.43 18.43 18.43 18.38 18.47 18.45 18.48 18.50 18.53 18.55 18.53 18.54 18.61 18.51 18.53 18.55
18.43 18.43 18.39 18.45 18.46 18.46 18.50 18.49 18.48 18.48 18.48 18.43 18.47 18.47 18.47 18.49 18.46 18.41 18.39 18.39 18.41 18.36 18.38 18.37 18.41 18.44 18.40 18.29 18.18 18.32 18.46 18.34 18.27 18.34 18.41 18.41 18.35 18.41 18.44 18.44 18.34 18.32 18.35 18.38 18.35 18.32 18.31 18.17 18.23 18.32 18.22 18.32 18.41 18.29 18.40 18.17 17.89 18.22 18.24 18.24 18.42 18.45 18.45 18.45 18.41 18.45 18.44 18.45 18.50 18.52 18.52 18.49 18.52 18.52 18.52 18.50 18.53
18.42 18.37 18.39 18.41 18.45 18.44 18.46 18.47 18.45 18.46 18.48 18.44 18.43 18.44 18.45 18.44 18.45 18.38 18.34 18.33 18.28 18.29 18.25 18.27 18.35 18.29 18.35 18.29 18.26 18.36 18.40 18.34 18.26 18.37 18.25 18.27 18.25 18.36 18.31 18.32 18.41 18.34 18.34 18.39 18.38 18.35 18.39 18.38 18.36 18.37 18.24 18.28 18.39 18.11 18.29 18.32 18.18 18.23 18.40 18.36 18.43 18.46 18.42 18.42 18.44 18.45 18.39 18.47 18.50 18.54 18.54 18.50 18.48 18.49 18.57 18.54 18.50
18.36 18.34 18.36 18.41 18.42 18.42 18.41 18.38 18.44 18.44 18.44 18.46 18.42 18.42 18.41 18.43 18.44 18.39 18.32 18.36 18.30 18.23 18.26 18.28 18.33 18.35 18.34 18.36 18.31 18.22 18.35 18.35 18.29 18.28 18.26 18.31 18.29 18.31 18.33 18.34 18.39 18.33 18.33 18.33 18.37 18.38 18.38 18.38 18.39 18.34 18.30 18.36 18.27 18.22 18.37 18.30 18.36 18.38 18.39 18.35 18.39 18.42 18.41 18.39 18.41 18.41 18.37 18.43 18.45 18.48 18.48 18.48 18.45 18.47 18.52 18.54 18.51
18.33 18.38 18.38 18.40 18.39 18.38 18.32 18.39 18.39 18.42 18.42 18.41 18.43 18.41 18.40 18.41 18.41 18.35 18.28 18.27 18.32 18.29 18.23 18.35 18.33 18.32 18.36 18.39 18.39 18.32 18.29 18.31 18.24 18.21 18.28 18.28 18.32 18.28 18.33 18.31 18.36 18.36 18.35 18.33 18.31 18.33 18.33 18.36 18.31 18.27 18.33 18.32 18.22 18.30 18.36 18.39 18.38 18.42 18.41 18.31 18.33 18.36 18.42 18.36 18.36 18.42 18.46 18.44 18.47 18.45 18.41 18.43 18.50 18.46 18.55 18.48 18.46
18.36 18.36 18.35 18.32 18.31 18.34 18.36 18.36 18.34 18.34 18.39 18.39 18.41 18.36 18.36 18.38 18.39 18.36 18.34 18.30 18.35 18.29 18.36 18.32 18.33 18.31 18.32 18.34 18.34 18.38 18.34 18.28 18.15 18.06 18.13 18.22 18.27 18.30 18.26 18.31 18.32 18.27 18.30 18.29 18.28 18.25 18.28 18.30 18.24 18.34 18.34 18.31 18.26 18.33 18.31 18.32 18.31 18.29 18.30 18.29 18.34 18.35 18.39 18.40 18.36 18.33 18.30 18.39 18.38 18.43 18.43 18.44 18.39 18.41 18.50 18.46 18.47
18.30 18.31 18.29 18.32 18.30 18.33 18.30 18.34 18.34 18.30 18.27 18.26 18.33 18.36 18.32 18.33 18.33 18.36 18.36 18.27 18.30 18.35 18.32 18.23 18.26 18.23 18.24 18.28 18.26 18.22 18.27 18.27 18.28 18.23 18.17 18.09 18.19 18.28 18.24 18.31 18.27 18.20 18.18 18.17 18.17 18.20 18.26 18.30 18.27 18.33 18.31 18.31 18.36 18.31 18.37 18.33 18.38 18.39 18.38 18.34 18.34 18.33 18.32 18.39 18.37 18.34 18.32 18.37 18.43 18.39 18.38 18.44 18.41 18.47 18.48 18.41 18.46
18.25 18.20 18.19 18.28 18.32 18.34 18.31 18.31 18.29 18.24 18.28 18.31 18.31 18.26 18.25 18.29 18.29 18.33 18.29 18.26 18.28 18.32 18.22 18.21 18.26 18.23 18.28 18.32 18.30 18.28 18.25 18.21 18.26 18.24 18.24 18.19 18.18 18.26 18.37 18.35 18.35 18.24 18.24 18.23 18.19 18.23 18.30 18.31 18.26 18.30 18.32 18.30 18.31 18.27 18.29 18.30 18.28 18.28 18.27 18.32 18.29 18.24 18.25 18.33 18.33 18.37 18.40 18.37 18.42 18.41 18.38 18.41 18.36 18.34 18.39 18.35 18.37
18.15 18.22 18.21 18.20 18.23 18.27 18.27 18.29 18.30 18.21 18.23 18.26 18.31 18.32 18.26 18.23 18.29 18.32 18.31 18.25 18.25 18.26 18.22 18.22 18.24 18.26 18.24 18.30 18.32 18.30 18.32 18.18 18.17 18.23 18.24 18.17 18.23 18.26 18.34 18.33 18.36 18.31 18.32 18.29 18.26 18.27 18.22 18.26 18.29 18.32 18.27 18.24 18.22 18.19 18.34 18.32 18.33 18.34 18.14 18.01 18.19 18.31 18.28 18.33 18.35 18.35 18.36 18.36 18.40 18.40 18.36 18.37 18.34 18.38 18.35 18.30 18.38
18.05 18.18 18.25 18.23 18.27 18.27 18.28 18.24 18.23 18.26 18.22 18.23 18.22 18.27 18.28 18.26 18.22 18.25 18.25 18.26 18.23 18.20 18.23 18.28 18.26 18.24 18.24 18.32 18.32 18.29 18.26 18.22 18.18 18.17 18.03 18.12 18.20 18.24 18.28 18.28 18.28 18.29 18.32 18.29 18.31 18.29 18.31 18.24 18.25 18.31 18.27 18.28 18.27 18.26 18.33 18.30 18.28 18.31 18.34 18.30 18.10 18.29 18.34 18.34 18.33 18.33 18.35 18.35 18.37 18.38 18.36 18.32 18.26 18.38 18.33 18.29 18.37
17.92 17.80 17.97 18.16 18.23 18.28 18.26 18.26 18.24 18.25 18.26 18.26 18.18 18.17 18.24 18.22 18.23 18.26 18.28 18.32 18.33 18.23 18.21 18.26 18.23 18.23 18.22 18.27 18.29 18.26 18.25 18.24 18.24 18.18 18.10 18.16 18.22 18.22 18.28 18.31 18.24 18.25 18.27 18.21 18.24 18.27 18.27 18.35 18.25 18.29 18.32 18.28 18.27 18.20 18.30 18.29 18.27 18.27 18.30 18.30 18.29 18.16 18.25 18.28 18.26 18.22 18.26 18.29 18.35 18.33 18.32 18.26 18.28 18.22 18.31 18.25 18.30
17.85 17.83 17.83 17.93 18.09 18.20 18.26 18.28 18.27 18.26 18.27 18.28 18.28 18.27 18.20 18.22 18.19 18.23 18.26 18.25 18.29 18.32 18.24 18.23 18.19 18.23 18.21 18.19 18.25 18.24 18.19 18.21 18.18 18.21 18.14 18.17 18.21 18.24 18.28 18.31 18.28 18.28 18.27 18.27 18.22 18.21 18.15 18.27 18.31 18.29 18.21 18.26 18.27 18.32 18.29 18.29 18.22 18.12 18.14 18.15 18.19 18.29 18.13 18.16 18.21 18.20 18.14 18.19 18.28 18.29 18.26 18.23 18.29 18.28 18.33 18.22 18.24
18.02 17.92 18.09 18.24 18.11 18.17 18.25 18.25 18.27 18.24 18.24 18.23 18.25 18.26 18.19 18.20 18.17 18.21 18.21 18.24 18.22 18.18 18.22 18.20 18.18 18.18 18.17 18.17 18.23 18.29 18.24 18.20 18.18 18.17 18.18 18.19 18.20 18.22 18.25 18.28 18.29 18.28 18.28 18.29 18.26 18.27 18.18 18.27 18.29 18.28 18.11 18.23 18.25 18.25 18.26 18.27 18.25 18.15 18.11 18.08 18.07 18.14 18.24 18.03 18.14 18.18 18.10 18.24 18.24 18.22 18.25 18.21 18.27 18.30 18.23 18.28 18.28
18.01 18.04 18.12 18.25 18.25 18.09 18.15 18.19 18.19 18.17 18.21 18.20 18.22 18.24 18.24 18.24 18.21 18.19 18.18 18.17 18.16 18.14 18.14 18.17 18.17 18.17 18.18 18.18 18.23 18.27 18.24 18.24 18.24 18.21 18.16 18.14 18.19 18.20 18.23 18.26 18.26 18.26 18.23 18.24 18.24 18.18 18.22 18.23 18.28 18.28 18.16 18.10 18.13 18.22 18.23 18.20 18.19 18.19 18.26 18.23 18.22 18.10 18.22 18.26 18.11 18.26 18.20 18.23 18.26 18.23 18.21 18.16 18.07 18.12 18.24 18.27 18.30
18.07 18.13 18.19 18.17 18.23 18.21 18.20 18.14 18.17 18.18 18.18 18.21 18.20 18.21 18.20 18.23 18.19 18.15 18.20 18.24 18.24 18.21 18.20 18.18 18.19 18.16 18.18 18.23 18.22 18.21 18.20 18.22 18.20 18.24 18.26 18.20 18.21 18.17 18.21 18.25 18.24 18.25 18.23 18.24 18.23 18.23 18.24 18.24 18.25 18.21 18.24 18.03 17.99 18.10 18.16 18.21 18.21 18.24 18.25 18.26 18.26 18.24 18.22 18.25 18.21 18.24 18.25 18.25 18.26 18.27 18.25 18.03 17.86 17.80 18.08 18.22 18.24
18.13 18.19 18.18 18.14 18.15 18.20 18.18 18.17 18.12 18.19 18.13 18.15 18.14 18.17 18.20 18.21 18.23 18.22 18.22 18.22 18.22 18.15 18.19 18.19 18.16 18.17 18.18 18.17 18.18 18.20 18.19 18.19 18.17 18.16 18.15 18.13 18.17 18.19 18.23 18.23 18.22 18.21 18.23 18.22 18.23 18.21 18.21 18.20 18.22 18.22 18.21 18.13 18.09 18.06 18.11 18.17 18.18 18.20 18.22 18.23 18.24 18.25 18.27 18.25 18.22 18.16 18.25 18.22 18.21 18.24 18.14 18.01 17.80 17.71 17.91 18.12 18.22
18.14 18.14 18.16 18.18 18.04 18.15 18.15 18.14 18.09 18.14 18.11 18.12 18.05 18.14 18.13 18.19 18.20 18.20 18.17 18.19 18.20 18.18 18.12 18.15 18.20 18.17 18.15 18.11 18.10 18.15 18.18 18.19 18.15 18.14 18.17 18.14 18.10 18.17 18.21 18.20 18.21 18.20 18.19 18.17 18.20 18.21 18.21 18.20 18.17 18.15 18.13 18.11 18.07 18.11 18.08 18.12 18.17 18.18 18.20 18.22 18.22 18.22 18.24 18.24 18.22 18.21 18.20 18.22 18.13 18.13 18.08 18.06 17.98 17.96 18.11 18.20 18.21
18.02 18.06 18.10 18.11 18.12 18.13 18.02 18.00 18.08 18.14 18.10 18.10 18.09 18.09 18.09 18.05 18.13 18.17 18.15 18.16 18.18 18.18 18.13 18.12 18.18 18.17 18.15 18.15 18.11 18.13 18.15 18.16 18.14 18.13 18.14 18.12 18.13 18.17 18.15 18.15 18.17 18.18 18.19 18.14 18.19 18.19 18.18 18.17 18.21 18.14 18.11 18.09 18.09 18.05 18.10 18.18 18.07 18.14 18.17 18.16 18.08 18.17 18.19 18.20 18.15 18.13 18.13 18.19 18.13 18.12 18.10 18.08 18.07 17.96 18.07 18.15 18.15
18.09 18.07 18.06 18.07 18.11 18.11 18.07 18.00 18.06 18.13 18.14 18.12 18.08 18.08 18.08 18.07 18.11 18.11 18.13 18.09 18.12 18.15 18.14 18.12 18.13 18.14 18.15 18.13 18.10 18.15 18.13 18.13 18.11 18.12 18.14 18.10 18.13 18.16 18.17 18.14 18.14 18.16 18.19 18.18 18.18 18.17 18.18 18.17 18.19 18.15 18.10 18.11 18.05 18.00 18.11 18.13 18.05 18.05 18.13 18.06 18.08 18.13 18.15 18.14 18.09 18.09 18.11 18.16 18.11 18.13 18.09 18.11 18.10 18.07 18.07 18.11 18.10
18.06 18.08 18.04 18.07 18.03 18.06 18.10 18.10 18.11 18.11 18.12 18.09 18.06 18.05 18.10 18.09 18.13 18.09 18.14 18.12 18.11 18.13 18.13 18.09 18.10 18.12 18.16 18.12 18.14 18.15 18.14 18.10 18.10 18.10 18.11 18.10 18.13 18.16 18.15 18.15 18.13 18.12 18.11 18.15 18.16 18.17 18.16 18.16 18.17 18.15 18.08 18.05 18.13 18.10 18.14 18.00 18.08 18.05 18.02 18.01 17.97 18.07 18.12 18.11 18.09 18.12 18.11 18.12 18.10 18.08 18.01 17.98 17.98 18.10 18.07 18.06 18.10
18.03 18.04 18.06 18.05 18.05 18.08 18.06 17.93 17.99 18.04 18.07 18.09 18.07 18.08 18.11 18.09 18.12 18.04 18.09 18.10 18.10 18.12 18.13 18.12 18.09 18.09 18.10 18.05 18.11 18.11 18.11 18.10 18.12 18.10 18.06 18.09 18.12 18.12 18.10 18.11 18.11 18.10 18.10 18.11 18.12 18.13 18.14 18.12 18.12 18.11 18.10 17.99 18.07 18.06 18.03 17.99 17.99 18.06 18.02 18.06 18.06 18.13 18.14 18.10 18.10 18.12 18.03 18.08 18.04 17.96 17.90 17.84 17.93 18.01 18.02 17.97 17.96
18.01 18.04 18.02 18.03 18.04 18.04 18.03 18.04 18.08 17.99 18.05 18.07 18.07 18.07 18.06 18.05 18.08 18.11 18.11 18.08 18.10 18.12 18.12 18.12 18.12 18.07 18.00 18.07 17.96 18.09 18.07 18.08 18.10 18.10 18.08 18.10 18.10 18.10 18.09 18.09 18.09 18.08 18.09 18.09 18.12 18.11 18.12 18.08 18.09 18.09 18.09 18.04 17.95 18.03 18.00 17.95 17.98 18.10 18.02 18.11 18.13 18.13 18.13 18.13 18.09 18.09 18.01 17.93 17.95 17.96 17.88 17.94 17.92 18.02 17.93 17.80 17.94
17.98 17.96 17.97 18.02 18.02 17.99 17.98 18.03 17.96 18.04 18.05 18.06 18.04 18.06 18.05 18.05 18.06 18.05 18.00 18.07 18.08 18.08 18.10 18.11 18.08 18.01 18.00 18.05 17.99 18.01 18.04 18.03 18.07 18.09 18.08 18.08 18.06 18.08 18.08 18.07 18.07 18.07 18.06 18.07 18.09 18.07 18.05 18.06 18.07 18.07 18.02 18.03 18.03 17.97 18.06 18.02 17.95 18.03 18.01 18.10 18.12 18.07 18.10 18.11 18.03 18.03 18.02 17.98 17.96 18.03 17.92 17.97 18.04 18.04 18.09 17.98 17.89
17.92 17.85 17.74 17.91 17.99 17.93 17.99 18.02 17.91 17.99 18.03 18.04 18.05 18.05 18.05 18.05 18.04 17.99 18.02 18.04 18.05 18.03 18.06 18.08 18.03 18.02 18.03 18.04 17.95 18.05 18.07 18.07 18.08 18.08 18.08 18.08 18.07 18.07 18.06 18.07 18.07 18.06 18.05 18.05 18.05 18.02 18.03 18.06 18.06 18.06 18.03 18.01 18.07 17.96 18.02 18.04 18.02 17.94 18.02 18.07 18.07 18.03 18.03 18.05 17.97 17.97 17.95 17.93 17.94 17.91 17.93 17.91 17.84 18.01 17.96 17.94 17.87
17.83 17.60 17.75 17.75 17.75 17.74 17.79 17.93 18.01 17.96 18.01 18.00 18.02 18.04 18.05 18.05 18.05 18.01 18.01 18.02 18.02 18.03 18.05 18.06 18.02 18.01 18.01 18.02 17.97 17.99 18.05 18.05 18.06 18.06 18.06 18.06 18.07 18.06 18.06 18.06 18.02 18.05 18.03 18.03 18.01 17.99 18.03 18.03 18.04 18.03 18.03 18.05 18.05 18.03 18.00 17.93 17.98 18.02 18.01 18.02 18.01 17.98 17.99 17.97 17.89 17.91 17.93 17.89 17.98 17.95 17.90 17.92 17.93 17.95 17.98 17.88 17.81
17.89 17.82 17.88 17.85 17.80 17.94 17.84 17.87 17.85 18.00 17.97 18.01 18.01 18.02 18.04 18.03 17.99 18.00 17.99 18.00 18.00 18.02 18.03 18.04 18.02 18.00 18.01 18.02 18.01 17.95 18.02 18.03 18.03 18.03 18.03 18.03 18.03 18.01 18.04 18.01 17.97 18.03 18.01 18.00 18.01 17.99 18.02 17.98 18.00 18.03 17.98 18.02 18.02 17.98 17.93 17.92 17.97 18.00 18.01 17.96 17.94 17.95 17.95 17.95 17.92 17.92 17.96 17.95 17.95 17.87 17.88 17.73 17.79 17.89 17.95 17.80 17.65
