files/bom_datasets/05.08.18.txt
ncols 839
nrows 679
xllcenter 112.0500
yllcenter -43.9500
cellsize 0.0500
nodata_value 99999.90
[rows 408 to 441 of 679, columns 154 to 230 of 839]
11.04 11.26 11.75 11.99 12.32 11.44 11.74 12.48 11.66 11.24 11.52 11.49 11.44 11.55 11.49 11.94 11.63 11.78 11.26 11.01 10.80 11.18 11.78 11.78 11.51 11.51 11.50 11.47 11.46 11.80 11.64 11.15 9.97 9.78 10.23 10.31 9.96 9.68 9.34 9.45 9.72 9.77 10.08 10.23 10.26 10.85 10.95 11.38 11.59 10.90 10.61 10.95 10.38 9.96 10.20 10.54 9.74 9.34 9.29 8.96 9.31 10.20 9.98 10.06 10.40 11.02 10.66 10.62 11.41 10.81 11.07 11.96 11.50 11.72 11.72 11.69 12.19
11.10 11.23 11.46 11.01 10.71 10.93 11.77 12.23 11.70 11.10 10.96 11.00 10.78 11.38 11.88 11.35 11.28 12.00 11.34 11.22 11.25 11.40 11.32 11.30 11.09 11.43 11.24 11.33 11.90 12.62 11.46 10.62 10.12 10.48 11.20 10.99 10.89 11.04 10.77 10.15 10.35 9.74 9.96 10.40 10.29 11.26 10.64 10.32 11.10 10.96 10.84 10.88 10.56 10.17 10.65 10.95 9.89 9.32 9.08 9.24 9.52 9.90 9.76 10.21 9.91 9.71 9.28 9.72 10.24 10.86 11.60 11.94 11.24 10.84 11.38 11.50 12.05
10.54 11.05 11.11 10.60 10.25 10.92 11.58 11.83 11.82 11.64 10.61 10.20 10.65 11.07 11.10 10.95 10.50 11.07 10.99 10.49 11.07 11.16 10.85 10.92 10.80 11.55 11.39 10.92 11.99 11.26 11.30 11.85 11.99 11.75 12.03 12.77 12.18 11.85 11.53 11.21 10.91 10.64 10.20 10.74 11.25 11.67 11.66 11.75 11.84 11.68 11.26 10.60 10.47 10.55 10.80 10.38 10.02 9.92 10.26 10.00 10.24 9.72 10.33 10.69 10.64 9.97 10.19 10.68 11.23 11.69 12.05 11.33 10.85 10.43 11.10 12.08 12.77
10.75 11.17 11.63 11.66 11.07 10.98 11.72 11.19 11.40 11.23 10.88 10.09 9.44 9.80 10.75 10.93 11.21 11.26 11.08 10.68 11.13 10.98 10.49 10.27 10.49 11.17 10.72 10.74 11.27 11.11 11.71 12.20 12.03 12.16 12.09 12.44 11.93 11.64 11.93 12.06 11.39 10.38 10.19 11.00 11.43 11.52 11.85 11.87 11.08 11.22 11.80 11.35 10.64 10.29 10.29 10.51 10.56 10.76 10.41 10.05 9.88 9.78 10.21 10.67 10.43 10.19 10.98 10.89 10.95 11.05 11.03 10.81 10.24 10.12 11.30 12.32 12.57
10.84 10.87 11.19 11.39 11.35 11.33 11.55 11.52 11.35 10.91 10.58 10.06 10.02 10.49 11.10 11.47 11.62 11.46 11.10 11.62 11.35 11.49 10.62 10.54 10.47 9.82 9.86 10.58 10.74 11.14 11.82 12.92 12.31 11.61 10.74 11.25 11.38 11.94 11.83 11.96 11.11 10.53 10.69 10.99 11.70 11.07 11.24 12.00 11.93 11.54 11.86 11.26 11.39 11.20 11.10 11.15 11.25 11.41 11.46 10.03 10.13 10.47 10.23 10.37 10.22 11.01 11.24 11.16 10.71 10.57 11.02 10.63 10.51 10.35 11.18 11.45 11.29
10.80 10.98 10.66 10.44 10.43 10.89 10.83 10.91 9.83 10.41 10.41 10.01 10.61 11.30 11.52 11.34 11.40 12.09 12.36 11.66 11.92 12.69 12.49 11.88 11.19 9.81 10.16 10.67 10.67 10.79 10.51 11.62 11.90 10.72 9.96 10.80 11.20 11.93 12.07 11.54 11.10 10.89 11.11 11.97 11.72 11.60 11.75 11.69 11.56 11.59 11.59 11.40 11.54 11.93 11.74 11.58 12.05 12.61 12.40 11.22 11.23 11.55 11.70 11.31 11.55 11.44 11.08 10.77 10.27 10.01 10.22 9.26 9.86 10.20 10.64 10.28 10.48
10.71 10.82 10.68 10.38 10.59 11.32 11.39 10.91 9.84 10.12 10.56 10.40 10.24 11.15 11.79 12.06 11.99 12.43 11.98 11.51 12.30 12.49 12.45 12.37 12.08 11.23 10.55 11.02 10.54 10.11 9.94 10.94 11.10 10.30 10.29 10.84 11.36 11.73 12.04 12.10 11.56 12.51 12.41 12.31 11.05 11.10 11.62 10.87 11.37 11.36 10.80 11.55 12.08 12.18 11.84 11.61 11.77 12.11 12.19 12.05 12.06 11.93 11.46 11.59 11.69 11.67 11.15 10.68 10.14 10.02 10.22 10.08 10.65 10.77 10.71 11.07 11.77
11.58 11.32 11.31 11.24 11.32 11.56 11.41 10.54 10.37 10.09 10.00 9.98 9.76 10.84 11.45 11.31 12.02 12.26 12.37 12.27 11.65 11.58 11.94 12.12 11.87 11.06 10.05 10.58 10.55 10.03 9.95 9.99 10.11 10.37 10.10 11.22 11.40 11.27 11.50 11.82 12.15 12.84 12.86 12.46 11.51 11.17 11.03 10.23 11.40 11.45 11.30 12.32 12.05 12.15 12.17 12.10 11.47 11.54 12.65 13.23 12.99 12.08 11.16 11.63 11.58 11.52 11.83 11.71 11.46 11.63 11.58 10.73 10.94 10.90 11.88 12.60 12.31
12.10 11.44 11.28 11.65 11.99 11.50 11.74 10.93 10.45 10.43 10.53 10.61 10.23 10.30 10.55 10.82 11.34 11.46 11.97 12.02 11.48 10.98 10.88 10.75 10.87 10.38 10.33 10.54 10.50 9.75 9.53 10.20 10.25 10.76 10.92 11.23 11.21 10.51 10.71 11.35 12.62 12.77 12.77 12.40 11.97 12.21 12.26 10.78 11.34 12.03 12.06 12.13 11.67 11.54 11.60 11.13 11.33 12.07 12.93 13.39 12.80 12.05 11.16 11.65 11.26 11.23 11.77 12.12 11.73 11.56 10.95 9.99 10.97 11.81 12.58 13.08 13.25
12.29 11.80 11.89 12.61 12.17 11.80 11.63 11.58 11.51 11.42 11.06 10.94 10.85 10.49 10.58 10.75 10.99 11.67 11.63 11.31 10.95 10.80 10.95 10.54 10.87 10.43 10.07 9.84 9.81 9.35 10.13 10.75 10.32 11.10 11.05 10.62 11.24 11.73 11.37 11.55 11.89 12.61 12.59 12.49 12.83 12.74 11.88 10.63 11.04 11.37 10.83 10.50 10.48 10.44 10.67 10.47 10.95 11.79 12.23 12.05 12.17 11.77 11.62 11.89 11.77 11.79 12.20 11.74 11.27 11.33 11.00 10.74 11.93 12.58 12.82 12.65 12.54
11.33 11.44 11.82 11.74 11.57 11.02 11.50 11.52 11.84 11.79 11.26 11.00 10.83 10.30 10.94 10.62 10.76 11.74 11.61 11.17 11.43 11.62 11.32 10.87 10.85 10.60 9.94 9.88 9.68 9.87 9.74 10.20 10.90 10.65 10.87 11.20 11.81 12.18 11.97 12.01 11.90 11.83 12.31 12.65 12.58 12.57 11.87 11.25 10.68 10.69 9.98 9.21 8.88 9.25 9.77 10.08 10.51 11.52 11.19 11.03 11.21 11.50 11.62 11.69 11.66 12.24 12.33 11.80 11.05 10.66 11.36 10.94 11.41 11.63 11.37 11.17 11.12
11.71 10.72 11.28 10.95 11.36 11.12 10.94 11.46 11.31 10.87 10.09 9.90 10.37 11.00 10.94 11.09 10.65 11.46 11.54 11.55 11.68 11.51 11.20 11.36 10.74 10.16 10.11 10.56 10.40 9.85 10.33 10.52 10.08 9.61 9.93 10.54 10.97 11.56 11.97 11.97 11.96 12.09 12.32 12.37 11.93 11.22 11.50 10.99 10.65 10.78 10.63 9.26 9.11 9.39 10.13 10.87 10.96 11.94 11.86 11.65 11.46 11.05 10.99 11.56 11.59 11.95 11.72 11.51 10.76 10.89 11.34 11.10 10.94 10.51 10.30 10.14 10.37
12.48 12.18 12.01 11.31 11.40 11.31 11.37 11.78 11.74 11.59 10.60 10.56 10.66 11.07 10.97 11.51 10.98 10.67 10.79 11.31 11.39 11.39 10.99 11.15 10.44 9.78 9.80 10.06 10.13 9.87 10.16 10.55 9.95 10.00 10.15 10.26 10.48 10.96 11.15 11.56 11.81 12.12 12.21 12.05 11.66 10.78 11.54 10.83 10.92 11.47 10.98 9.72 10.36 10.05 10.12 10.92 11.57 11.50 11.69 11.06 11.05 11.27 11.40 11.21 10.74 10.93 11.23 10.60 10.03 10.33 11.33 11.13 10.76 11.01 10.78 10.13 10.80
12.62 12.33 12.57 12.35 12.17 11.08 11.56 11.62 11.59 11.13 10.63 11.02 10.96 10.30 11.06 11.33 10.63 10.80 10.54 11.33 11.34 11.70 11.22 11.34 11.10 10.94 10.62 10.69 10.44 10.43 10.59 10.44 10.06 10.03 10.05 10.40 10.74 9.84 10.63 11.71 12.15 11.98 11.84 11.77 11.57 11.66 11.74 11.47 11.58 11.99 11.79 10.33 11.18 10.50 10.87 11.08 11.30 11.20 10.99 11.28 11.66 12.12 11.48 10.98 11.12 10.54 10.24 9.91 9.83 10.71 11.72 12.04 11.37 10.80 10.77 10.50 10.50
12.60 12.57 12.20 11.93 11.96 12.19 11.69 11.21 10.97 10.65 10.71 11.04 11.02 11.19 11.38 11.62 11.20 11.41 11.01 10.72 10.97 11.63 11.95 12.29 12.27 12.06 11.33 10.72 10.25 9.94 10.01 10.47 10.07 10.08 10.71 11.02 10.99 9.64 9.75 10.79 11.59 11.82 11.99 11.86 11.67 11.67 11.54 11.71 11.49 11.46 11.35 11.31 11.35 11.03 11.62 11.10 10.66 10.63 10.79 11.13 11.76 11.51 11.14 11.39 11.35 11.07 10.43 10.48 10.28 10.57 11.32 11.83 11.10 9.62 10.47 11.25 10.63
12.19 12.53 12.30 11.79 11.62 12.33 11.48 10.91 10.79 10.47 10.77 11.09 11.49 11.66 11.61 11.39 11.15 11.12 11.24 10.87 11.41 11.99 12.25 12.24 12.13 12.10 11.55 10.31 9.79 9.54 10.24 9.90 9.73 10.17 10.93 11.22 10.75 11.12 11.39 12.39 13.54 13.46 12.03 12.36 12.38 12.12 11.92 12.50 12.21 11.95 11.51 10.99 10.73 10.53 10.58 10.04 10.40 9.98 10.41 10.57 10.87 11.03 11.26 11.25 11.16 11.46 11.48 11.10 10.99 10.59 10.53 11.18 11.48 10.71 11.85 11.51 11.06
11.58 10.77 11.29 11.90 11.29 11.78 11.76 11.92 11.42 11.00 10.93 10.95 12.12 11.63 10.94 10.45 10.80 11.25 11.55 11.73 12.40 12.42 12.22 12.35 11.81 11.32 10.83 10.65 10.34 10.75 10.82 10.16 9.94 10.17 10.81 10.62 10.71 11.49 12.27 12.66 12.75 13.18 12.52 12.33 12.32 11.91 11.87 11.85 11.55 11.28 10.96 10.33 10.39 11.65 10.19 10.92 11.55 11.11 11.49 10.85 10.25 11.33 11.95 11.70 12.20 11.63 11.12 11.20 11.38 11.17 11.20 11.99 12.50 11.01 10.98 10.76 11.33
11.83 10.86 11.01 11.29 11.60 12.24 11.65 11.95 11.84 11.37 11.01 11.39 12.10 12.37 11.77 10.88 10.73 10.59 10.85 11.48 11.83 11.90 12.03 12.01 11.52 11.20 10.60 10.33 10.83 11.37 10.61 9.85 9.78 9.74 10.28 10.14 10.55 11.14 12.19 11.64 12.01 12.19 12.25 12.78 12.72 12.55 12.10 11.78 11.49 11.21 10.88 10.45 11.16 11.26 11.20 11.99 12.52 12.32 12.14 10.91 10.61 11.88 12.10 12.05 12.08 12.17 11.94 11.75 11.29 11.25 11.59 12.04 11.84 10.85 10.69 10.85 11.61
12.23 12.13 11.78 11.44 10.53 10.90 11.03 10.79 10.64 10.57 10.64 10.07 10.38 11.62 12.13 11.89 11.49 11.59 11.39 11.40 11.43 11.88 11.89 12.01 12.03 12.05 11.49 11.51 11.41 10.69 10.12 9.46 9.57 9.96 10.08 10.41 10.50 10.62 11.15 10.96 10.49 11.41 12.25 12.59 12.45 12.47 12.51 12.29 11.84 11.43 10.79 10.30 10.63 11.48 11.73 11.96 12.48 12.61 12.74 12.04 11.62 12.13 12.76 12.62 12.20 12.11 11.97 11.47 11.34 11.63 11.70 11.52 11.03 10.36 10.41 10.47 11.12
11.79 12.02 11.57 11.62 11.51 11.23 11.29 11.17 11.74 11.20 11.44 11.17 10.87 10.68 11.67 11.44 11.32 11.10 11.36 10.83 10.86 10.92 10.70 11.41 11.83 11.73 11.78 11.75 11.06 10.55 10.29 9.54 9.22 9.60 10.24 10.36 10.76 10.96 11.04 11.04 10.98 11.33 11.52 11.23 11.68 12.14 12.52 12.25 12.07 11.61 10.79 10.30 11.09 11.54 11.58 11.77 11.77 12.18 11.99 11.48 11.85 12.00 12.18 12.27 12.38 12.35 12.26 12.20 12.20 12.34 12.13 11.86 11.58 11.01 9.94 9.97 9.86
11.01 10.70 10.78 10.72 10.33 10.97 11.42 11.71 11.66 10.58 10.85 11.11 10.65 10.58 10.81 10.70 10.24 10.37 10.38 10.03 9.13 9.59 10.06 10.53 10.84 11.23 11.35 11.38 11.04 10.81 10.30 9.47 9.21 10.03 9.97 10.44 11.20 11.96 11.10 11.37 11.31 11.07 11.59 11.07 10.86 11.83 11.90 12.02 12.24 11.81 11.37 11.42 11.85 11.37 11.16 10.76 10.43 11.79 11.73 10.96 10.79 11.58 11.66 11.67 12.45 12.64 12.45 12.47 12.39 12.48 12.26 11.81 11.61 10.78 10.87 10.25 10.05
11.39 10.63 10.82 9.85 9.30 9.61 10.48 10.91 11.08 10.46 10.66 10.46 9.71 10.31 10.51 10.50 10.60 9.99 10.22 9.86 9.13 8.68 8.55 9.63 10.06 10.12 10.30 9.65 10.05 10.65 10.59 9.90 9.43 9.92 10.59 11.43 11.33 11.17 10.77 11.49 11.24 11.38 11.49 11.37 11.21 11.71 11.69 11.26 11.57 11.31 11.23 11.67 11.82 11.50 11.63 11.09 11.19 11.24 11.34 11.28 10.96 11.18 11.11 10.92 11.40 11.39 11.70 12.15 12.47 12.62 12.31 11.98 11.66 11.04 11.19 10.01 10.34
11.56 11.43 10.99 10.65 10.51 10.68 10.50 10.75 10.97 10.46 10.35 10.41 10.57 10.69 10.56 10.67 10.74 10.56 10.00 9.67 9.82 10.02 10.01 9.76 9.62 9.46 9.38 9.86 10.48 10.26 10.71 10.02 8.95 9.90 9.86 9.77 10.39 10.92 11.12 10.97 11.45 11.40 11.37 11.45 10.95 11.02 10.93 10.88 11.42 11.49 11.28 11.58 12.27 12.13 11.41 11.50 11.63 11.61 11.46 11.31 11.19 10.73 10.71 11.43 10.55 10.07 11.04 11.67 12.03 12.53 12.92 12.71 12.07 11.80 11.30 10.02 10.39
12.21 12.32 12.18 11.99 10.91 10.73 10.50 10.80 10.90 10.97 10.86 11.11 11.82 11.38 10.90 10.83 11.02 10.87 11.16 10.91 10.32 9.84 9.54 10.35 10.45 10.62 10.27 10.87 10.90 10.85 10.59 11.04 10.36 10.41 10.70 10.45 10.72 10.83 10.95 11.15 11.53 11.99 11.27 11.03 10.33 9.99 10.78 11.24 11.64 11.12 10.40 10.68 11.19 11.76 11.71 11.33 11.64 11.34 11.43 11.13 11.16 10.14 9.69 10.65 10.80 11.01 11.55 11.64 11.71 12.31 12.54 12.34 12.16 12.19 11.50 10.23 10.31
11.96 12.10 11.58 11.72 11.40 10.98 9.74 10.37 11.19 11.55 11.62 11.67 11.81 11.48 11.29 10.72 10.78 10.97 11.30 11.78 11.66 10.71 10.17 9.89 10.54 11.34 11.45 11.25 10.87 10.63 10.86 11.20 11.23 11.43 11.20 11.26 10.71 10.86 11.22 11.95 11.77 11.25 10.86 10.08 10.54 10.75 11.24 10.16 10.91 11.29 10.73 10.81 11.03 11.78 11.33 10.95 10.60 11.05 10.74 10.70 10.87 10.24 9.46 9.89 10.71 10.72 10.46 10.96 11.16 11.31 11.73 11.90 12.04 12.15 11.64 10.55 9.93
13.10 12.72 12.37 12.28 11.57 11.58 10.77 11.40 12.21 11.40 11.37 11.45 11.98 11.49 11.15 10.99 11.06 11.10 11.31 11.69 11.28 10.95 10.68 10.19 10.56 10.81 10.68 10.60 10.19 10.16 10.77 11.30 11.21 11.22 11.20 11.28 11.37 11.37 10.59 10.78 11.02 11.01 10.23 10.92 11.03 11.53 11.36 10.61 10.48 10.89 10.34 10.34 10.65 10.70 10.82 10.90 10.26 10.97 10.70 10.36 10.54 10.47 10.25 10.40 11.06 10.98 10.41 10.34 10.29 10.72 11.39 11.50 11.69 11.89 11.50 10.75 9.94
13.66 13.90 13.60 12.82 12.46 12.27 11.57 11.81 12.02 11.64 11.56 11.75 11.49 10.88 10.60 10.82 11.03 11.17 10.91 10.98 10.56 10.31 10.24 10.04 10.05 10.28 10.33 10.30 9.81 9.84 10.41 10.70 10.75 10.96 11.45 10.99 10.93 11.31 11.44 11.60 11.60 11.48 10.99 11.27 11.61 11.59 11.64 11.90 11.76 11.84 11.80 11.62 11.29 10.86 10.29 10.43 10.08 10.54 10.98 10.00 10.27 10.88 10.82 10.48 10.88 11.11 10.36 9.58 9.71 9.79 10.23 10.49 10.53 10.50 10.78 10.25 10.63
13.59 13.08 13.20 13.09 12.88 12.81 12.54 12.11 12.19 12.10 12.50 11.84 11.76 11.69 11.37 12.00 12.15 12.08 11.84 11.75 11.03 11.11 10.73 10.72 10.93 10.99 10.91 10.89 10.74 10.09 10.24 10.04 10.26 10.68 10.71 11.05 11.23 11.32 11.55 11.65 11.26 11.33 11.31 11.45 11.31 11.62 10.87 11.89 11.98 12.13 12.60 12.43 12.02 11.57 11.54 11.13 10.80 10.45 10.10 10.32 10.04 10.39 11.39 10.69 10.40 10.56 9.80 10.14 10.29 9.49 9.73 9.84 9.53 9.53 10.66 10.25 9.96
13.65 13.59 13.22 12.85 12.88 12.29 12.60 12.46 12.96 12.82 12.80 12.52 11.72 12.11 12.14 12.77 12.15 11.54 11.69 11.77 11.60 11.80 11.19 11.67 12.00 12.04 11.86 11.36 10.53 10.34 10.70 10.72 10.91 11.78 11.45 11.11 11.09 11.17 11.41 10.71 10.75 11.43 11.05 10.72 11.22 11.23 10.73 11.05 11.44 11.88 12.37 12.14 11.39 10.82 11.33 12.01 11.46 10.96 10.49 10.56 10.13 10.02 11.03 10.52 10.38 10.56 9.87 9.42 10.04 9.66 10.04 10.04 9.83 9.36 10.61 10.36 10.61
13.38 13.65 13.73 13.63 13.20 12.92 13.26 13.38 12.90 12.82 12.51 12.24 12.30 12.58 12.90 13.02 13.07 12.40 12.04 12.22 12.13 12.27 12.39 12.34 12.64 12.49 12.27 12.15 12.09 11.77 11.50 10.93 11.51 11.43 10.92 10.60 11.07 10.82 10.55 10.73 9.81 10.81 10.57 10.28 10.75 10.67 10.80 10.83 11.03 11.32 11.50 11.62 11.41 11.18 11.05 11.75 11.39 10.66 11.02 10.89 10.53 10.67 11.03 10.73 10.53 10.39 10.56 10.51 9.97 10.05 10.21 10.07 10.07 10.03 10.53 11.04 11.13
13.59 13.32 13.58 13.79 13.26 13.08 13.30 13.46 13.54 13.29 13.38 13.62 13.41 13.14 13.11 13.26 12.89 12.74 12.45 12.51 12.48 13.13 13.26 13.40 13.42 13.19 12.81 12.44 12.58 12.54 12.16 11.77 12.42 11.69 11.54 11.18 11.35 11.13 10.56 10.90 10.64 11.07 11.13 10.69 10.56 10.08 10.78 11.16 11.26 11.23 11.43 10.97 10.68 10.58 10.58 11.01 10.87 10.73 10.95 10.75 11.03 10.81 10.59 10.35 10.40 10.07 10.33 10.78 10.71 10.86 10.65 10.19 9.85 10.40 10.56 10.85 10.65
13.37 13.34 13.27 13.65 13.71 13.19 12.87 13.00 12.96 13.43 13.38 13.46 13.41 13.27 12.90 12.75 12.72 12.85 12.69 12.76 12.79 13.22 13.08 13.32 13.12 13.22 12.87 12.58 12.42 12.14 11.79 12.01 12.54 12.50 12.27 12.28 12.28 11.74 11.29 11.67 12.46 12.28 11.96 11.72 11.27 11.55 11.75 11.91 11.72 11.41 11.14 10.82 10.84 10.68 10.55 10.25 10.21 10.37 10.71 10.34 10.20 10.30 10.58 10.41 10.14 10.09 10.36 10.74 10.94 10.39 10.47 9.64 10.28 11.28 11.36 11.46 11.18
13.66 13.71 13.69 13.74 13.70 13.45 13.05 12.98 13.10 13.28 13.72 13.55 13.35 13.56 13.01 12.47 12.07 12.35 12.70 12.52 12.83 13.10 13.52 13.33 13.18 12.95 12.81 12.67 12.55 12.43 12.69 12.36 12.46 12.58 12.81 12.46 12.02 12.14 12.08 12.34 12.93 12.69 13.15 12.39 12.23 11.98 12.04 12.11 11.88 11.83 11.48 11.37 11.46 11.54 11.61 11.20 10.64 11.05 10.91 10.44 10.13 10.54 10.65 10.37 10.49 10.10 10.10 10.22 10.32 10.35 10.53 10.57 10.48 11.17 11.62 11.69 11.48
13.79 13.84 13.69 13.68 13.62 13.60 13.23 13.25 13.81 13.68 13.84 13.57 13.53 13.58 13.63 13.29 12.90 12.70 12.77 12.69 13.27 13.58 13.58 13.51 13.27 12.95 13.07 13.15 12.84 12.48 13.05 13.07 12.82 12.48 12.68 12.30 12.09 12.34 12.25 12.03 12.11 11.92 12.77 12.23 12.25 12.06 12.05 12.35 12.43 12.26 12.21 12.20 12.24 11.96 11.89 11.46 11.42 11.67 11.65 11.41 11.19 11.22 11.12 10.82 10.41 10.16 10.80 11.32 10.54 10.62 10.00 10.33 10.76 11.53 11.77 11.97 11.98
