files/bom_datasets/05.09.18.txt
ncols 839
nrows 679
xllcenter 112.0500
yllcenter -43.9500
cellsize 0.0500
nodata_value 99999.90
[rows 170 to 203 of 679, columns 539 to 615 of 839]
19.41 18.73 18.91 18.80 18.56 18.53 18.57 18.44 18.51 18.62 18.74 18.81 18.62 18.29 18.50 18.35 18.07 18.35 18.33 18.44 18.83 18.84 18.09 18.09 17.51 17.83 17.68 18.42 17.91 18.47 18.32 18.60 18.94 17.59 18.17 17.73 17.38 18.50 18.20 18.19 18.09 18.41 18.68 18.78 19.05 18.74 19.32 18.98 18.72 18.61 18.45 18.55 19.42 19.51 19.56 19.31 19.38 19.12 19.05 18.66 18.33 18.21 18.81 19.27 19.51 19.49 18.91 19.35 18.87 19.37 19.13 19.05 19.19 19.11 19.24 19.16 19.34
19.60 19.48 19.10 19.12 18.94 18.64 18.46 18.30 18.09 18.42 18.78 18.85 19.00 18.86 18.84 18.48 18.82 18.19 17.71 18.51 18.85 18.47 18.72 18.68 18.02 17.18 18.41 17.20 18.49 18.30 18.23 17.80 18.84 18.90 19.08 18.35 18.63 17.67 18.12 18.26 18.43 18.81 18.73 19.44 18.80 18.96 19.31 19.31 19.21 18.78 18.73 18.99 19.11 19.26 19.77 19.39 19.31 19.30 19.39 18.74 19.21 19.29 18.88 18.06 18.50 18.60 18.69 19.18 18.80 19.31 18.58 19.01 18.97 18.87 18.51 18.73 18.96
19.67 19.61 19.35 19.08 18.79 18.72 18.39 18.03 18.43 18.62 18.67 19.10 18.52 18.76 19.00 18.86 18.67 18.68 18.50 18.64 18.87 18.04 18.58 18.05 18.90 17.86 18.40 18.31 18.12 18.20 17.75 18.99 17.92 18.33 17.86 17.88 17.39 18.13 18.24 18.48 18.17 18.00 18.60 18.29 18.81 19.22 19.39 19.32 19.27 19.21 18.60 18.77 18.74 18.50 18.90 19.26 19.51 19.47 19.00 18.54 18.65 18.43 17.56 18.55 19.20 19.05 18.57 18.54 18.14 18.65 19.07 18.75 18.88 18.86 18.51 18.57 18.87
19.62 19.65 19.50 19.22 19.04 18.46 18.10 18.22 17.94 19.07 19.12 19.29 19.29 19.21 19.03 19.01 18.65 18.29 18.65 18.33 18.75 18.87 19.10 18.94 19.03 18.32 17.50 17.53 18.30 18.73 18.09 17.84 18.41 17.43 18.08 17.94 18.32 17.64 17.56 18.32 17.59 18.23 18.66 18.24 18.60 19.15 19.05 19.30 19.09 19.20 19.31 18.50 19.23 18.98 18.64 18.70 18.91 19.49 19.61 19.27 19.05 19.43 18.56 18.54 18.65 17.94 17.96 18.55 18.17 17.76 18.52 18.28 18.75 18.56 18.56 18.34 18.03
19.57 19.62 19.59 19.38 19.13 18.81 18.64 18.39 18.49 18.49 18.96 19.23 19.04 19.07 19.23 18.85 18.79 18.87 18.97 18.53 18.54 18.77 18.43 18.49 18.89 18.54 18.73 18.51 17.70 18.55 18.26 18.38 18.02 17.73 17.93 17.68 18.66 18.42 18.17 18.11 18.47 17.95 18.07 18.56 18.97 19.09 19.29 19.53 19.49 19.52 19.25 19.13 19.12 19.47 19.48 19.48 19.32 19.52 19.69 19.29 18.02 18.38 18.47 18.94 18.66 18.51 18.41 18.70 18.43 18.27 17.96 17.73 18.40 19.40 18.30 17.81 17.46
19.57 19.60 19.63 19.44 18.90 19.06 18.99 18.77 18.82 18.50 18.94 18.83 19.02 19.01 19.43 19.24 18.95 18.56 18.08 18.66 18.87 19.04 18.51 18.30 18.74 17.76 18.57 18.65 18.01 18.26 18.15 17.69 18.25 17.88 17.61 17.93 17.93 18.33 17.87 18.37 18.19 18.91 18.16 18.61 18.30 17.84 18.81 19.30 18.80 18.99 18.01 18.70 19.05 18.30 19.06 19.29 18.99 18.96 18.93 18.82 19.23 19.62 18.54 18.54 19.04 19.15 19.16 18.89 17.60 18.13 17.50 17.85 18.24 17.72 17.07 17.30 18.81
19.59 19.58 19.57 19.57 19.48 19.38 19.29 19.06 19.14 18.67 18.83 18.64 18.96 19.32 19.54 19.06 18.57 18.52 18.16 17.89 19.04 18.72 18.79 18.40 18.84 18.65 18.75 18.67 17.74 18.16 17.61 17.61 18.00 17.05 17.93 17.24 17.64 18.08 18.24 18.66 18.26 18.09 18.18 18.38 18.88 19.14 19.34 18.93 19.15 19.59 19.38 19.51 19.32 19.00 19.49 19.10 18.60 19.14 19.49 19.60 19.62 19.52 18.78 18.37 19.23 19.29 18.44 18.65 18.76 18.44 18.20 18.05 17.14 17.55 18.06 18.41 18.39
19.56 19.42 19.48 19.56 19.57 19.47 19.42 19.44 19.03 19.03 18.72 18.76 18.76 19.07 19.16 18.12 18.23 18.52 17.77 18.65 18.29 18.55 18.21 18.79 19.28 19.00 18.65 18.21 17.47 18.23 18.68 18.29 17.91 18.52 17.80 18.51 17.13 17.30 18.15 19.12 18.69 18.62 17.87 17.89 18.19 18.08 18.80 18.95 18.88 19.01 18.89 18.49 19.03 18.85 18.91 18.86 19.19 19.25 18.93 18.91 19.11 19.08 19.17 18.86 18.25 18.29 17.86 18.98 19.41 18.56 17.97 17.31 17.72 17.32 17.13 17.13 16.56
19.55 19.56 19.58 19.57 19.54 19.53 19.49 19.45 19.18 19.20 19.16 19.04 18.09 18.96 19.38 18.48 19.36 19.26 18.52 18.39 17.76 18.05 18.11 18.66 19.48 18.92 18.37 18.52 18.28 18.39 18.27 18.66 17.49 17.45 17.65 17.95 17.69 18.05 17.43 18.33 18.27 18.70 18.76 18.43 18.21 18.95 18.55 18.73 18.81 18.64 19.41 19.17 18.57 18.96 19.01 18.89 19.21 19.18 19.12 19.00 19.32 19.29 19.31 18.87 18.35 18.65 19.00 19.37 18.59 18.67 18.80 18.31 18.43 17.26 17.95 18.18 17.68
19.59 19.56 19.51 19.55 19.59 19.51 19.51 19.45 19.28 19.01 19.21 19.08 19.04 19.24 19.49 18.76 18.87 18.61 18.08 18.04 18.76 17.55 18.24 18.41 18.69 18.83 18.87 18.39 18.55 17.95 17.83 18.28 18.00 18.23 18.16 17.90 17.82 17.67 18.16 17.89 18.17 17.99 18.57 18.25 18.34 18.68 18.17 18.21 18.65 19.05 18.68 18.65 18.91 18.63 18.99 18.01 17.27 17.55 18.41 18.13 18.06 18.29 19.30 19.19 19.20 19.13 18.12 17.39 18.12 19.06 19.38 19.22 18.70 17.04 17.44 17.84 17.99
19.49 19.54 19.54 19.53 19.61 19.61 19.55 19.50 19.26 19.26 19.26 19.36 19.29 19.11 19.24 19.02 18.96 19.00 18.50 18.48 18.35 18.36 18.30 18.31 18.74 19.17 19.45 18.62 18.89 18.16 18.58 18.33 17.97 17.80 17.61 18.03 18.37 18.30 18.37 17.97 17.80 18.19 18.29 17.75 18.25 19.05 18.59 18.88 18.25 18.87 18.61 18.69 18.91 19.01 18.55 18.39 18.79 18.77 18.26 19.10 18.42 18.58 18.43 18.21 18.67 18.82 18.88 18.52 18.89 18.88 18.41 17.99 17.67 18.14 18.66 17.22 17.94
19.47 19.50 19.53 19.55 19.53 19.60 19.60 19.61 19.57 19.45 19.44 19.55 19.55 19.41 19.22 19.14 19.35 19.27 18.90 18.39 18.46 18.11 17.86 18.40 18.34 19.09 18.95 18.73 18.52 18.53 18.44 18.73 18.47 17.92 17.93 18.29 18.23 18.15 17.94 18.40 18.53 18.38 18.60 18.43 18.39 19.10 19.17 18.69 18.92 19.08 18.98 19.29 18.88 19.04 19.05 19.21 18.52 18.29 18.42 18.21 17.32 17.67 17.58 18.80 18.48 18.82 18.14 18.08 18.22 18.10 18.39 19.31 18.27 18.12 18.71 18.21 17.83
19.49 19.52 19.54 19.57 19.54 19.59 19.59 19.53 19.55 19.44 19.53 19.56 19.56 19.52 19.42 19.28 19.30 19.42 19.08 18.68 18.92 18.16 18.41 18.57 18.32 18.81 18.70 18.70 19.04 19.14 18.80 18.43 18.01 17.81 17.85 17.78 18.29 18.26 18.58 18.10 18.41 18.23 18.41 18.62 18.49 19.09 18.60 19.06 19.09 18.68 19.10 19.28 19.41 19.25 19.41 18.93 19.16 19.27 18.41 18.53 18.70 18.02 18.72 18.25 17.90 18.01 18.28 18.24 18.12 17.92 17.84 18.57 17.85 18.29 18.46 17.46 18.73
19.49 19.51 19.56 19.55 19.52 19.51 19.53 19.52 19.55 19.49 19.48 19.45 19.50 19.48 19.48 19.52 19.50 19.51 19.30 19.09 18.76 18.78 18.65 18.31 18.67 19.00 18.92 19.09 18.80 18.98 18.96 18.62 18.25 17.89 17.71 18.22 18.46 18.80 18.67 18.33 18.31 18.32 18.13 18.41 18.27 19.03 19.48 19.36 19.44 19.43 19.28 19.38 19.30 19.41 19.11 19.35 19.13 19.00 18.84 18.95 18.86 18.77 18.23 18.59 18.94 18.77 18.19 18.71 18.31 16.83 16.77 17.51 17.62 18.37 18.93 18.24 18.29
19.53 19.53 19.52 19.50 19.50 19.53 19.51 19.49 19.54 19.54 19.51 19.46 19.52 19.53 19.48 19.55 19.52 19.47 19.40 19.30 19.07 18.95 18.99 18.79 18.56 18.94 18.84 19.03 18.92 19.01 19.08 19.07 18.74 18.75 18.66 18.21 17.63 18.31 18.43 18.60 18.46 18.59 17.98 18.22 18.29 18.20 19.41 19.33 19.23 19.40 19.30 19.13 19.51 19.47 19.47 19.36 19.41 19.39 18.92 18.82 18.89 18.75 18.67 18.62 18.37 18.69 18.85 18.51 18.43 18.42 18.69 18.19 18.04 17.66 18.28 17.91 18.17
19.52 19.53 19.51 19.51 19.49 19.48 19.50 19.49 19.52 19.53 19.53 19.53 19.52 19.52 19.50 19.54 19.46 19.34 19.37 19.32 19.15 18.86 18.92 19.01 18.97 19.03 19.16 18.95 19.24 19.24 19.19 19.38 19.36 19.33 19.09 18.65 18.29 18.35 18.13 18.51 18.62 18.17 18.21 18.47 18.48 18.03 18.89 19.33 19.00 19.42 19.48 19.30 19.43 19.30 19.31 19.46 19.55 19.33 19.40 19.23 19.27 19.09 18.99 19.18 19.16 19.03 18.87 18.61 18.98 18.98 18.31 18.02 17.70 16.54 17.85 17.61 18.34
19.52 19.48 19.48 19.51 19.49 19.47 19.50 19.50 19.51 19.52 19.53 19.52 19.52 19.53 19.46 19.46 19.44 19.47 19.45 19.21 19.05 18.93 18.79 18.93 19.08 19.09 19.37 19.05 19.09 19.10 19.25 19.18 19.45 19.47 19.39 19.20 18.99 18.64 18.17 18.50 18.18 17.98 17.94 18.03 18.42 17.96 19.21 19.38 19.49 19.56 19.49 19.43 19.33 19.29 19.42 19.36 19.04 19.41 19.40 18.94 18.88 19.01 19.16 18.97 19.07 18.76 19.00 18.92 18.97 19.00 18.81 18.31 18.26 18.56 18.34 18.04 17.92
19.50 19.49 19.44 19.46 19.48 19.48 19.50 19.49 19.49 19.50 19.50 19.51 19.49 19.45 19.40 19.37 19.39 19.38 19.42 19.14 19.02 19.19 19.07 19.07 19.21 19.18 19.40 19.06 19.32 19.30 19.31 19.33 19.44 19.56 19.43 18.98 18.94 18.72 18.71 18.34 17.91 18.08 17.96 18.17 17.98 17.85 19.15 19.36 19.33 19.31 19.35 19.21 19.11 19.29 19.36 19.26 19.44 19.31 19.26 18.95 19.08 19.04 18.97 19.19 19.21 19.35 19.15 19.02 19.04 19.00 18.91 18.63 18.49 18.18 17.44 17.70 17.50
19.45 19.49 19.48 19.45 19.45 19.48 19.47 19.47 19.46 19.48 19.47 19.46 19.46 19.38 19.35 19.40 19.44 19.33 19.40 19.18 19.13 19.26 19.25 18.75 19.09 19.32 19.24 19.22 19.28 19.40 19.36 19.40 19.47 19.43 19.39 19.12 18.95 19.06 18.93 18.78 18.44 18.18 17.82 17.35 17.81 17.73 18.67 19.30 19.35 19.49 19.38 19.51 19.53 19.35 19.09 19.18 19.43 19.25 18.96 19.01 19.14 19.19 18.91 19.16 19.22 19.04 19.11 19.15 18.94 19.18 19.22 19.08 18.82 18.54 18.23 17.93 17.54
19.44 19.47 19.48 19.44 19.42 19.44 19.47 19.47 19.46 19.47 19.46 19.41 19.44 19.42 19.40 19.40 19.50 19.46 19.37 19.41 19.04 19.08 19.28 18.69 18.94 19.30 19.30 19.31 19.16 19.45 19.41 19.26 19.40 19.40 19.35 19.07 19.03 19.01 18.84 19.30 19.13 18.36 18.32 17.83 17.80 17.97 18.18 19.15 19.42 19.47 19.30 19.27 19.38 19.40 19.14 18.41 19.22 19.32 19.41 19.09 19.08 18.92 19.16 19.24 19.35 19.41 19.27 19.34 19.25 19.17 19.34 19.38 19.15 18.95 18.69 18.25 17.73
19.41 19.46 19.46 19.44 19.45 19.45 19.46 19.44 19.44 19.45 19.42 19.41 19.42 19.42 19.40 19.38 19.46 19.49 19.43 19.42 19.04 19.08 19.18 18.67 18.93 19.25 19.16 19.37 19.32 19.18 19.02 18.92 19.38 19.29 19.28 19.26 19.34 19.40 19.22 18.77 19.09 18.76 18.67 17.84 17.73 18.02 18.30 18.87 19.25 19.40 19.47 19.50 19.50 19.53 19.46 19.24 19.33 19.30 19.46 19.37 19.33 19.05 19.28 19.27 19.30 19.35 19.31 19.19 19.12 19.07 19.13 19.34 19.35 19.13 19.05 19.02 18.79
19.42 19.40 19.43 19.38 19.43 19.44 19.44 19.41 19.43 19.41 19.43 19.41 19.41 19.39 19.39 19.41 19.45 19.40 19.40 19.37 19.28 19.20 19.20 18.83 19.13 19.25 19.18 19.13 19.42 19.02 18.99 19.29 19.31 19.25 18.65 18.85 18.54 18.25 17.96 18.79 19.31 19.08 18.56 18.18 17.60 18.24 19.01 18.90 19.41 19.33 19.46 19.40 19.48 19.45 19.41 19.31 18.87 19.17 19.40 19.35 19.31 19.26 19.43 19.43 19.32 19.34 19.38 19.22 19.24 19.27 19.10 19.17 19.19 19.24 19.16 19.14 19.21
19.44 19.40 19.41 19.39 19.39 19.40 19.40 19.41 19.41 19.42 19.41 19.41 19.40 19.37 19.39 19.40 19.37 19.36 19.40 19.32 19.32 19.33 19.23 18.88 19.05 19.25 19.32 19.29 19.22 19.40 19.28 19.36 19.39 18.73 18.60 18.64 17.96 17.79 18.15 18.62 19.26 19.17 18.63 18.22 18.08 18.54 18.78 18.86 19.22 19.39 19.43 19.41 19.25 19.22 19.30 19.33 19.03 18.44 19.08 19.39 19.47 19.42 19.38 19.35 19.37 19.33 19.45 19.30 19.28 19.22 19.22 19.20 19.29 19.27 19.24 19.33 19.19
19.39 19.41 19.38 19.36 19.36 19.33 19.35 19.39 19.37 19.37 19.36 19.39 19.39 19.39 19.39 19.36 19.35 19.31 19.38 19.35 19.25 19.28 19.27 18.99 19.12 19.29 19.34 19.30 19.19 19.37 19.33 19.38 19.20 18.72 18.63 18.24 17.67 18.16 18.27 18.75 19.17 19.30 18.90 18.49 18.00 18.28 18.45 18.67 18.95 19.44 19.44 19.44 19.40 19.32 19.33 19.33 19.26 18.83 19.07 19.34 19.34 19.36 19.36 19.34 19.43 19.40 19.37 19.31 19.27 19.23 19.36 19.35 19.24 19.15 19.25 19.36 19.35
19.39 19.41 19.39 19.31 19.29 19.26 19.33 19.37 19.33 19.29 19.35 19.37 19.36 19.34 19.35 19.30 19.35 19.34 19.33 19.31 19.34 19.28 19.33 18.85 19.21 19.32 19.29 19.24 19.03 19.26 19.34 19.19 18.83 18.70 18.56 17.95 17.83 18.04 18.64 19.07 18.99 18.80 18.82 18.79 18.26 18.51 18.73 19.13 19.03 19.25 19.36 19.40 19.43 19.41 19.25 19.27 19.38 19.17 19.29 19.35 19.32 19.36 19.40 19.29 19.30 19.36 19.35 19.39 19.38 19.37 19.33 19.36 19.32 19.25 19.23 19.24 19.32
19.39 19.40 19.35 19.31 19.28 19.27 19.34 19.34 19.27 19.25 19.32 19.35 19.35 19.37 19.37 19.34 19.35 19.34 19.33 19.28 19.28 19.32 19.33 18.99 19.29 19.36 19.34 19.22 19.14 19.17 19.09 18.89 18.58 18.46 18.16 17.89 18.15 18.34 18.93 19.04 18.81 18.79 18.41 19.03 18.25 17.67 18.24 18.83 19.12 19.16 19.44 19.41 19.41 19.43 19.11 19.22 19.09 19.11 19.10 19.37 19.35 19.36 19.38 19.39 19.30 19.39 19.26 19.35 19.37 19.27 19.35 19.29 19.33 19.33 19.27 19.19 19.22
19.36 19.35 19.34 19.31 19.29 19.28 19.31 19.31 19.29 19.26 19.27 19.29 19.30 19.34 19.33 19.35 19.34 19.33 19.34 19.35 19.30 19.34 19.29 19.24 19.29 19.34 19.31 19.21 19.24 19.17 18.88 18.72 18.70 18.33 18.05 17.76 18.43 18.44 19.06 18.77 19.12 19.06 18.67 18.60 18.62 17.91 17.38 17.58 18.48 18.57 19.27 18.88 19.38 19.41 19.33 19.13 19.18 19.08 18.83 18.97 19.15 19.33 19.35 19.38 19.38 19.36 19.33 19.37 19.40 19.38 19.39 19.38 19.37 19.32 19.22 19.27 19.13
19.35 19.34 19.33 19.32 19.29 19.21 19.29 19.25 19.22 19.20 19.14 19.23 19.28 19.32 19.30 19.34 19.33 19.34 19.32 19.29 19.31 19.32 19.24 19.28 19.28 19.35 19.29 19.31 19.11 18.86 18.99 18.91 18.81 18.13 18.68 18.47 18.74 19.03 19.03 19.06 18.89 18.81 18.54 18.67 18.71 18.24 18.38 18.39 18.40 18.63 18.86 19.00 19.25 19.33 19.21 19.35 19.28 19.24 18.84 18.79 18.86 18.94 19.22 19.37 19.34 19.36 19.35 19.32 19.36 19.34 19.36 19.32 19.36 19.36 19.29 19.24 19.27
19.34 19.35 19.32 19.28 19.28 19.24 19.26 19.22 19.23 19.24 19.22 19.23 19.26 19.31 19.31 19.29 19.31 19.34 19.34 19.26 19.31 19.30 19.25 19.27 19.22 19.23 18.94 19.24 19.31 19.09 18.86 18.63 18.62 18.41 18.84 18.63 18.61 18.80 18.85 18.77 19.00 18.76 18.46 18.26 18.60 18.40 18.56 18.35 18.18 18.12 18.53 18.52 18.99 19.25 19.32 19.34 19.24 19.16 19.03 18.74 18.81 18.71 18.99 19.23 19.27 19.35 19.35 19.34 19.34 19.35 19.35 19.36 19.34 19.36 19.28 19.30 19.16
19.33 19.33 19.31 19.30 19.25 19.22 19.26 19.21 19.23 19.25 19.25 19.26 19.26 19.27 19.28 19.30 19.29 19.28 19.31 19.26 19.26 19.24 19.26 19.30 19.24 19.17 18.90 19.14 19.26 19.03 18.90 18.52 18.56 18.42 18.82 18.72 18.74 18.93 18.94 18.80 18.99 18.93 18.68 18.48 19.00 18.52 18.58 18.30 18.46 18.45 18.43 18.61 18.70 18.92 19.01 19.19 19.23 19.22 19.25 19.31 19.16 19.02 18.99 19.15 19.15 19.22 19.29 19.33 19.33 19.34 19.36 19.32 19.31 19.22 19.10 19.12 19.06
19.33 19.33 19.29 19.30 19.25 19.17 19.20 19.19 19.21 19.22 19.22 19.17 19.24 19.24 19.26 19.27 19.27 19.24 19.27 19.26 19.24 19.23 19.25 19.27 19.25 19.21 19.15 19.12 19.03 18.69 18.72 18.50 18.63 18.75 18.98 18.69 18.75 18.65 18.82 18.88 18.91 18.93 18.98 18.91 19.15 18.75 18.54 18.43 18.30 18.51 18.20 18.25 18.27 19.01 18.90 18.73 18.78 18.73 18.66 18.80 19.09 19.03 18.87 18.72 18.86 19.16 19.12 19.25 19.34 19.33 19.20 19.31 19.23 19.09 19.23 19.01 19.11
19.31 19.30 19.27 19.32 19.28 19.19 19.21 19.18 19.22 19.21 19.17 19.17 19.22 19.23 19.22 19.23 19.23 19.22 19.21 19.21 19.17 19.22 19.25 19.26 19.26 19.28 19.24 18.93 18.63 18.65 18.49 18.49 18.54 18.79 18.81 18.64 18.76 18.73 19.10 19.25 19.24 19.21 19.10 18.86 18.60 18.41 18.66 18.67 18.60 18.36 18.25 18.14 18.20 18.48 19.02 18.94 18.78 18.73 18.84 18.83 18.65 18.43 18.53 18.71 18.55 18.68 19.24 19.30 19.21 18.85 18.85 19.04 18.66 19.05 19.05 19.03 19.19
19.28 19.27 19.31 19.28 19.24 19.17 19.19 19.19 19.23 19.21 19.19 19.16 19.21 19.23 19.20 19.21 19.22 19.19 19.17 19.19 19.18 19.19 19.16 19.20 19.21 19.25 19.24 18.87 18.60 18.53 18.68 18.71 18.75 18.85 18.65 18.73 18.73 19.11 19.25 19.26 19.27 19.28 19.13 18.64 18.42 18.16 18.16 18.32 18.81 18.68 18.36 18.19 17.80 17.98 18.29 18.90 18.78 18.57 18.42 18.66 18.65 18.55 18.58 18.57 18.54 18.35 18.70 18.66 18.64 18.80 18.98 18.75 18.83 19.11 19.10 19.26 19.26
19.28 19.27 19.28 19.23 19.24 19.20 19.21 19.18 19.21 19.17 19.19 19.15 19.20 19.23 19.20 19.19 19.20 19.19 19.17 19.15 19.16 19.20 19.17 19.19 19.15 19.20 19.18 18.97 18.74 18.47 18.57 18.64 18.48 18.60 18.18 18.59 19.14 19.17 19.24 19.26 19.25 19.17 19.02 18.70 17.67 18.18 18.49 18.75 18.60 18.53 18.67 18.46 18.38 18.29 18.31 18.54 18.62 18.42 18.75 18.85 18.94 18.31 18.06 18.47 18.45 18.29 18.21 17.54 18.13 18.43 18.90 19.01 19.12 18.86 18.91 19.21 19.28
