files/bom_datasets/05.05.18.txt
ncols 839
nrows 679
xllcenter 112.0500
yllcenter -43.9500
cellsize 0.0500
nodata_value 99999.90
[rows 612 to 645 of 679, columns 616 to 692 of 839]
99999.90 99999.90 99999.90 99999.90 99999.90 99999.90 99999.90 99999.90 99999.90 99999.90 99999.90 99999.90 99999.90 99999.90 99999.90 99999.90 99999.90 99999.90 99999.90 99999.90 99999.90 99999.90 99999.90 99999.90 99999.90 99999.90 8.25 7.91 7.91 7.91 7.91 7.91 7.91 7.91 7.91 7.91 7.91 7.91 7.91 8.85 8.47 8.47 8.47 8.47 8.47 6.50 5.68 5.62 7.15 6.85 6.85 6.85 6.85 6.55 6.55 6.55 6.55 5.67 5.67 5.67 6.98 6.98 6.30 6.30 8.87 8.87 8.87 8.87 8.87 7.57 7.57 8.69 8.69 9.62 9.62 9.62 9.62
99999.90 99999.90 99999.90 99999.90 99999.90 99999.90 99999.90 99999.90 99999.90 99999.90 99999.90 99999.90 99999.90 99999.90 99999.90 99999.90 99999.90 99999.90 99999.90 99999.90 99999.90 99999.90 99999.90 99999.90 99999.90 99999.90 8.25 7.91 7.91 7.91 7.91 7.91 7.91 7.91 7.91 7.91 7.91 7.91 7.91 8.85 8.47 8.47 8.47 8.47 6.50 6.50 5.68 5.62 7.15 6.85 6.85 6.85 6.17 6.55 6.55 6.55 6.55 5.67 5.67 6.98 6.98 6.98 6.30 8.87 8.87 8.87 8.87 8.87 8.87 7.57 7.50 6.40 8.69 9.62 9.62 9.62 9.62
99999.90 99999.90 99999.90 99999.90 99999.90 99999.90 99999.90 99999.90 99999.90 99999.90 99999.90 99999.90 99999.90 99999.90 99999.90 99999.90 99999.90 99999.90 99999.90 99999.90 99999.90 99999.90 99999.90 99999.90 99999.90 99999.90 8.25 8.25 8.25 7.91 7.91 7.91 7.91 7.91 7.91 7.91 7.91 7.91 8.84 8.85 8.85 8.47 5.39 6.50 6.50 7.07 5.68 5.62 7.15 6.85 6.85 6.85 6.17 6.55 6.55 6.55 5.67 5.67 5.67 6.98 6.98 6.30 6.30 8.87 8.87 8.87 8.87 8.87 7.57 7.57 7.50 6.40 8.69 8.69 9.62 9.62 9.62
99999.90 99999.90 99999.90 99999.90 99999.90 99999.90 99999.90 99999.90 99999.90 99999.90 99999.90 99999.90 99999.90 99999.90 99999.90 99999.90 99999.90 99999.90 99999.90 99999.90 99999.90 99999.90 99999.90 99999.90 99999.90 99999.90 8.25 8.25 8.25 8.25 8.25 8.25 8.25 8.25 7.91 7.91 8.77 8.77 8.77 9.04 7.78 6.14 5.39 6.50 6.50 7.07 5.68 5.62 7.15 6.85 6.85 5.72 6.17 6.55 6.55 6.55 5.67 5.67 6.98 6.98 6.98 6.30 6.30 8.87 8.87 8.87 8.87 8.87 7.57 8.97 7.50 6.40 6.80 8.69 9.62 9.62 9.62
99999.90 99999.90 99999.90 99999.90 99999.90 99999.90 99999.90 99999.90 99999.90 99999.90 99999.90 99999.90 99999.90 99999.90 99999.90 99999.90 99999.90 99999.90 99999.90 99999.90 99999.90 99999.90 99999.90 99999.90 99999.90 99999.90 8.25 8.25 8.25 8.25 8.25 8.25 8.25 8.25 8.25 8.25 9.31 9.31 9.31 9.46 8.75 6.13 4.95 6.52 7.36 7.07 5.68 5.62 7.15 6.85 6.85 5.72 6.17 6.55 6.55 5.67 5.67 5.67 6.98 6.98 6.30 6.30 6.30 8.87 8.87 8.87 8.87 7.57 7.57 8.97 7.50 6.40 6.80 8.69 8.69 9.62 9.62
99999.90 99999.90 99999.90 99999.90 99999.90 99999.90 99999.90 99999.90 99999.90 99999.90 99999.90 99999.90 99999.90 99999.90 99999.90 99999.90 99999.90 99999.90 99999.90 99999.90 99999.90 99999.90 99999.90 99999.90 99999.90 99999.90 8.25 8.25 8.25 8.25 8.25 8.25 8.25 8.25 8.25 8.25 8.25 8.06 8.06 8.26 8.16 7.58 6.70 6.75 8.01 8.53 5.57 5.70 5.43 5.24 5.52 5.72 6.17 6.55 6.55 5.67 5.67 6.98 6.98 6.98 6.30 6.30 8.09 8.87 8.87 8.87 8.87 7.57 7.57 8.97 7.50 6.40 6.80 8.69 8.69 9.62 9.62
99999.90 99999.90 99999.90 99999.90 99999.90 99999.90 99999.90 99999.90 99999.90 99999.90 99999.90 99999.90 99999.90 99999.90 99999.90 99999.90 99999.90 99999.90 99999.90 99999.90 99999.90 99999.90 99999.90 99999.90 99999.90 99999.90 8.25 8.25 8.25 8.25 8.25 8.25 8.25 8.25 8.25 8.25 8.25 7.16 7.70 8.34 7.62 7.99 7.00 7.59 8.21 7.40 4.64 4.61 5.17 5.20 4.34 5.65 6.10 6.42 5.81 5.67 5.67 6.98 6.98 6.30 6.30 6.30 8.09 8.87 8.87 8.87 7.57 7.57 7.57 8.97 7.50 6.40 6.80 8.69 8.69 8.69 9.62
99999.90 99999.90 99999.90 99999.90 99999.90 99999.90 99999.90 99999.90 99999.90 99999.90 99999.90 99999.90 99999.90 99999.90 99999.90 99999.90 99999.90 99999.90 99999.90 99999.90 99999.90 99999.90 99999.90 99999.90 99999.90 99999.90 7.31 7.31 7.31 7.31 7.31 7.31 7.31 7.31 7.31 7.31 7.31 6.90 7.74 8.45 7.62 6.77 6.73 5.18 4.49 4.19 4.27 4.50 5.75 4.72 5.44 5.47 5.43 4.57 5.81 7.05 7.90 6.98 6.98 6.30 6.30 7.67 8.09 8.87 8.87 8.87 7.57 7.57 8.97 8.97 7.50 6.40 6.80 7.79 8.69 8.69 9.62
99999.90 99999.90 99999.90 99999.90 99999.90 99999.90 99999.90 99999.90 99999.90 99999.90 99999.90 99999.90 99999.90 99999.90 99999.90 99999.90 99999.90 99999.90 99999.90 99999.90 99999.90 99999.90 99999.90 99999.90 99999.90 99999.90 7.31 7.31 7.31 7.31 7.31 7.31 7.31 7.31 7.31 7.31 7.31 6.97 6.86 7.34 6.89 6.37 5.44 4.83 4.30 4.00 4.24 5.36 5.66 4.80 5.02 6.05 5.04 5.15 6.93 7.49 6.70 7.11 7.73 6.30 6.30 7.67 8.09 8.87 8.87 7.57 7.57 7.57 8.97 8.97 7.50 6.40 6.80 7.79 8.69 8.69 8.69
99999.90 99999.90 99999.90 99999.90 99999.90 99999.90 99999.90 99999.90 99999.90 99999.90 99999.90 99999.90 99999.90 99999.90 99999.90 99999.90 99999.90 99999.90 99999.90 99999.90 99999.90 99999.90 99999.90 99999.90 99999.90 99999.90 7.31 7.31 7.31 7.31 7.31 7.31 7.31 7.31 7.31 6.61 6.61 6.61 6.96 6.71 6.37 5.66 3.82 4.84 4.25 4.30 4.36 4.83 4.02 3.95 5.85 5.52 5.89 5.31 6.50 6.53 5.71 6.29 7.21 7.32 8.45 7.67 8.09 8.87 8.87 7.57 7.57 8.47 8.97 8.97 7.50 6.40 6.80 7.79 8.60 8.69 8.69
99999.90 99999.90 99999.90 99999.90 99999.90 99999.90 99999.90 99999.90 99999.90 99999.90 99999.90 99999.90 99999.90 99999.90 99999.90 99999.90 99999.90 99999.90 99999.90 99999.90 99999.90 99999.90 99999.90 99999.90 99999.90 99999.90 7.31 7.31 7.31 7.31 7.31 7.31 7.31 6.34 6.34 6.34 6.34 6.34 5.37 4.99 5.64 5.12 5.56 4.71 5.16 6.13 5.25 4.86 3.70 3.24 3.64 3.78 4.03 3.43 3.94 5.03 5.06 6.41 7.39 7.93 6.58 6.97 7.44 7.45 6.89 7.57 7.57 8.47 8.97 8.97 7.50 6.40 6.80 7.79 8.60 8.69 8.69
99999.90 99999.90 99999.90 99999.90 99999.90 99999.90 99999.90 99999.90 99999.90 99999.90 99999.90 99999.90 99999.90 99999.90 99999.90 99999.90 99999.90 99999.90 99999.90 99999.90 99999.90 99999.90 99999.90 99999.90 99999.90 99999.90 7.31 7.31 7.31 6.17 6.17 6.17 6.17 6.17 6.17 6.17 6.17 6.17 5.21 5.38 5.63 4.52 2.72 2.53 4.44 4.33 4.69 4.34 3.15 3.47 3.91 4.18 4.34 4.41 3.57 4.58 5.33 5.37 5.50 6.08 6.25 7.02 7.67 7.47 6.62 8.58 9.13 8.47 8.97 8.97 7.50 6.40 6.80 7.79 8.60 8.43 8.82
99999.90 99999.90 99999.90 99999.90 99999.90 99999.90 99999.90 99999.90 99999.90 99999.90 99999.90 99999.90 99999.90 99999.90 99999.90 99999.90 99999.90 99999.90 99999.90 99999.90 99999.90 99999.90 99999.90 99999.90 99999.90 99999.90 7.31 6.17 6.17 6.17 6.17 6.17 6.17 6.17 6.17 6.17 6.17 6.17 4.76 3.48 3.54 3.64 2.54 2.73 4.25 3.39 2.41 2.67 3.14 1.85 1.92 2.83 4.18 4.02 3.11 3.04 3.99 3.73 4.10 4.67 5.58 5.87 6.55 7.88 8.38 8.97 9.15 8.98 8.61 8.53 7.98 7.76 7.10 7.41 7.54 7.98 8.68
99999.90 99999.90 99999.90 99999.90 99999.90 99999.90 99999.90 99999.90 99999.90 99999.90 99999.90 99999.90 99999.90 99999.90 99999.90 99999.90 99999.90 99999.90 99999.90 99999.90 99999.90 99999.90 99999.90 99999.90 99999.90 99999.90 7.31 6.17 6.17 6.17 6.17 6.17 6.17 6.17 6.17 6.17 4.74 4.74 4.74 4.02 4.61 4.94 3.42 2.39 3.00 3.44 2.94 3.69 3.55 2.44 2.41 3.97 5.47 3.92 2.90 3.26 4.18 5.06 5.81 6.83 6.96 7.79 8.22 8.26 7.71 6.95 8.44 9.11 9.16 8.59 7.96 8.25 7.86 7.31 7.52 7.40 7.57
99999.90 99999.90 99999.90 99999.90 99999.90 99999.90 99999.90 99999.90 99999.90 99999.90 99999.90 99999.90 99999.90 99999.90 99999.90 99999.90 99999.90 99999.90 99999.90 99999.90 99999.90 99999.90 99999.90 99999.90 99999.90 99999.90 7.31 6.17 6.17 6.17 6.17 6.17 6.17 6.17 4.74 4.74 4.74 4.74 4.74 4.99 4.37 3.73 2.98 3.81 4.50 3.00 2.56 3.25 3.35 2.08 3.12 4.34 4.64 3.80 3.72 3.30 4.91 5.11 3.77 4.88 7.19 7.17 7.33 7.99 7.10 5.94 6.85 7.02 6.62 7.33 7.90 8.20 7.67 7.55 7.57 8.41 7.23
99999.90 99999.90 99999.90 99999.90 99999.90 99999.90 99999.90 99999.90 99999.90 99999.90 99999.90 99999.90 99999.90 99999.90 99999.90 99999.90 99999.90 99999.90 99999.90 99999.90 99999.90 99999.90 99999.90 99999.90 99999.90 99999.90 7.31 6.17 6.17 6.17 6.17 6.17 4.74 4.74 4.74 4.74 4.74 5.31 5.31 5.31 3.85 3.47 2.16 4.13 3.98 2.44 1.93 3.12 3.15 2.90 3.73 3.53 1.80 2.71 2.95 2.32 2.06 3.16 3.67 3.90 5.26 5.89 6.20 7.35 6.60 6.67 7.28 7.05 7.63 7.72 7.83 7.73 7.80 7.98 8.37 8.84 8.31
99999.90 99999.90 99999.90 99999.90 99999.90 99999.90 99999.90 99999.90 99999.90 99999.90 99999.90 99999.90 99999.90 99999.90 99999.90 99999.90 99999.90 99999.90 99999.90 99999.90 99999.90 99999.90 99999.90 99999.90 99999.90 99999.90 7.31 6.17 6.17 6.17 4.74 4.74 4.74 4.74 4.74 5.31 5.31 5.31 5.31 5.31 4.24 3.81 2.34 3.09 4.18 3.44 3.16 2.93 4.37 4.27 4.71 3.39 2.94 3.47 2.18 1.57 1.52 2.57 3.77 5.70 6.62 4.16 4.33 5.98 5.70 5.19 5.62 6.23 6.19 6.31 7.18 7.56 7.75 7.68 8.26 7.52 5.82
99999.90 99999.90 99999.90 99999.90 99999.90 99999.90 99999.90 99999.90 99999.90 99999.90 99999.90 99999.90 99999.90 99999.90 99999.90 99999.90 99999.90 99999.90 99999.90 99999.90 99999.90 99999.90 99999.90 99999.90 99999.90 99999.90 7.31 6.17 4.74 4.74 4.74 4.74 4.74 5.31 5.31 5.31 5.31 5.31 4.94 4.94 4.94 4.77 4.27 2.71 2.80 4.56 3.28 2.30 3.23 3.84 3.88 2.82 2.26 2.23 1.94 1.59 2.12 3.86 3.67 3.75 3.57 1.16 2.00 4.97 6.52 5.91 6.49 6.33 5.42 4.91 7.84 5.85 5.10 7.48 7.28 6.80 6.59
99999.90 99999.90 99999.90 99999.90 99999.90 99999.90 99999.90 99999.90 99999.90 99999.90 99999.90 99999.90 99999.90 99999.90 99999.90 99999.90 99999.90 99999.90 99999.90 99999.90 99999.90 99999.90 99999.90 99999.90 99999.90 99999.90 99999.90 6.17 4.74 4.74 4.74 5.31 5.31 5.31 5.31 5.31 4.94 4.94 4.94 4.94 4.94 4.52 5.00 4.66 3.97 3.69 3.58 1.82 2.94 3.07 4.04 2.67 0.82 1.99 3.39 3.67 3.39 4.79 4.78 3.98 2.92 2.62 4.21 5.40 4.73 4.63 5.06 4.92 7.59 8.25 7.82 6.73 7.50 7.46 6.74 6.51 7.14
99999.90 99999.90 99999.90 99999.90 99999.90 99999.90 99999.90 99999.90 99999.90 99999.90 99999.90 99999.90 99999.90 99999.90 99999.90 99999.90 99999.90 99999.90 99999.90 99999.90 99999.90 99999.90 99999.90 99999.90 99999.90 99999.90 99999.90 6.17 4.74 5.31 5.31 5.31 5.31 5.31 4.94 4.94 4.94 4.94 4.94 3.71 3.71 3.71 4.66 5.88 6.11 4.76 4.36 2.02 1.40 1.51 4.29 4.50 2.64 3.67 5.96 4.44 3.15 3.07 4.15 3.63 1.61 1.97 4.08 5.20 4.71 4.46 4.83 4.08 5.55 6.35 7.58 7.74 7.41 7.17 7.83 7.36 8.10
99999.90 99999.90 99999.90 99999.90 99999.90 99999.90 99999.90 99999.90 99999.90 99999.90 99999.90 99999.90 99999.90 99999.90 99999.90 99999.90 99999.90 99999.90 99999.90 99999.90 99999.90 99999.90 99999.90 99999.90 99999.90 99999.90 99999.90 6.17 4.74 5.31 5.31 5.31 4.94 4.94 4.94 4.94 4.94 3.71 3.71 3.71 3.71 3.71 4.96 4.90 6.27 5.78 3.16 2.54 1.79 1.92 2.28 4.56 4.67 4.49 4.21 5.24 3.68 2.52 4.10 2.51 0.30 1.37 2.55 3.40 3.37 4.23 3.78 3.87 5.22 3.75 4.27 6.93 7.34 6.37 7.39 7.79 7.62
99999.90 99999.90 99999.90 99999.90 99999.90 99999.90 99999.90 99999.90 99999.90 99999.90 99999.90 99999.90 99999.90 99999.90 99999.90 99999.90 99999.90 99999.90 99999.90 99999.90 99999.90 99999.90 99999.90 99999.90 99999.90 99999.90 99999.90 6.17 4.74 5.31 4.94 4.94 4.94 4.94 4.94 3.71 3.71 3.71 3.71 3.71 5.13 5.13 5.13 3.82 5.14 4.48 2.98 1.84 0.96 0.54 2.34 5.73 4.47 1.56 2.07 4.39 2.68 2.23 1.54 1.83 1.58 1.19 1.36 3.19 4.64 3.32 2.41 4.81 5.06 2.28 1.73 3.54 4.21 2.48 2.32 5.71 4.76
99999.90 99999.90 99999.90 99999.90 99999.90 99999.90 99999.90 99999.90 99999.90 99999.90 99999.90 99999.90 99999.90 99999.90 99999.90 99999.90 99999.90 99999.90 99999.90 99999.90 99999.90 99999.90 99999.90 99999.90 99999.90 99999.90 99999.90 99999.90 4.74 5.31 4.94 4.94 4.94 3.71 3.71 3.71 3.71 3.71 5.13 5.13 5.13 5.13 5.13 4.09 4.03 4.80 4.07 3.33 3.69 3.08 3.16 4.44 4.80 3.45 3.20 3.60 3.17 2.35 0.44 0.54 1.29 0.90 2.48 4.70 4.90 2.70 2.88 4.53 3.64 2.62 2.42 4.18 5.08 3.52 3.36 4.20 3.92
99999.90 99999.90 99999.90 99999.90 99999.90 99999.90 99999.90 99999.90 99999.90 99999.90 99999.90 99999.90 99999.90 99999.90 99999.90 99999.90 99999.90 99999.90 99999.90 99999.90 99999.90 99999.90 99999.90 99999.90 99999.90 99999.90 99999.90 99999.90 4.74 5.31 4.94 3.71 3.71 3.71 3.71 3.71 5.13 5.13 5.13 5.13 5.13 5.13 4.09 4.09 4.45 4.09 4.67 4.89 4.21 4.41 3.89 3.68 3.31 2.22 1.72 1.98 2.51 1.65 1.74 1.22 2.78 2.07 2.43 3.50 3.92 1.87 3.55 4.36 2.16 2.18 3.31 4.44 4.49 3.42 3.23 4.30 5.41
99999.90 99999.90 99999.90 99999.90 99999.90 99999.90 99999.90 99999.90 99999.90 99999.90 99999.90 99999.90 99999.90 99999.90 99999.90 99999.90 99999.90 99999.90 99999.90 99999.90 99999.90 99999.90 99999.90 99999.90 99999.90 99999.90 99999.90 99999.90 99999.90 5.31 4.94 3.71 3.71 3.71 5.13 5.13 5.13 5.13 5.13 5.13 5.13 4.09 4.09 4.45 4.45 3.88 3.95 3.36 4.13 4.98 4.90 4.03 1.78 1.68 1.08 0.97 2.83 2.51 1.95 2.37 2.66 1.88 1.10 2.06 3.12 2.87 2.36 3.10 2.57 2.37 3.14 4.65 5.45 4.95 4.38 4.74 4.76
99999.90 99999.90 99999.90 99999.90 99999.90 99999.90 99999.90 99999.90 99999.90 99999.90 99999.90 99999.90 99999.90 99999.90 99999.90 99999.90 99999.90 99999.90 99999.90 99999.90 99999.90 99999.90 99999.90 99999.90 99999.90 99999.90 99999.90 99999.90 99999.90 5.31 4.94 3.71 5.13 5.13 5.13 5.13 5.13 5.13 5.13 5.13 4.09 4.09 4.45 4.45 3.88 3.88 3.60 3.06 4.35 5.01 4.69 4.09 2.74 2.36 1.83 2.07 2.03 1.79 2.40 2.76 3.00 1.74 1.03 1.38 2.28 3.39 2.79 2.31 2.12 2.58 3.88 5.31 5.73 6.03 5.90 6.04 6.12
99999.90 99999.90 99999.90 99999.90 99999.90 99999.90 99999.90 99999.90 99999.90 99999.90 99999.90 99999.90 99999.90 99999.90 99999.90 99999.90 99999.90 99999.90 99999.90 99999.90 99999.90 99999.90 99999.90 99999.90 99999.90 99999.90 99999.90 99999.90 99999.90 99999.90 4.94 3.71 5.13 5.13 5.13 5.13 5.13 5.13 5.13 4.09 4.09 4.45 4.45 3.88 3.88 3.60 3.60 5.26 6.13 6.36 5.77 5.43 4.07 2.63 2.61 2.85 2.79 3.25 2.64 1.70 1.30 2.44 2.16 1.56 1.12 2.38 3.74 2.53 2.09 4.20 6.12 6.30 5.20 4.68 4.68 5.44 6.53
99999.90 99999.90 99999.90 99999.90 99999.90 99999.90 99999.90 99999.90 99999.90 99999.90 99999.90 99999.90 99999.90 99999.90 99999.90 99999.90 99999.90 99999.90 99999.90 99999.90 99999.90 99999.90 99999.90 99999.90 99999.90 99999.90 99999.90 99999.90 99999.90 99999.90 4.94 3.71 5.13 5.13 5.13 5.13 5.13 5.13 4.09 4.09 4.45 4.45 3.88 3.88 3.60 3.60 5.26 5.26 5.88 6.06 5.90 5.22 4.53 3.29 2.20 1.83 2.65 3.85 2.00 0.37 1.42 3.15 3.12 2.75 2.13 2.38 3.27 3.51 3.39 4.10 5.51 6.67 7.04 5.62 6.67 7.13 7.46
99999.90 99999.90 99999.90 99999.90 99999.90 99999.90 99999.90 99999.90 99999.90 99999.90 99999.90 99999.90 99999.90 99999.90 99999.90 99999.90 99999.90 99999.90 99999.90 99999.90 99999.90 99999.90 99999.90 99999.90 99999.90 99999.90 99999.90 99999.90 99999.90 99999.90 99999.90 3.71 5.13 5.13 5.13 5.13 5.13 4.09 4.09 4.45 4.45 3.88 3.88 3.60 3.60 5.26 5.26 5.88 5.88 5.78 4.68 4.23 4.07 4.14 3.70 2.78 3.84 4.39 2.54 1.30 1.91 2.94 3.54 3.06 2.17 3.04 3.27 3.51 4.91 5.32 5.86 6.58 7.01 5.95 5.32 5.45 5.52
99999.90 99999.90 99999.90 99999.90 99999.90 99999.90 99999.90 99999.90 99999.90 99999.90 99999.90 99999.90 99999.90 99999.90 99999.90 99999.90 99999.90 99999.90 99999.90 99999.90 99999.90 99999.90 99999.90 99999.90 99999.90 99999.90 99999.90 99999.90 99999.90 99999.90 99999.90 3.71 5.13 5.13 5.13 5.13 4.09 4.09 4.45 4.45 3.88 3.88 3.60 3.60 5.26 5.26 5.88 5.38 5.38 5.38 4.18 3.57 3.64 3.40 2.57 1.83 1.91 3.36 1.66 0.76 1.43 2.75 3.10 3.12 2.38 2.97 5.03 5.03 5.28 5.22 5.49 6.29 6.62 6.64 5.26 3.28 4.65
99999.90 99999.90 99999.90 99999.90 99999.90 99999.90 99999.90 99999.90 99999.90 99999.90 99999.90 99999.90 99999.90 99999.90 99999.90 99999.90 99999.90 99999.90 99999.90 99999.90 99999.90 99999.90 99999.90 99999.90 99999.90 99999.90 99999.90 99999.90 99999.90 99999.90 99999.90 99999.90 5.13 5.13 5.13 4.09 4.09 4.45 4.45 3.88 3.88 3.60 5.66 5.66 5.66 5.66 5.66 5.66 5.66 5.38 4.66 4.21 3.67 3.24 2.76 2.09 2.80 2.94 1.51 0.44 1.42 3.05 3.16 2.07 1.65 2.88 4.25 5.43 4.09 3.27 4.99 5.40 5.44 6.03 5.03 4.42 6.55
99999.90 99999.90 99999.90 99999.90 99999.90 99999.90 99999.90 99999.90 99999.90 99999.90 99999.90 99999.90 99999.90 99999.90 99999.90 99999.90 99999.90 99999.90 99999.90 99999.90 99999.90 99999.90 99999.90 99999.90 99999.90 99999.90 99999.90 99999.90 99999.90 99999.90 99999.90 99999.90 5.13 5.13 4.09 4.09 4.45 4.45 3.88 5.66 5.66 5.66 5.66 5.66 5.66 5.66 5.66 5.66 5.66 5.66 4.66 4.19 3.65 4.10 3.67 2.77 4.67 4.46 2.40 1.46 2.47 3.75 3.63 2.29 1.63 3.35 4.35 5.38 4.09 3.70 5.17 5.70 6.02 4.57 3.81 4.61 5.67
99999.90 99999.90 99999.90 99999.90 99999.90 99999.90 99999.90 99999.90 99999.90 99999.90 99999.90 99999.90 99999.90 99999.90 99999.90 99999.90 99999.90 99999.90 99999.90 99999.90 99999.90 99999.90 99999.90 99999.90 99999.90 99999.90 99999.90 99999.90 99999.90 99999.90 99999.90 99999.90 99999.90 4.09 4.09 4.45 4.45 3.88 5.66 5.66 5.66 5.66 5.66 5.66 5.66 5.66 5.66 5.66 5.66 5.66 4.52 4.52 4.48 3.38 2.49 3.37 5.45 5.20 3.10 2.29 2.65 2.91 3.53 2.30 0.76 0.36 2.13 5.38 3.05 3.05 2.54 6.00 6.50 3.97 3.11 5.21 5.60
99999.90 99999.90 99999.90 99999.90 99999.90 99999.90 99999.90 99999.90 99999.90 99999.90 99999.90 99999.90 99999.90 99999.90 99999.90 99999.90 99999.90 99999.90 99999.90 99999.90 99999.90 99999.90 99999.90 99999.90 99999.90 99999.90 99999.90 99999.90 99999.90 99999.90 99999.90 99999.90 99999.90 99999.90 4.45 4.45 3.88 3.88 5.05 5.05 5.05 5.05 5.05 5.05 5.05 5.05 5.05 5.05 5.05 5.05 4.52 4.52 4.98 4.70 2.34 2.54 5.03 3.66 2.48 1.35 1.22 2.87 4.65 2.40 0.00 0.28 2.20 4.53 4.22 3.07 3.26 5.54 5.98 4.28 4.08 6.65 6.96
