files/bom_datasets/05.04.18.txt
ncols 839
nrows 679
xllcenter 112.0500
yllcenter -43.9500
cellsize 0.0500
nodata_value 99999.90
[rows 340 to 373 of 679, columns 616 to 692 of 839]
16.34 16.34 15.60 15.63 15.22 15.12 15.45 16.09 15.09 15.27 15.21 14.80 12.89 13.41 14.29 13.89 13.45 12.45 13.20 11.93 12.38 12.56 12.44 12.04 12.92 13.10 13.06 12.72 11.96 11.77 12.90 12.70 12.68 12.99 11.72 11.05 10.66 11.18 10.75 10.74 11.68 11.05 10.20 10.07 9.74 10.66 10.91 10.82 9.80 10.04 11.12 11.96 12.02 12.08 12.22 12.96 12.84 11.41 11.24 11.27 12.00 13.07 12.84 13.46 13.20 11.54 12.11 11.71 11.61 11.90 11.78 10.85 10.84 12.19 11.98 12.35 12.53
15.76 16.13 15.28 15.71 15.94 15.73 14.94 15.51 14.88 15.18 16.01 15.31 14.24 14.20 14.45 13.71 13.86 13.06 12.89 12.51 12.17 12.41 12.35 12.14 12.31 12.60 11.57 11.91 12.69 12.17 12.61 11.95 13.35 13.75 12.00 11.17 10.92 10.21 11.37 11.07 11.13 10.58 10.61 10.95 10.36 11.17 11.05 10.59 10.26 9.47 10.21 11.23 12.20 11.40 11.94 12.40 13.12 13.02 11.48 10.27 11.11 12.59 12.89 13.20 12.96 12.53 12.39 12.74 11.04 11.75 11.91 10.47 10.41 11.29 11.37 11.56 11.60
15.21 15.36 15.23 15.18 16.01 15.72 14.78 14.90 14.78 15.16 15.56 15.55 14.33 14.00 14.92 14.52 13.13 13.28 12.79 12.67 12.48 12.08 13.09 12.83 11.52 12.22 11.30 11.01 12.15 11.73 11.94 11.33 12.54 13.05 12.42 12.20 10.65 10.14 10.34 11.05 11.13 10.60 11.36 11.39 11.30 11.53 12.24 11.30 11.05 10.95 9.97 10.79 10.78 10.96 11.76 11.61 12.46 13.94 12.42 10.91 10.24 11.23 11.52 11.88 12.11 12.24 12.57 12.80 11.62 10.95 11.75 11.41 11.03 10.90 11.28 11.78 11.96
15.22 15.16 15.25 15.49 15.63 15.39 15.02 15.11 15.24 15.42 15.76 15.35 14.34 14.47 15.13 14.03 13.56 13.68 13.06 13.57 13.15 12.70 13.25 13.11 12.81 13.05 12.42 11.94 12.76 12.02 11.49 10.99 11.08 12.21 12.01 12.31 10.30 10.28 10.21 10.55 10.61 10.87 12.18 12.81 11.58 11.61 12.22 12.64 10.96 11.08 11.15 10.73 9.95 10.55 11.54 11.43 11.07 12.49 13.31 12.61 10.95 11.70 11.99 12.14 12.13 11.63 12.47 12.17 12.65 11.88 11.20 11.47 11.56 9.88 9.85 10.36 10.25
15.27 15.02 14.92 15.96 15.81 15.07 14.74 14.93 15.11 15.29 15.86 15.15 15.03 15.33 15.49 14.71 13.99 14.48 13.57 13.61 13.94 13.60 14.03 13.47 13.08 12.61 12.45 12.97 12.99 11.37 12.33 11.64 11.27 11.16 11.03 12.03 10.86 10.60 10.60 10.14 10.07 10.21 11.45 12.65 11.79 10.83 11.62 13.04 12.40 11.42 11.42 11.56 10.12 10.82 11.07 12.16 11.21 11.21 12.61 12.72 12.01 11.88 11.46 12.15 11.84 11.69 12.46 12.08 12.17 12.44 11.87 11.68 11.69 11.55 10.20 10.37 10.81
15.43 15.29 15.11 16.02 15.29 14.50 14.80 14.76 14.77 14.89 15.45 15.61 15.59 15.75 14.95 15.01 14.68 14.63 14.27 14.97 15.29 14.40 14.02 14.12 13.58 12.86 12.45 12.71 13.45 11.88 13.32 12.85 11.82 11.24 10.84 11.57 11.83 11.00 11.35 11.06 10.57 10.37 11.23 10.60 11.29 10.75 11.74 12.90 12.85 11.77 11.53 11.98 11.80 11.81 11.87 11.94 11.43 10.43 11.79 12.07 12.26 12.11 11.06 11.44 11.37 11.78 11.21 11.54 11.50 11.21 12.05 12.13 12.02 12.40 12.05 10.97 11.50
15.37 15.70 16.04 15.88 15.39 15.49 14.83 14.29 14.63 14.47 14.89 15.57 15.29 15.24 15.49 15.03 15.15 15.20 14.36 14.76 15.74 15.08 14.78 13.90 13.49 13.10 12.93 13.06 13.39 12.62 12.23 12.31 12.11 10.21 11.19 11.89 11.39 11.45 12.06 12.45 12.64 11.77 12.16 10.75 10.44 11.10 11.11 11.57 12.22 11.80 11.95 10.96 11.50 11.76 11.88 12.35 12.19 11.06 10.93 12.08 12.27 12.42 11.06 12.46 11.87 12.10 11.95 11.88 10.95 11.11 11.68 12.12 12.70 12.90 12.26 11.98 12.41
15.09 15.63 16.36 16.21 15.60 16.07 15.42 14.46 14.58 14.73 14.70 15.40 15.19 15.44 16.02 15.61 15.40 15.21 14.75 14.89 15.54 15.47 15.17 14.50 13.18 13.51 13.85 14.20 13.65 13.09 12.48 11.74 12.24 10.26 10.82 12.02 12.13 11.94 12.41 12.60 12.75 11.30 11.63 11.21 10.37 11.03 11.24 10.40 11.68 12.17 12.05 11.04 10.84 10.98 10.98 12.36 12.46 11.60 10.81 11.82 11.69 12.41 12.94 12.47 11.66 12.27 11.91 10.77 10.56 11.42 12.39 12.11 12.36 13.21 12.05 11.90 12.27
15.44 15.70 16.48 16.36 15.74 15.88 15.71 15.16 15.13 14.62 13.95 15.13 15.43 15.54 15.97 15.89 15.74 15.72 15.01 14.93 15.75 16.26 15.98 14.95 13.33 14.20 14.45 14.52 13.80 13.29 12.17 11.57 11.89 11.63 10.77 11.14 11.59 12.28 12.66 11.91 11.68 11.43 11.32 12.05 10.29 9.43 10.68 11.07 11.30 11.72 11.90 11.38 11.18 11.72 10.66 11.89 12.61 11.75 10.70 10.38 10.41 11.83 13.59 11.14 10.84 11.61 12.05 11.54 11.41 11.71 11.98 11.88 12.41 13.10 12.34 12.16 12.02
15.65 15.14 15.75 16.49 16.20 15.93 16.03 15.86 15.29 14.35 13.92 14.72 15.26 15.56 15.48 15.72 16.06 16.08 15.43 14.73 15.67 16.58 16.46 15.72 13.97 14.21 14.40 14.22 14.15 14.35 13.76 12.19 11.40 11.99 10.89 11.65 11.06 12.53 13.96 12.49 12.18 11.85 11.54 11.73 10.71 9.89 10.44 11.44 11.30 11.46 11.44 11.88 11.64 12.56 11.35 11.49 11.84 12.23 11.55 10.72 9.93 11.66 12.87 11.66 9.87 11.74 12.68 12.39 11.39 11.98 11.99 11.64 11.75 12.17 12.74 12.13 12.17
15.25 14.92 15.47 15.95 16.18 15.93 15.99 15.95 15.26 14.78 13.55 13.99 15.20 15.40 15.32 15.58 16.26 15.96 15.31 14.91 14.94 16.00 16.21 15.70 14.67 14.27 14.13 14.13 14.35 14.36 13.88 13.06 12.20 12.29 11.15 11.67 11.00 11.32 13.77 13.30 12.55 12.75 12.28 11.63 11.67 10.89 10.14 10.09 11.50 11.21 11.03 11.80 12.41 12.73 12.06 10.92 10.98 11.81 12.36 12.25 10.87 11.02 12.19 11.53 9.63 11.13 11.51 12.06 11.75 11.11 10.88 11.68 11.76 11.90 12.81 12.50 12.73
15.33 14.43 15.13 15.86 16.21 16.07 16.02 15.99 16.00 15.18 13.86 13.50 14.40 15.28 15.12 15.35 15.79 15.75 15.76 15.27 14.97 15.61 16.46 16.61 15.99 14.65 14.06 14.72 14.60 14.68 14.52 13.75 13.26 13.11 11.85 11.35 11.73 11.35 12.45 13.71 12.93 12.32 13.24 11.87 11.91 11.28 10.16 10.34 11.01 11.28 11.54 11.96 13.01 12.88 11.31 10.49 9.73 10.57 12.03 11.90 11.19 10.83 11.05 11.92 10.25 10.79 11.25 11.42 11.97 10.97 11.98 11.39 11.48 11.39 12.10 12.08 12.41
15.05 14.37 14.51 14.81 16.13 16.17 16.28 16.19 15.57 15.30 14.24 13.93 14.06 14.98 14.87 15.31 15.71 16.20 16.37 15.46 14.63 14.99 16.09 16.67 16.34 15.31 14.76 14.99 14.67 14.88 14.36 13.46 13.68 13.55 12.92 12.67 12.30 12.20 12.82 14.20 13.19 13.27 13.22 11.34 10.55 11.20 11.68 11.35 10.87 11.34 10.81 11.81 13.12 12.49 11.61 10.96 10.38 10.28 11.43 11.49 11.37 11.39 11.06 11.21 10.88 10.02 10.86 11.67 12.12 11.87 11.72 11.38 10.89 11.46 11.30 11.78 11.97
15.27 14.82 14.77 14.90 15.94 15.99 16.18 16.03 15.50 15.10 14.94 14.28 14.79 14.84 14.85 14.63 15.22 16.08 16.29 16.23 15.27 15.25 15.74 16.38 16.57 15.73 14.75 14.65 14.70 14.81 14.73 14.12 14.20 13.77 13.29 12.95 12.77 12.46 13.16 14.23 13.38 12.62 13.10 11.63 10.74 10.87 11.69 12.02 10.34 9.86 9.61 11.44 12.56 12.47 11.99 11.40 10.72 10.66 11.07 11.61 11.61 12.25 11.37 12.03 11.40 10.89 11.44 10.99 10.73 12.14 12.76 11.89 11.25 10.91 11.10 11.05 11.22
15.10 15.13 15.06 15.66 15.84 15.48 16.01 15.83 15.51 15.46 15.06 14.76 14.96 14.57 14.36 14.32 14.74 15.48 16.13 16.20 16.00 15.95 16.14 16.10 16.30 16.23 15.53 15.35 15.20 14.93 14.93 14.45 14.67 14.08 13.70 13.32 13.09 12.19 13.82 13.56 13.62 12.30 12.59 12.07 11.40 11.27 11.89 11.80 10.96 10.48 9.36 10.59 11.26 12.64 11.91 12.44 11.57 10.02 10.83 11.37 12.07 12.59 11.90 12.05 10.74 10.97 11.97 11.31 10.86 11.41 12.27 11.35 11.85 11.44 11.01 11.10 10.36
14.70 14.48 15.04 15.22 15.67 15.26 15.44 15.34 15.72 15.70 15.33 15.22 15.21 15.06 14.43 14.13 14.50 14.84 15.22 15.72 16.07 16.18 16.21 16.19 16.11 16.26 16.01 15.42 15.49 15.08 15.32 14.97 14.47 14.27 14.30 14.03 13.41 12.84 13.82 13.21 13.61 12.65 12.61 12.26 12.25 11.64 12.52 12.59 12.32 11.06 9.35 10.31 10.98 11.37 12.02 13.21 12.36 10.83 10.87 11.31 11.65 11.69 11.80 12.50 10.38 10.90 11.71 11.02 11.49 11.60 11.22 10.86 10.97 11.14 10.67 10.97 10.89
15.55 15.18 15.07 14.89 15.55 15.90 15.37 14.73 15.30 15.55 15.69 15.29 15.28 15.22 14.79 14.05 14.37 14.43 14.70 14.82 14.82 15.54 15.91 16.21 16.11 16.21 15.98 15.78 15.89 15.28 15.24 14.64 14.36 14.08 14.77 14.58 13.99 13.57 13.62 13.64 13.15 13.09 12.73 12.66 12.73 12.25 13.11 13.09 12.49 12.08 10.50 10.39 10.26 10.81 11.30 12.41 12.51 12.40 11.69 11.24 11.13 11.95 12.54 12.48 11.16 10.94 10.27 10.58 11.31 11.84 10.63 10.01 10.27 10.81 10.88 10.69 11.25
15.89 15.41 15.17 15.36 15.56 15.49 15.64 14.95 14.60 14.71 15.95 15.51 15.74 15.19 14.75 14.40 14.79 14.57 14.44 14.61 14.37 14.63 15.66 16.17 16.00 16.10 16.30 16.15 16.10 15.75 15.26 14.20 15.03 14.06 14.52 14.75 14.61 14.55 13.78 13.06 13.62 14.18 13.82 13.28 12.65 12.28 13.47 12.86 11.43 12.67 11.31 10.83 10.67 10.99 10.33 11.91 12.61 12.38 11.66 11.55 10.94 12.01 12.28 11.04 11.62 11.48 10.64 10.30 11.32 11.58 11.41 10.98 11.42 11.77 12.27 11.66 11.87
15.68 15.83 15.45 15.65 15.54 14.97 15.66 15.19 14.83 14.74 15.67 15.36 15.92 15.80 14.58 14.74 15.31 15.04 14.45 14.14 14.56 14.56 15.47 15.87 16.07 16.20 16.17 16.56 16.23 15.97 15.13 14.08 15.11 14.48 14.82 15.37 14.86 14.58 13.89 13.24 13.92 14.69 14.46 12.57 12.79 13.33 13.93 12.34 12.05 12.33 11.78 11.25 9.84 11.19 11.14 11.29 12.37 12.35 12.55 12.08 10.57 11.24 10.71 10.87 10.65 10.90 10.71 10.55 10.75 11.43 12.26 11.92 11.39 11.91 12.18 12.03 12.44
15.65 15.82 15.66 15.74 15.90 15.28 15.47 15.18 14.48 14.38 15.58 15.99 16.03 15.25 14.90 14.86 14.80 15.01 14.48 13.56 13.86 14.45 15.24 15.94 16.05 16.26 16.06 16.43 16.31 15.51 15.40 14.73 14.80 14.89 14.77 15.01 14.54 13.86 13.53 13.60 12.88 13.37 13.80 12.26 12.42 12.55 14.91 13.52 12.73 11.92 11.86 11.30 10.19 11.13 11.88 11.18 10.88 12.02 12.48 12.51 11.59 11.43 10.56 10.88 10.72 11.06 11.72 10.79 9.41 10.48 11.68 12.17 12.04 11.34 11.62 12.18 12.11
15.90 15.97 15.98 16.05 15.99 15.58 15.14 15.09 14.54 14.12 15.24 15.42 15.92 15.60 15.33 15.29 14.99 14.85 14.46 13.92 13.57 13.61 14.64 15.84 15.91 16.33 15.97 16.28 16.29 15.93 15.03 15.02 14.90 15.23 14.63 15.11 14.67 14.10 13.75 13.74 13.48 13.08 12.96 12.96 13.02 13.03 14.48 14.44 12.85 12.22 12.00 12.17 11.35 11.18 12.69 12.79 11.29 11.06 11.04 11.96 12.22 11.89 11.49 10.43 10.01 10.23 10.76 10.68 10.67 11.01 11.31 12.29 12.86 12.09 11.41 11.46 12.19
16.02 15.89 15.58 16.14 15.73 15.59 15.46 15.38 14.48 14.54 14.91 15.08 16.07 15.68 15.68 15.80 15.68 15.28 14.66 14.18 13.60 12.74 14.08 15.47 16.05 16.08 16.19 16.33 16.19 16.24 15.25 14.72 15.03 14.93 14.93 15.08 15.49 14.33 14.20 13.81 13.84 13.32 12.50 13.64 13.67 14.12 14.24 14.26 13.67 12.91 12.50 12.55 12.64 11.66 11.56 12.35 11.98 10.58 9.90 12.13 11.64 11.36 10.81 9.75 9.55 10.02 9.61 10.44 12.00 11.43 11.48 12.92 11.77 11.56 11.60 11.02 11.37
16.38 16.11 15.74 15.51 15.68 14.90 14.99 15.47 14.88 14.72 14.99 15.61 15.84 15.10 15.42 15.98 16.03 15.52 14.81 14.86 13.66 13.10 13.36 14.98 15.95 16.03 16.19 16.37 15.90 15.75 15.81 14.98 14.79 14.92 15.56 15.78 15.61 14.66 14.60 14.02 14.67 13.80 13.50 13.82 13.67 13.95 14.23 14.32 14.43 13.50 13.91 13.83 14.05 13.68 12.03 11.83 11.39 10.64 10.27 12.22 12.36 11.76 10.97 10.21 10.07 10.90 10.39 11.34 11.27 11.52 12.15 11.48 10.94 11.19 10.91 10.07 10.13
16.49 16.28 16.09 15.72 15.59 15.80 15.61 15.55 14.62 14.28 15.23 15.61 15.32 15.47 15.20 15.79 15.96 15.92 15.51 15.72 14.84 14.05 13.17 14.37 15.54 15.77 16.04 16.36 16.03 15.59 15.60 15.18 15.22 15.15 15.22 15.84 15.69 15.11 14.96 14.67 14.76 14.77 14.07 13.51 13.22 13.35 14.02 14.99 14.52 13.89 14.25 13.86 14.20 14.49 14.00 12.33 11.21 10.76 10.21 12.01 12.09 11.94 10.39 10.41 10.58 11.27 11.01 11.63 11.46 10.52 11.25 11.22 10.80 10.92 9.73 8.90 9.61
16.42 16.48 15.95 15.52 15.20 15.79 15.44 15.31 15.12 13.93 15.11 15.49 15.35 15.73 15.70 15.97 15.87 15.87 15.30 15.50 15.57 14.78 13.20 13.80 15.28 15.89 15.64 16.34 16.51 16.34 15.70 15.46 15.12 15.19 15.36 15.36 15.42 15.30 15.33 15.40 14.97 14.52 14.22 13.84 13.06 13.09 13.98 14.56 14.43 14.16 14.26 14.11 13.98 14.68 14.49 12.84 12.25 11.68 10.31 12.10 12.07 11.54 10.59 11.06 10.81 9.99 10.32 10.81 11.36 10.84 11.13 11.42 11.52 11.15 10.51 10.19 9.73
16.39 16.45 16.04 15.68 15.77 16.03 16.16 15.48 15.39 15.08 15.01 14.76 15.23 15.77 15.95 16.21 16.18 15.57 14.77 15.21 15.69 14.86 13.41 13.54 14.48 15.28 15.66 16.03 16.35 16.42 16.29 15.90 15.46 14.94 15.10 15.12 15.62 15.82 15.80 15.77 15.38 14.40 14.02 13.69 13.08 13.27 14.01 14.52 14.74 14.67 14.35 13.82 13.93 14.14 14.80 13.81 12.66 12.86 11.43 12.92 12.63 12.26 10.85 10.64 11.10 10.53 10.78 10.47 11.54 11.28 11.44 12.22 11.57 10.53 10.86 11.33 10.47
16.40 16.30 16.20 16.15 16.24 16.38 16.26 15.85 16.08 15.55 14.88 14.90 14.95 15.44 15.63 16.08 16.36 15.49 15.22 15.99 15.47 15.36 13.67 13.64 14.72 15.16 15.76 15.72 15.90 16.05 16.07 16.15 15.70 14.56 14.50 14.91 15.63 15.74 15.79 15.16 15.50 15.03 14.73 14.00 12.66 12.91 13.86 14.82 15.21 14.91 14.32 14.03 14.05 14.24 14.43 13.95 12.86 12.73 12.41 13.36 13.14 13.12 12.24 10.68 11.30 11.16 10.67 10.30 10.92 11.57 11.93 12.21 11.42 10.22 10.47 11.23 10.88
16.29 16.41 16.42 16.32 16.34 16.20 15.93 16.17 16.17 15.74 14.68 15.45 15.41 15.76 15.59 16.02 15.94 15.14 15.52 15.57 15.68 15.22 14.46 14.22 14.90 15.38 15.70 15.74 16.13 15.94 15.78 15.67 15.52 15.11 14.60 14.38 15.42 15.86 15.54 15.44 15.51 15.55 15.00 14.41 13.06 12.35 13.80 15.16 15.17 14.38 14.52 14.93 13.82 13.99 14.23 14.06 13.47 13.34 12.78 13.07 13.09 13.63 13.42 11.93 10.95 11.71 11.73 10.27 10.44 11.92 12.11 12.55 11.86 10.86 10.39 10.83 10.91
16.37 16.39 16.44 16.43 16.43 16.26 16.17 16.38 16.23 16.00 15.24 15.66 16.01 15.60 15.49 15.81 15.39 15.46 15.50 15.36 15.90 15.28 14.74 14.73 14.66 15.41 15.55 15.25 15.67 16.12 15.61 15.38 14.88 14.94 14.61 13.79 14.97 15.78 15.49 15.30 15.49 15.39 15.40 15.02 13.74 12.62 13.10 14.96 15.00 13.87 14.05 15.05 14.74 14.13 13.77 14.20 14.20 13.73 13.32 13.47 13.82 13.51 13.92 12.75 11.47 11.80 12.75 11.30 10.29 11.37 12.56 12.80 12.98 11.72 10.42 10.67 10.84
16.29 16.35 16.44 16.42 16.42 16.17 16.34 16.35 16.26 16.24 16.03 16.04 16.28 15.91 16.11 15.52 15.25 15.28 15.37 15.44 15.97 15.63 15.22 14.93 15.21 15.38 15.33 15.00 14.75 16.09 15.65 15.28 15.31 15.45 14.61 13.89 14.36 15.45 15.10 15.11 15.58 15.10 15.43 14.70 14.03 13.73 13.53 14.48 14.85 13.95 13.72 14.37 14.84 14.41 14.02 14.06 14.06 13.91 14.18 14.40 14.00 13.86 13.98 13.79 12.64 12.59 13.11 12.19 11.28 11.15 11.96 13.33 12.76 11.82 10.34 10.33 9.84
16.19 16.18 16.17 16.27 15.95 16.06 16.17 16.31 16.29 16.19 16.20 16.25 16.11 16.13 16.22 15.72 15.85 15.72 15.39 15.18 16.08 15.91 15.13 14.29 14.69 15.02 15.37 14.99 14.82 15.60 15.47 15.30 15.12 15.32 14.49 13.96 14.47 15.26 14.81 14.93 15.06 15.00 15.33 14.90 14.96 14.64 14.11 14.39 14.50 14.63 14.32 14.25 14.85 15.11 14.65 15.06 14.90 14.22 14.19 14.31 14.19 14.43 14.10 13.51 13.20 13.14 13.31 12.56 11.63 10.77 11.74 12.99 11.46 11.43 11.33 10.42 9.10
16.25 16.25 16.16 16.32 16.08 15.84 16.02 16.09 16.13 16.23 16.25 16.29 16.30 16.16 15.88 15.82 16.19 15.82 15.75 15.15 15.94 15.95 15.30 14.40 14.88 14.92 15.36 15.47 14.80 14.91 15.34 14.68 15.29 15.14 14.17 13.94 14.73 14.80 14.81 14.74 14.68 14.68 14.90 14.93 15.21 15.00 14.21 14.79 14.28 14.56 14.78 14.77 14.97 15.34 15.27 15.10 15.26 14.30 15.09 14.70 14.27 14.39 14.70 13.22 12.66 13.16 13.54 13.06 12.47 10.85 11.94 12.12 11.32 10.94 11.11 11.54 10.34
16.27 16.29 16.27 16.23 16.34 16.21 16.26 16.09 15.86 16.05 16.09 16.26 16.25 16.21 15.88 15.80 15.62 16.07 16.01 15.72 15.48 15.53 15.34 14.69 15.52 15.47 15.67 15.61 14.93 14.96 15.51 14.86 14.92 14.92 14.13 14.33 14.92 14.96 15.08 14.81 14.69 14.34 13.75 14.31 15.27 14.69 14.66 15.07 14.74 14.72 14.98 14.96 14.97 15.07 14.61 14.52 15.31 15.55 15.12 15.02 14.66 14.79 14.89 13.50 12.75 13.18 12.93 13.02 13.04 11.88 11.89 11.41 10.96 11.05 10.84 11.28 10.76
16.27 16.29 16.29 16.04 16.27 16.25 16.19 16.19 16.03 16.08 15.98 16.11 16.15 16.24 16.21 16.08 15.69 16.10 16.20 15.81 15.72 15.36 15.09 15.27 15.69 15.44 15.64 15.55 15.48 15.68 15.66 15.09 15.21 14.85 14.04 14.25 14.76 14.45 14.98 15.19 14.76 14.79 14.33 13.92 14.17 14.36 14.79 14.54 14.44 14.68 14.74 14.93 14.79 14.88 14.62 13.92 15.23 15.49 15.12 15.06 15.01 14.72 14.62 13.30 12.44 13.80 13.43 12.80 13.34 13.47 12.55 12.07 11.98 10.98 11.07 10.75 9.96
