files/bom_datasets/05.07.18.txt
ncols 839
nrows 679
xllcenter 112.0500
yllcenter -43.9500
cellsize 0.0500
nodata_value 99999.90
[rows 34 to 67 of 679, columns 385 to 461 of 839]
22.52 22.54 22.54 22.57 22.57 22.53 22.53 22.53 22.60 22.60 22.42 22.55 22.55 22.55 22.55 22.55 22.55 22.55 22.55 22.55 22.08 22.08 22.08 22.08 22.08 22.08 22.20 21.77 22.13 22.41 22.47 22.13 22.20 22.18 22.11 22.28 22.11 22.35 22.43 22.43 21.46 21.89 21.73 21.73 22.28 22.28 21.77 22.34 22.34 22.47 22.47 22.47 22.47 22.47 22.30 22.30 22.30 22.30 22.17 22.17 22.17 22.17 21.38 21.38 21.94 21.94 21.94 21.94 21.94 22.14 22.14 22.14 22.14 22.14 22.14 21.63 21.63
22.52 22.52 22.54 22.54 22.57 22.57 22.53 22.53 22.53 22.60 22.55 22.55 22.55 22.55 22.55 22.55 22.55 22.55 22.55 22.08 22.08 22.08 22.08 22.08 22.08 22.08 21.85 21.85 21.96 22.29 22.16 22.04 22.30 21.89 22.24 22.06 22.26 21.82 22.05 22.08 21.46 21.89 21.73 21.73 22.28 22.28 21.77 22.34 22.34 22.29 22.49 22.49 22.49 21.87 22.30 22.30 22.30 22.30 22.17 22.17 22.17 22.17 21.38 21.38 21.94 21.94 21.94 21.94 21.94 22.14 22.14 22.14 22.14 22.14 21.63 21.63 21.63
22.51 22.52 22.52 22.54 22.54 22.57 22.57 22.53 22.53 22.21 22.18 22.55 22.55 22.55 22.55 22.55 22.55 22.55 22.55 22.08 22.08 22.08 22.08 22.08 22.08 21.85 21.85 21.85 21.24 21.84 21.69 22.03 21.78 21.69 21.97 21.70 21.45 21.38 21.92 21.66 21.84 21.64 21.33 21.08 21.67 21.92 21.77 21.78 22.11 22.38 22.41 22.41 21.87 21.77 22.30 22.30 22.30 22.17 22.17 22.17 22.17 21.38 21.38 21.38 21.94 21.94 21.94 21.94 21.94 22.14 22.14 22.14 22.14 22.14 21.63 21.63 21.63
22.51 22.51 22.52 22.52 22.54 22.54 22.57 22.21 22.21 22.21 22.18 22.07 21.64 21.53 22.10 22.10 22.10 22.10 22.10 21.99 22.08 22.08 22.08 21.77 21.77 21.77 21.77 21.13 21.13 21.74 21.70 21.89 21.71 21.89 21.59 21.65 22.11 21.57 21.62 21.43 21.49 21.88 21.44 21.68 21.45 21.90 21.54 21.85 21.71 21.52 21.75 21.87 21.87 21.77 22.30 22.30 22.30 22.17 22.17 22.17 21.38 21.38 21.38 20.55 19.97 21.94 21.94 21.94 21.94 22.14 22.14 22.14 22.14 21.63 21.63 21.63 21.63
22.37 22.37 22.37 22.37 22.37 22.37 22.37 22.21 22.21 22.21 22.18 22.07 21.64 21.53 21.53 22.10 22.10 22.10 22.10 21.99 22.24 22.24 22.24 21.77 21.77 21.77 21.77 21.77 21.60 21.73 21.87 21.99 21.81 21.80 21.82 21.75 21.74 21.27 21.69 21.45 21.57 21.29 21.68 21.44 21.63 21.65 21.92 21.48 21.35 20.95 21.41 21.15 21.61 21.77 22.13 22.20 22.14 22.17 22.17 22.17 21.38 21.38 21.38 20.55 19.97 20.60 21.94 21.94 21.94 22.14 22.14 22.14 21.63 21.63 21.63 21.63 21.63
22.37 22.37 22.37 22.37 22.37 22.37 22.37 22.21 22.21 22.21 22.18 22.07 21.64 21.53 21.53 22.10 22.10 22.10 22.10 21.99 22.24 22.24 22.24 22.24 22.08 22.08 22.08 22.08 21.98 21.74 21.62 21.66 21.49 21.76 21.49 22.05 21.60 21.32 21.77 21.23 21.43 21.75 21.85 21.86 21.65 21.29 20.99 21.82 21.21 21.47 20.80 21.78 21.75 21.63 21.66 21.96 21.91 22.07 22.07 21.31 21.38 21.38 21.27 20.55 19.97 20.21 20.60 21.94 21.94 22.14 22.14 22.14 21.63 21.63 21.63 21.63 21.63
22.37 22.37 22.37 22.37 22.37 22.37 22.21 22.21 22.21 22.21 22.18 22.07 21.64 21.53 21.53 22.10 22.10 22.10 22.10 21.99 22.02 22.24 22.24 22.24 22.24 20.85 20.85 20.85 21.34 21.77 21.78 21.70 21.85 21.90 21.77 21.65 21.05 21.14 21.90 21.85 21.85 21.61 21.50 21.90 21.54 21.38 21.50 21.45 20.90 21.71 21.61 21.37 21.30 21.50 21.35 21.32 21.18 21.79 21.79 21.31 21.38 21.38 21.27 20.55 19.97 20.21 20.60 20.60 21.66 21.79 21.79 21.00 21.63 21.63 21.63 21.63 21.63
22.37 22.37 22.37 22.37 22.37 22.26 22.21 22.21 22.21 22.21 22.18 22.07 21.64 21.53 21.53 21.88 22.10 22.10 22.10 21.99 22.02 21.71 22.24 22.24 22.24 21.78 22.09 20.85 21.81 21.67 21.67 21.58 21.83 21.45 21.34 21.25 21.52 21.56 21.54 21.45 21.60 22.05 21.79 21.38 21.82 21.79 21.58 21.74 21.34 21.36 21.64 21.90 21.34 21.62 21.68 21.07 21.58 21.30 21.40 21.29 21.31 21.36 21.27 20.55 19.97 20.21 20.50 19.73 20.07 20.81 21.00 21.00 21.63 21.63 21.63 20.09 20.09
22.37 22.37 22.37 22.37 22.26 22.10 21.89 22.21 22.21 22.21 22.18 22.07 21.64 21.53 21.53 21.88 22.10 22.10 22.10 21.99 22.02 22.18 21.71 22.24 22.24 21.78 22.09 22.05 21.81 21.66 21.45 21.29 21.51 21.65 21.50 21.63 21.15 21.36 20.94 21.21 20.98 20.97 21.36 21.73 21.52 21.61 21.61 21.60 21.93 21.53 21.27 21.32 21.78 21.82 21.03 21.04 21.50 21.54 21.17 20.54 21.34 21.30 21.47 21.04 19.81 20.10 20.65 21.05 20.66 19.02 18.32 18.88 21.63 20.09 20.09 20.09 18.43
22.35 22.35 22.35 22.26 22.26 22.10 21.89 22.21 22.21 22.21 22.18 22.07 21.64 21.53 21.53 21.88 21.88 22.10 22.10 21.99 22.02 22.18 21.71 21.71 22.03 22.26 22.16 22.13 22.17 21.78 21.84 21.94 21.73 21.54 21.13 21.12 21.19 21.07 21.05 21.17 21.61 21.17 21.33 21.39 21.35 21.64 21.62 21.35 21.54 21.84 21.53 21.39 21.35 21.28 21.54 21.18 21.16 21.74 21.38 20.96 21.22 21.08 21.01 20.06 20.22 20.09 20.18 20.79 20.85 19.75 18.47 17.59 18.31 20.09 20.09 18.43 17.80
22.35 22.35 22.26 22.26 22.24 22.10 21.89 22.00 22.21 22.21 22.18 22.07 21.64 21.53 21.53 21.88 21.88 22.10 22.10 21.99 22.02 22.18 22.18 21.90 21.93 21.88 22.23 22.03 22.00 21.87 22.01 21.88 21.82 21.45 21.51 20.93 21.13 21.47 21.44 21.70 21.32 20.71 21.15 21.78 20.91 20.94 21.14 21.02 21.61 21.16 21.76 21.80 21.60 21.58 20.93 20.61 20.99 21.81 20.47 20.67 20.31 21.18 21.12 20.46 18.98 20.30 20.35 20.12 19.81 19.53 18.21 18.69 20.10 19.49 18.43 18.43 17.80
22.34 22.33 22.26 22.26 22.24 22.10 21.89 22.00 22.21 22.21 22.18 22.07 21.64 21.53 21.53 21.88 21.88 21.92 22.10 22.03 22.12 22.03 22.03 21.90 21.96 21.97 21.83 22.08 21.83 22.15 21.96 21.83 21.70 21.60 21.32 21.24 21.45 21.16 21.17 21.07 21.43 21.22 21.11 20.62 21.09 21.42 20.75 20.93 20.99 20.61 20.88 21.16 21.08 21.62 21.77 20.96 21.36 21.18 21.24 20.54 20.84 21.14 20.42 21.59 20.14 20.58 19.99 19.46 19.47 18.90 18.64 18.60 19.21 17.61 18.03 18.10 17.80
22.23 22.21 22.19 22.21 22.24 22.10 21.89 22.00 22.01 22.03 22.16 22.27 22.24 21.73 21.47 21.61 21.65 21.30 21.56 21.70 21.91 22.14 22.14 21.82 21.90 21.98 21.86 22.14 22.09 22.21 21.93 21.76 21.93 21.61 21.68 21.58 21.63 21.65 21.63 21.38 21.50 21.68 21.68 21.62 21.53 21.26 21.54 21.52 20.98 20.56 21.25 21.11 20.69 21.20 21.00 20.58 20.90 20.33 21.15 20.89 20.86 20.01 21.12 21.51 20.72 20.54 20.08 20.22 19.78 19.12 19.61 18.25 18.02 17.78 17.15 16.95 17.04
22.18 22.11 22.16 22.24 22.13 22.19 22.12 21.88 21.87 21.90 21.84 22.15 22.04 22.01 21.97 22.02 21.89 22.02 21.65 21.44 21.53 21.94 21.59 21.96 21.81 21.81 22.00 22.08 21.84 21.50 21.76 21.76 21.86 21.87 21.70 21.73 21.68 21.77 21.30 21.71 21.53 21.64 21.29 21.50 21.14 21.47 21.02 21.00 21.86 21.33 20.82 20.99 20.51 20.72 20.78 20.58 21.01 20.52 20.92 20.42 20.91 20.67 20.36 20.30 21.38 20.86 19.57 20.52 19.55 20.12 19.13 18.73 18.74 17.92 15.85 16.46 17.61
22.16 22.25 22.12 22.13 22.20 22.20 21.94 22.01 21.93 21.67 22.08 22.07 22.10 22.14 22.21 22.08 21.87 21.49 21.67 21.96 21.63 21.61 21.71 21.81 21.77 21.88 21.96 21.94 21.74 21.88 21.62 21.35 21.01 21.28 21.72 21.73 21.40 21.57 21.57 21.59 21.73 21.48 21.67 21.48 21.43 21.22 21.57 21.68 21.17 21.01 21.57 21.36 21.21 20.50 20.48 21.27 20.21 21.54 21.21 20.24 20.41 20.80 20.78 21.32 20.58 21.02 19.92 19.43 20.77 20.71 19.72 18.24 19.52 16.96 15.36 15.72 17.70
22.21 22.18 22.18 22.15 22.17 22.18 22.15 22.08 22.07 21.98 21.80 21.92 22.14 21.88 21.87 21.94 22.12 22.11 21.74 21.65 21.79 22.00 21.59 21.40 21.32 22.11 21.83 21.69 21.68 21.58 21.89 21.32 21.25 21.40 20.82 20.65 20.76 21.42 21.60 21.31 20.92 21.54 21.61 21.20 21.20 21.48 21.43 21.15 21.17 21.36 21.12 21.04 21.41 21.47 20.67 20.48 20.39 21.08 20.23 20.44 21.12 21.22 20.42 21.25 20.16 20.41 19.92 20.43 20.80 19.96 18.89 19.87 19.65 16.90 17.65 18.16 18.32
22.22 22.20 22.18 22.17 22.00 22.09 22.08 21.82 22.02 22.02 21.81 21.79 21.71 22.00 21.92 21.90 21.87 22.03 22.02 21.72 21.63 21.36 21.70 21.63 21.57 21.60 21.70 21.83 21.56 21.24 21.74 21.52 21.86 21.73 21.56 21.38 20.61 21.30 20.83 20.59 20.96 20.98 21.11 20.55 20.80 20.79 20.42 21.13 21.84 21.48 21.02 21.44 20.77 20.82 21.21 21.13 20.18 21.28 19.82 21.36 21.19 20.66 20.13 19.53 20.31 21.08 20.73 20.04 19.40 20.39 18.44 19.38 18.83 18.43 19.38 16.84 16.21
22.21 22.17 22.17 22.19 22.21 22.14 22.20 22.06 21.95 22.06 22.09 21.97 21.94 21.64 21.53 21.58 21.81 21.60 21.77 22.02 21.98 21.99 21.62 21.25 21.26 21.61 21.39 21.64 21.44 21.81 21.16 21.45 21.32 21.11 20.87 21.03 21.65 21.64 21.29 21.33 20.63 21.14 20.70 20.65 21.06 20.65 20.78 21.08 20.61 21.60 21.25 20.87 20.81 21.23 20.86 21.31 21.02 20.55 20.82 20.71 20.09 19.75 20.83 19.36 21.35 20.75 20.85 19.56 19.33 19.83 19.09 19.24 18.68 18.04 17.87 16.84 16.85
21.87 22.18 22.19 22.18 22.20 22.11 22.16 22.10 21.85 21.97 21.99 21.74 21.85 21.77 21.62 21.68 21.52 21.66 21.60 21.76 21.64 21.88 22.08 21.74 21.15 21.31 21.09 21.35 20.72 21.66 21.49 21.52 21.08 21.29 21.18 20.93 20.96 21.05 21.29 21.10 21.01 20.96 20.94 21.05 20.48 19.83 20.84 20.03 19.29 20.99 20.45 20.38 20.80 20.90 20.60 20.26 21.27 20.32 20.35 20.14 20.58 20.16 19.93 20.77 20.29 20.14 20.19 18.78 19.94 18.98 19.46 19.25 18.31 16.83 16.21 16.89 17.25
22.14 22.16 22.11 22.10 22.17 22.04 22.09 21.86 22.14 21.97 21.99 21.60 21.78 21.77 22.05 21.96 21.78 21.72 21.54 21.59 21.58 21.05 21.64 22.02 21.96 21.55 21.15 21.29 21.54 21.46 20.62 21.34 21.13 20.93 20.40 20.60 20.77 20.62 20.55 20.95 21.16 21.13 21.60 21.01 20.49 20.71 21.31 20.79 21.07 21.27 20.29 21.45 21.04 19.96 19.39 20.56 20.73 20.81 20.93 21.09 20.48 21.37 20.26 20.36 19.47 19.86 20.05 19.42 19.79 20.37 19.77 18.50 17.81 16.77 15.71 16.30 16.64
21.98 21.95 22.09 22.06 21.85 21.94 22.06 21.99 21.99 21.94 21.96 22.04 21.96 21.46 21.85 21.70 21.72 21.79 21.75 21.68 21.44 21.05 21.18 21.36 21.06 21.49 21.72 21.64 20.92 21.15 20.90 20.59 21.18 21.61 20.96 20.77 20.90 21.26 20.76 20.92 21.68 20.71 20.58 19.88 21.09 20.50 20.64 20.94 21.24 19.96 20.20 20.38 20.27 20.09 20.46 19.89 20.78 20.64 20.21 20.75 19.34 20.19 20.01 20.27 19.04 19.69 18.35 19.31 17.66 18.81 18.98 18.82 17.25 16.27 16.27 16.51 16.62
22.14 21.88 22.04 21.99 21.91 21.90 21.93 21.90 21.99 21.75 22.07 21.70 22.01 22.02 21.79 21.84 21.81 21.88 21.67 21.88 21.49 21.68 21.30 21.58 21.11 20.61 21.40 21.54 20.94 21.19 21.33 21.28 21.18 20.53 20.77 21.27 20.88 20.51 20.65 21.20 20.27 20.67 20.64 20.43 20.45 19.70 20.62 20.86 21.01 20.24 20.72 20.73 19.99 20.55 19.86 20.17 20.20 20.68 19.26 20.10 20.31 20.66 20.38 19.45 18.89 19.83 17.44 18.14 18.12 17.55 17.68 18.48 17.59 16.69 15.77 17.23 16.99
22.10 22.11 22.06 21.99 21.98 21.84 21.79 21.91 21.91 21.91 21.96 21.87 21.72 21.78 21.79 21.79 21.83 21.56 21.36 21.70 21.72 21.88 21.67 21.54 21.12 20.60 21.40 21.14 20.95 20.67 21.19 20.96 20.99 19.95 20.28 20.50 20.92 20.96 20.68 20.24 20.55 20.10 20.85 19.85 20.36 20.63 20.87 20.68 19.99 20.48 20.12 20.87 20.23 20.57 19.41 20.20 19.85 20.22 20.13 20.57 20.25 20.28 19.44 19.12 18.36 19.34 18.55 18.72 18.17 17.92 17.27 16.57 17.59 17.56 16.06 17.24 16.93
22.09 22.11 21.92 22.06 22.06 21.86 21.61 21.84 21.81 21.79 21.69 21.81 21.78 21.71 21.79 21.53 21.65 21.74 21.61 21.51 21.33 21.44 21.22 21.73 21.61 21.04 21.12 20.55 21.02 20.72 20.64 21.11 20.81 20.45 21.00 20.65 20.86 20.36 20.26 20.57 19.77 20.97 20.36 20.48 19.92 20.75 20.69 20.89 20.67 20.76 20.36 20.90 19.84 20.62 20.29 18.82 19.79 19.40 19.91 19.11 20.15 18.65 19.57 18.24 18.79 19.04 19.17 18.41 18.58 17.63 17.13 16.44 17.79 17.36 17.18 17.58 17.04
22.09 22.03 22.06 22.09 21.97 21.92 21.82 21.64 21.88 21.87 21.90 21.75 21.98 21.58 21.61 21.56 21.44 21.55 21.39 21.19 20.93 21.04 20.92 21.18 21.46 21.50 21.11 21.49 20.69 20.66 20.80 20.34 20.36 20.79 20.49 20.71 21.00 20.92 20.45 20.34 20.62 20.80 20.81 20.89 20.99 20.32 20.52 20.05 20.11 19.94 20.87 20.64 20.17 20.14 20.45 20.00 20.30 20.75 20.37 20.11 20.74 19.54 20.30 19.30 18.63 19.44 19.78 18.19 16.88 16.99 15.73 15.96 17.52 16.38 16.77 16.95 16.67
22.06 22.09 22.03 22.09 22.00 22.02 21.90 21.75 21.61 21.52 21.94 21.88 21.67 21.82 21.56 21.72 21.67 21.62 21.68 20.99 21.52 21.11 20.67 20.77 21.06 20.62 20.81 21.19 21.58 21.45 21.18 20.32 21.08 20.69 20.15 20.62 20.64 20.68 20.86 20.18 20.76 21.24 20.18 20.54 20.52 21.31 20.58 20.76 20.12 19.87 19.79 19.67 20.47 19.83 19.64 20.24 19.53 19.95 19.76 20.68 20.06 20.42 20.85 19.43 18.71 18.61 18.38 17.68 17.79 15.86 15.33 16.18 17.03 17.30 16.75 15.85 16.59
22.00 22.04 22.03 22.06 21.97 22.06 22.01 22.03 21.76 21.56 21.40 21.66 21.77 21.51 21.60 21.71 21.80 21.58 21.58 21.42 21.30 21.13 20.91 21.00 20.65 20.79 20.75 20.79 20.93 21.08 20.88 21.02 20.86 20.35 20.68 21.01 20.53 20.48 20.61 20.75 20.07 20.35 20.55 20.39 20.15 20.75 20.29 20.80 20.85 20.44 20.07 19.69 19.83 20.46 19.96 20.03 20.34 20.01 20.44 20.21 18.86 18.87 18.89 19.29 19.03 17.96 18.06 17.75 17.50 16.23 16.83 16.37 17.38 17.43 16.06 16.48 17.22
22.02 22.04 22.01 21.97 22.03 21.85 21.86 22.05 22.03 21.92 21.75 21.66 21.48 21.67 21.67 21.64 21.47 21.55 21.37 21.42 21.71 21.39 21.42 21.03 21.33 20.51 20.80 20.40 20.27 20.32 20.05 20.69 21.11 20.88 21.15 20.41 20.47 20.86 20.52 20.32 20.31 20.01 20.39 20.46 21.03 20.43 20.78 20.74 20.62 21.05 20.28 20.12 20.48 19.61 20.12 19.22 19.67 20.58 20.84 20.14 19.82 19.25 21.11 19.78 18.70 19.87 18.84 18.93 18.89 16.25 16.64 15.20 16.72 15.04 16.21 16.79 16.91
22.00 22.04 22.01 21.96 21.97 21.92 21.91 21.77 21.63 21.96 21.82 21.63 21.39 21.53 21.41 21.04 21.38 21.13 21.32 21.21 21.44 21.70 21.40 21.53 21.11 21.03 21.09 20.78 20.58 20.68 20.09 20.81 20.61 20.63 20.95 21.09 20.70 20.85 20.13 21.11 20.39 20.28 19.75 20.45 20.61 20.15 19.82 20.37 20.46 20.67 20.36 19.53 20.02 20.84 20.49 20.52 20.82 19.60 20.32 19.49 19.05 20.19 20.82 19.72 20.04 19.46 18.42 18.08 17.02 16.90 16.54 15.58 16.41 15.74 16.04 16.20 18.12
22.02 22.02 22.01 22.02 21.97 21.89 21.90 21.58 21.75 21.99 21.85 21.91 21.83 21.36 21.30 21.35 21.24 21.42 21.32 21.41 21.18 21.03 21.38 21.61 21.58 21.41 21.73 21.35 21.10 20.41 20.45 20.80 20.71 20.72 20.54 20.63 20.56 21.06 20.56 20.60 19.79 20.66 20.50 19.81 19.16 20.12 20.55 19.88 20.56 20.34 20.49 20.14 19.76 20.42 20.33 20.09 20.13 20.32 20.58 18.72 20.29 20.51 20.36 18.55 20.42 19.82 19.35 17.87 16.89 16.98 16.29 15.83 16.29 15.25 16.20 17.51 17.10
21.95 21.95 22.01 22.01 21.99 21.97 21.83 21.82 21.83 21.79 21.72 21.88 21.49 21.66 21.53 21.60 21.33 21.28 21.02 21.15 21.26 21.10 21.06 21.05 21.43 21.01 21.07 21.21 21.17 20.79 20.71 20.89 20.72 20.96 20.25 21.25 20.42 20.48 20.46 20.28 20.48 20.20 20.23 20.57 20.34 19.85 20.01 19.28 19.50 19.58 19.80 20.27 20.19 19.96 20.76 20.19 20.37 20.29 21.21 20.18 19.81 20.59 20.08 18.50 18.86 19.30 19.67 18.31 17.29 17.14 16.85 17.52 17.36 16.06 15.43 17.75 17.45
21.87 21.92 21.99 21.98 21.97 21.98 21.96 21.95 21.84 21.77 21.73 21.48 21.73 21.69 21.69 21.82 21.45 21.41 21.34 21.40 20.74 20.96 20.83 21.06 21.24 20.86 20.80 21.19 20.76 20.51 20.52 21.00 21.24 20.32 20.54 20.99 20.50 20.65 20.66 20.11 20.60 20.50 20.05 20.13 20.64 20.77 20.49 19.72 19.63 20.10 19.69 20.28 19.43 20.22 19.61 20.32 20.48 20.34 19.93 19.70 19.84 20.71 19.02 18.62 19.42 20.16 19.67 18.94 18.08 17.47 18.12 16.95 17.67 16.36 15.82 17.65 17.95
21.87 21.88 21.86 21.93 21.95 21.95 21.97 21.96 21.83 21.89 21.87 21.56 21.74 21.62 21.59 21.62 21.68 21.78 21.42 21.54 21.09 21.24 21.35 21.56 21.50 21.10 21.08 21.16 20.92 20.95 20.83 20.94 20.92 20.84 20.93 21.11 20.94 20.59 20.12 20.12 20.43 20.24 20.50 20.34 20.42 20.48 20.47 19.78 19.39 20.09 19.71 19.63 19.80 19.31 19.33 19.31 20.53 19.92 19.81 20.81 20.22 20.77 19.47 19.78 20.12 20.08 19.77 19.20 19.19 18.75 18.24 17.97 18.01 17.29 17.21 18.82 18.82
21.85 21.83 21.87 21.83 21.79 21.82 21.92 21.91 21.92 21.92 21.85 21.79 21.76 21.33 21.18 21.17 21.38 21.40 21.43 21.58 21.59 21.21 21.57 21.19 21.40 21.34 21.23 21.06 20.61 20.66 20.95 21.05 20.76 20.90 20.82 20.78 21.02 20.69 20.32 20.45 20.48 20.41 20.39 20.17 20.12 20.08 20.00 20.69 20.24 19.57 20.11 19.65 20.34 20.27 19.64 19.54 19.87 19.09 20.76 20.01 20.23 19.69 20.77 20.53 20.59 20.27 19.18 19.47 20.09 19.27 19.09 18.32 18.54 19.02 19.03 18.02 17.37
