files/bom_datasets/05.07.18.txt
ncols 839
nrows 679
xllcenter 112.0500
yllcenter -43.9500
cellsize 0.0500
nodata_value 99999.90
[rows 544 to 577 of 679, columns 693 to 769 of 839]
9.76 9.73 10.01 10.18 10.60 10.72 10.46 10.51 10.01 9.09 7.84 7.64 7.64 8.52 8.95 9.69 9.90 9.69 9.87 10.17 10.75 10.97 10.66 10.42 10.28 10.55 10.68 10.82 10.82 10.72 10.98 11.39 11.48 11.61 11.33 11.28 11.37 11.19 11.28 11.22 11.51 11.74 11.67 11.64 11.45 11.15 10.94 11.24 11.17 11.55 11.58 11.64 11.48 11.35 11.36 11.20 11.29 11.44 11.47 11.36 11.47 11.44 11.35 11.40 11.54 11.54 11.54 11.54 11.54 11.54 11.54 11.54 11.54 11.54 11.54 11.54 99999.90
9.43 9.18 9.36 10.01 10.41 10.70 10.44 9.81 9.14 9.11 7.50 7.49 7.79 8.35 8.78 9.35 9.70 9.38 9.70 10.24 10.33 10.68 10.57 10.46 10.17 10.01 10.07 10.39 10.73 10.66 10.99 11.24 11.54 11.48 11.33 11.49 11.27 10.98 10.95 10.97 11.45 11.82 11.73 11.62 11.58 11.57 11.29 11.20 11.26 11.62 11.77 11.61 11.29 11.30 11.21 11.11 11.19 11.41 11.44 11.46 11.51 11.35 11.26 11.17 11.37 11.54 11.54 11.54 11.54 11.54 11.54 11.54 11.54 11.54 11.54 11.54 99999.90
8.47 8.37 9.03 9.97 10.39 10.37 10.19 9.03 8.33 7.88 7.26 7.13 7.68 8.23 8.80 9.09 9.03 8.90 9.10 10.03 10.14 10.95 10.59 10.36 10.00 9.94 9.95 9.70 10.07 10.65 11.08 11.29 11.48 11.54 11.50 11.41 11.00 10.92 10.81 10.95 11.51 11.73 11.52 11.30 11.31 11.35 11.15 11.03 11.22 11.50 11.68 11.60 11.46 11.33 11.16 11.08 11.19 11.28 11.34 11.42 11.53 11.30 11.15 11.10 11.23 11.23 11.23 11.54 11.54 11.54 11.54 11.54 11.54 11.54 11.54 11.54 99999.90
8.99 8.59 8.71 9.56 9.52 10.08 9.95 9.21 9.23 8.13 7.49 7.20 7.68 7.91 8.62 8.89 8.71 8.73 9.41 9.83 9.98 10.14 9.73 9.96 10.21 9.74 9.87 9.67 10.38 10.71 11.24 11.40 11.28 11.42 11.17 10.99 10.83 10.51 10.54 10.97 11.35 11.60 11.43 11.50 11.21 10.96 11.09 11.01 11.25 11.42 11.50 11.53 11.44 11.25 11.01 11.11 11.23 11.32 11.36 11.35 11.42 11.28 11.18 11.00 11.19 11.19 11.19 11.32 11.32 11.32 11.32 11.32 11.32 11.32 11.32 11.32 99999.90
9.57 8.81 8.93 8.51 9.35 9.96 9.82 9.24 9.24 9.53 8.63 8.38 7.91 7.78 8.34 8.77 8.84 8.99 9.48 10.01 10.21 9.81 9.47 9.56 9.91 9.59 9.38 9.29 10.02 10.29 11.02 11.28 11.08 11.27 11.28 11.05 10.69 10.46 10.46 10.81 11.19 11.43 11.46 11.44 11.29 11.12 11.06 11.16 11.18 11.22 11.24 11.40 11.38 11.19 10.81 10.95 10.95 11.15 11.23 11.31 11.34 11.30 11.28 11.12 11.20 11.20 11.32 11.32 11.32 11.32 11.32 11.32 11.32 11.32 11.32 11.32 99999.90
8.73 8.65 8.83 8.80 8.48 8.57 8.99 8.42 8.86 8.90 8.22 8.39 7.54 7.31 7.69 8.68 8.92 9.41 9.46 9.78 10.07 10.15 9.79 9.61 9.53 9.72 9.42 9.14 9.56 10.07 10.78 11.18 11.09 11.15 11.05 11.00 10.54 10.32 10.19 10.62 10.99 11.29 11.43 11.13 11.44 11.49 11.10 10.98 11.06 11.07 10.89 11.28 11.54 11.26 10.80 10.81 10.90 11.02 11.03 11.13 11.34 11.35 11.40 11.19 11.14 11.32 11.32 11.32 11.32 11.32 11.32 11.32 11.32 11.32 11.32 11.32 99999.90
8.65 8.48 8.48 8.29 7.91 7.95 7.86 7.42 8.02 7.42 7.31 7.69 7.99 8.01 8.08 8.74 8.95 9.22 8.89 9.19 9.97 10.24 10.04 9.18 9.06 9.28 8.99 8.96 9.49 10.04 10.42 10.56 10.92 11.05 10.95 10.85 10.67 10.43 10.18 10.50 10.81 11.03 11.28 11.14 11.32 11.38 10.74 10.76 11.02 11.12 10.94 11.10 11.32 11.35 10.98 10.58 10.48 10.80 10.91 10.97 11.14 11.35 11.40 11.19 11.14 11.32 11.32 11.32 11.32 11.32 11.32 11.32 11.32 11.32 11.32 11.32 99999.90
9.04 8.46 8.64 8.57 8.09 7.51 7.50 6.99 7.87 7.16 6.94 7.25 8.19 8.43 8.68 9.15 9.22 9.09 8.92 9.04 9.74 9.86 9.78 9.33 8.75 8.61 8.61 9.05 9.50 9.79 9.65 10.14 10.83 11.18 11.22 10.92 10.61 10.44 10.35 10.42 10.71 10.76 11.07 11.29 11.25 11.05 10.96 10.86 10.59 10.93 10.87 10.94 11.01 11.09 11.08 10.72 10.83 10.77 10.80 10.88 11.14 11.14 11.40 11.19 11.14 11.32 11.32 11.32 11.32 11.32 11.32 11.32 11.32 11.32 11.32 11.32 99999.90
9.57 9.00 8.43 8.44 8.16 7.36 7.57 7.66 7.48 8.14 7.91 7.67 8.23 8.43 8.57 9.15 9.30 9.05 8.89 9.01 9.15 9.24 9.64 9.24 8.86 8.47 8.58 9.25 9.33 9.59 9.86 10.03 10.84 11.17 11.18 10.93 10.47 10.35 10.19 10.20 10.24 10.27 10.61 11.02 11.29 11.01 11.02 11.01 10.69 10.76 10.91 10.83 10.94 10.79 10.77 10.80 10.79 10.84 10.81 10.99 11.14 11.14 11.14 11.19 11.14 11.32 11.32 11.32 11.32 11.32 11.32 11.32 11.32 11.32 11.32 11.32 99999.90
9.57 9.13 9.04 8.89 8.10 8.17 7.79 7.80 8.25 9.01 8.60 8.34 8.75 9.03 8.77 8.96 9.01 8.87 8.94 9.47 9.20 9.26 9.61 9.51 9.17 9.00 9.40 9.31 9.23 9.56 10.10 10.20 10.62 10.76 10.83 10.94 10.71 10.32 10.10 10.31 10.22 10.18 10.43 10.89 10.94 10.91 10.87 10.81 10.58 10.38 10.31 10.30 10.51 10.63 10.59 10.72 10.94 11.00 10.77 10.99 10.99 11.14 11.14 11.14 11.14 11.32 11.32 11.32 11.32 11.32 11.32 11.32 11.32 11.32 11.32 11.32 99999.90
9.55 9.35 9.33 9.22 9.25 9.15 8.91 8.77 8.68 8.89 9.36 9.03 8.78 9.11 9.80 9.71 9.64 9.15 8.98 9.56 9.21 9.62 9.67 9.56 9.47 9.29 9.46 9.24 9.37 9.71 9.49 10.25 10.75 10.61 10.44 10.94 10.89 10.15 9.87 10.05 10.22 10.27 10.52 10.69 10.56 10.58 10.59 10.48 10.51 10.32 10.23 10.14 10.20 10.62 10.91 11.02 10.98 11.00 10.77 10.77 10.99 10.99 11.14 11.14 11.14 11.32 11.32 11.32 11.32 11.32 11.32 11.32 11.32 11.32 11.32 11.32 99999.90
9.10 9.38 9.28 9.46 9.61 9.75 9.84 9.58 9.28 9.22 9.54 9.42 9.66 9.99 10.23 10.41 10.18 9.65 9.50 9.99 9.73 10.04 9.96 9.95 9.91 9.25 9.41 9.75 9.44 9.28 9.63 10.08 10.77 10.60 10.40 10.58 10.83 10.33 10.10 10.35 10.44 10.42 10.52 10.69 10.56 10.58 10.59 10.48 10.51 10.32 10.23 10.14 10.20 10.62 10.91 11.02 10.98 10.98 10.77 10.77 10.77 10.99 10.99 11.14 11.14 11.32 11.32 11.32 11.32 11.32 11.32 11.32 11.32 11.32 11.32 11.32 99999.90
8.97 9.02 9.25 9.64 10.01 10.02 9.91 9.92 9.83 9.42 9.46 9.94 10.23 10.45 10.92 10.46 10.43 10.57 10.34 10.19 10.03 10.02 10.19 10.21 10.36 9.68 9.66 10.08 9.72 9.28 9.63 10.08 10.77 10.60 10.40 10.58 10.83 10.33 10.10 10.35 10.44 10.42 10.42 10.69 10.56 10.58 10.59 10.48 10.51 10.32 10.23 10.14 10.20 10.62 10.91 11.02 10.98 10.98 10.98 10.77 10.77 10.77 10.99 10.99 11.14 11.32 11.32 11.32 11.32 11.32 11.32 11.32 11.32 11.32 11.32 11.32 99999.90
9.07 8.84 9.42 9.64 10.20 10.18 10.13 9.94 10.24 9.44 9.18 9.33 9.38 10.02 10.70 10.70 10.65 10.77 10.70 10.67 10.07 9.43 9.97 9.83 9.60 9.68 9.66 10.08 9.72 9.72 9.63 10.08 10.77 10.60 10.40 10.58 10.83 10.33 10.10 10.35 10.44 10.42 10.42 10.42 10.56 10.58 10.59 10.48 10.51 10.32 10.23 10.14 10.20 10.62 10.91 11.02 10.98 10.98 10.98 10.77 10.77 10.77 10.77 10.99 10.99 11.14 11.32 11.32 11.32 11.32 11.32 11.32 11.32 11.32 11.32 11.32 99999.90
8.77 9.10 9.73 9.45 10.06 10.21 10.43 10.52 10.29 9.80 9.54 9.29 9.68 10.18 10.68 10.36 10.53 10.71 10.64 10.69 10.13 9.64 10.08 9.83 9.60 9.60 9.66 10.08 9.72 9.72 9.72 10.08 10.77 10.60 10.40 10.58 10.83 10.33 10.10 10.35 10.44 10.42 10.42 10.42 10.56 10.58 10.59 10.48 10.51 10.32 10.23 10.14 10.20 10.62 10.91 11.02 10.98 10.98 10.98 10.98 10.77 10.77 10.77 10.77 10.99 10.99 11.32 11.32 11.32 11.32 11.32 11.32 11.32 11.32 11.32 11.32 99999.90
8.38 8.79 9.66 9.77 10.13 10.26 10.59 10.70 10.30 10.29 9.99 9.70 9.87 10.12 10.47 10.25 10.61 10.66 10.35 10.27 10.37 9.64 10.08 10.08 9.60 9.60 9.60 10.08 9.72 9.72 9.72 10.08 10.77 10.60 10.40 10.58 10.83 10.33 10.10 10.35 10.44 10.42 10.42 10.42 10.56 10.58 10.59 10.48 10.51 10.32 10.23 10.14 10.20 10.62 10.91 11.02 10.98 10.98 10.98 10.98 10.77 10.77 10.77 10.77 10.77 10.99 10.99 11.32 11.32 11.32 11.32 11.32 11.32 11.32 11.32 11.32 99999.90
8.23 9.36 9.46 9.27 10.01 10.16 10.11 10.56 10.11 10.12 10.27 9.70 9.87 10.12 10.47 10.11 10.09 10.35 10.54 10.27 10.37 10.37 10.08 10.08 10.08 9.60 9.60 10.08 9.72 9.72 9.72 10.08 10.77 10.60 10.40 10.58 10.83 10.33 10.10 10.35 10.44 10.42 10.42 10.42 10.42 10.58 10.59 10.48 10.51 10.32 10.23 10.14 10.20 10.62 10.91 11.02 10.98 10.98 10.98 10.98 10.98 10.77 10.77 10.77 10.77 10.77 10.99 10.99 11.14 11.14 11.14 99999.90 99999.90 99999.90 99999.90 99999.90 99999.90
8.63 8.70 8.73 8.96 9.25 9.59 9.89 10.82 10.22 10.05 10.28 10.28 9.87 10.47 10.16 10.16 10.15 10.35 10.54 10.54 10.37 10.37 10.37 10.08 10.08 9.60 9.60 10.08 9.72 9.72 9.72 9.72 10.77 10.60 10.40 10.58 10.83 10.33 10.10 10.35 10.44 10.42 10.42 10.42 10.42 10.58 10.59 10.48 10.51 10.32 10.23 10.14 10.20 10.62 10.91 11.02 10.98 10.98 10.98 10.98 10.98 10.77 10.77 10.77 10.77 10.77 10.77 10.99 10.99 11.14 11.14 99999.90 99999.90 99999.90 99999.90 99999.90 99999.90
8.30 8.44 8.33 9.09 9.47 9.82 9.93 10.33 10.10 9.25 9.58 9.58 9.20 10.47 10.47 10.23 10.15 10.15 10.54 10.54 10.54 10.37 10.37 10.08 10.08 10.08 9.60 9.60 9.72 9.72 9.72 9.72 10.77 10.60 10.40 10.58 10.83 10.33 10.10 10.35 10.44 10.42 10.42 10.42 10.42 10.58 10.59 10.48 10.51 10.32 10.23 10.14 10.20 10.62 10.91 11.02 10.98 10.98 10.98 10.98 10.98 10.98 10.77 10.77 10.77 10.77 10.77 10.77 10.99 10.99 99999.90 99999.90 99999.90 99999.90 99999.90 99999.90 99999.90
8.53 8.47 8.52 8.20 9.26 8.77 8.69 9.29 9.59 9.09 9.17 9.49 9.20 9.59 9.81 10.23 10.23 10.15 10.15 10.54 10.54 10.37 10.37 10.37 10.08 10.08 9.60 9.60 9.72 9.72 9.72 9.72 10.77 10.60 10.40 10.58 10.83 10.33 10.10 10.35 10.44 10.42 10.42 10.42 10.42 10.42 10.59 10.48 10.51 10.32 10.23 10.14 10.20 10.62 10.91 11.02 10.98 10.98 10.98 10.98 10.98 10.98 10.77 10.77 10.77 10.77 10.77 10.77 10.77 99999.90 99999.90 99999.90 99999.90 99999.90 99999.90 99999.90 99999.90
8.02 8.24 8.79 8.45 9.53 8.74 8.56 9.56 9.13 9.41 9.54 8.89 8.52 9.59 9.81 9.81 10.23 10.23 10.15 10.54 10.54 10.54 10.37 10.37 10.08 10.08 10.08 9.60 9.72 9.72 9.72 9.72 9.72 10.60 10.40 10.58 10.83 10.33 10.10 10.35 10.44 10.42 10.42 10.42 10.42 10.42 10.59 10.48 10.51 10.32 10.23 10.14 10.20 10.62 10.91 11.02 10.98 10.98 10.98 10.98 10.98 10.98 10.98 10.98 10.98 10.98 10.98 99999.90 99999.90 99999.90 99999.90 99999.90 99999.90 99999.90 99999.90 99999.90 99999.90
9.05 8.59 8.46 8.35 8.93 8.24 9.47 9.44 9.43 9.47 9.25 8.77 8.52 8.52 9.81 9.81 9.81 10.23 10.23 10.15 10.54 10.54 10.37 10.37 10.37 10.08 10.08 9.60 9.60 9.72 9.72 9.72 9.72 10.60 10.40 10.58 10.83 10.33 10.10 10.35 10.44 10.42 10.42 10.42 10.42 10.42 10.42 10.42 10.42 10.42 10.42 10.42 99999.90 99999.90 99999.90 99999.90 99999.90 99999.90 99999.90 99999.90 99999.90 99999.90 99999.90 99999.90 99999.90 99999.90 99999.90 99999.90 99999.90 99999.90 99999.90 99999.90 99999.90 99999.90 99999.90 99999.90 99999.90
9.45 9.02 8.44 8.48 8.25 8.63 8.92 8.22 8.41 8.10 8.03 8.77 8.77 8.52 8.52 9.81 9.81 9.81 10.23 10.23 10.54 10.54 10.54 10.37 10.37 10.08 10.08 10.08 9.60 9.72 9.72 9.72 9.72 9.72 9.72 9.72 9.72 9.72 9.72 99999.90 99999.90 99999.90 99999.90 99999.90 99999.90 99999.90 99999.90 99999.90 99999.90 99999.90 99999.90 99999.90 99999.90 99999.90 99999.90 99999.90 99999.90 99999.90 99999.90 99999.90 99999.90 99999.90 99999.90 99999.90 99999.90 99999.90 99999.90 99999.90 99999.90 99999.90 99999.90 99999.90 99999.90 99999.90 99999.90 99999.90 99999.90
9.03 8.90 8.76 8.85 8.84 8.18 7.99 8.23 8.51 8.22 8.03 8.03 8.77 8.77 8.52 9.81 9.81 9.81 9.81 10.23 10.23 10.54 10.54 10.37 10.37 10.37 10.08 10.08 9.60 9.60 9.60 9.60 9.60 9.60 9.60 99999.90 99999.90 99999.90 99999.90 99999.90 99999.90 99999.90 99999.90 99999.90 99999.90 99999.90 99999.90 99999.90 99999.90 99999.90 99999.90 99999.90 99999.90 99999.90 99999.90 99999.90 99999.90 99999.90 99999.90 99999.90 99999.90 99999.90 99999.90 99999.90 99999.90 99999.90 99999.90 99999.90 99999.90 99999.90 99999.90 99999.90 99999.90 99999.90 99999.90 99999.90 99999.90
9.13 8.20 8.33 8.81 8.25 7.56 7.79 8.16 8.51 8.22 8.22 8.03 8.03 8.77 8.77 8.52 9.81 9.81 9.81 9.81 10.23 10.23 10.54 10.54 10.37 10.37 10.08 10.08 10.08 10.08 10.08 10.08 10.08 99999.90 99999.90 99999.90 99999.90 99999.90 99999.90 99999.90 99999.90 99999.90 99999.90 99999.90 99999.90 99999.90 99999.90 99999.90 99999.90 99999.90 99999.90 99999.90 99999.90 99999.90 99999.90 99999.90 99999.90 99999.90 99999.90 99999.90 99999.90 99999.90 99999.90 99999.90 99999.90 99999.90 99999.90 99999.90 99999.90 99999.90 99999.90 99999.90 99999.90 99999.90 99999.90 99999.90 99999.90
8.25 8.06 8.42 8.71 8.69 9.17 8.32 8.16 8.16 8.22 8.22 8.22 8.03 8.03 8.77 8.77 9.81 9.81 9.81 9.81 9.81 10.23 10.54 10.54 10.37 10.37 10.37 10.37 10.37 10.37 10.37 99999.90 99999.90 99999.90 99999.90 99999.90 99999.90 99999.90 99999.90 99999.90 99999.90 99999.90 99999.90 99999.90 99999.90 99999.90 99999.90 99999.90 99999.90 99999.90 99999.90 99999.90 99999.90 99999.90 99999.90 99999.90 99999.90 99999.90 99999.90 99999.90 99999.90 99999.90 99999.90 99999.90 99999.90 99999.90 99999.90 99999.90 99999.90 99999.90 99999.90 99999.90 99999.90 99999.90 99999.90 99999.90 99999.90
7.79 8.42 8.91 8.87 8.74 9.56 8.32 8.32 8.16 8.16 8.22 8.22 8.22 8.03 8.03 8.77 8.77 9.81 9.81 9.81 9.81 9.81 10.23 10.54 10.54 10.54 10.54 10.54 10.54 99999.90 99999.90 99999.90 99999.90 99999.90 99999.90 99999.90 99999.90 99999.90 99999.90 99999.90 99999.90 99999.90 99999.90 99999.90 99999.90 99999.90 99999.90 99999.90 99999.90 99999.90 99999.90 99999.90 99999.90 99999.90 99999.90 99999.90 99999.90 99999.90 99999.90 99999.90 99999.90 99999.90 99999.90 99999.90 99999.90 99999.90 99999.90 99999.90 99999.90 99999.90 99999.90 99999.90 99999.90 99999.90 99999.90 99999.90 99999.90
7.64 7.88 8.56 8.57 8.66 9.56 9.56 8.32 8.32 8.16 8.22 8.22 8.22 8.22 8.03 8.03 8.77 8.77 9.81 9.81 9.81 9.81 9.81 10.23 10.23 10.15 10.15 99999.90 99999.90 99999.90 99999.90 99999.90 99999.90 99999.90 99999.90 99999.90 99999.90 99999.90 99999.90 99999.90 99999.90 99999.90 99999.90 99999.90 99999.90 99999.90 99999.90 99999.90 99999.90 99999.90 99999.90 99999.90 99999.90 99999.90 99999.90 99999.90 99999.90 99999.90 99999.90 99999.90 99999.90 99999.90 99999.90 99999.90 99999.90 99999.90 99999.90 99999.90 99999.90 99999.90 99999.90 99999.90 99999.90 99999.90 99999.90 99999.90 99999.90
7.14 7.26 7.50 8.02 8.66 8.66 9.56 9.56 8.32 8.32 8.16 8.22 8.22 8.22 8.22 8.03 8.03 8.77 9.81 9.81 9.81 9.81 9.81 9.81 10.23 10.23 99999.90 99999.90 99999.90 99999.90 99999.90 99999.90 99999.90 99999.90 99999.90 99999.90 99999.90 99999.90 99999.90 99999.90 99999.90 99999.90 99999.90 99999.90 99999.90 99999.90 99999.90 99999.90 99999.90 99999.90 99999.90 99999.90 99999.90 99999.90 99999.90 99999.90 99999.90 99999.90 99999.90 99999.90 99999.90 99999.90 99999.90 99999.90 99999.90 99999.90 99999.90 99999.90 99999.90 99999.90 99999.90 99999.90 99999.90 99999.90 99999.90 99999.90 99999.90
7.14 7.26 7.50 8.02 8.02 8.66 8.66 9.56 9.56 8.32 8.32 8.22 8.22 8.22 8.22 8.22 8.03 8.03 8.77 9.81 9.81 9.81 9.81 9.81 9.81 99999.90 99999.90 99999.90 99999.90 99999.90 99999.90 99999.90 99999.90 99999.90 99999.90 99999.90 99999.90 99999.90 99999.90 99999.90 99999.90 99999.90 99999.90 99999.90 99999.90 99999.90 99999.90 99999.90 99999.90 99999.90 99999.90 99999.90 99999.90 99999.90 99999.90 99999.90 99999.90 99999.90 99999.90 99999.90 99999.90 99999.90 99999.90 99999.90 99999.90 99999.90 99999.90 99999.90 99999.90 99999.90 99999.90 99999.90 99999.90 99999.90 99999.90 99999.90 99999.90
7.14 7.26 7.50 8.02 8.02 8.02 8.66 8.66 9.56 9.56 8.32 8.32 8.22 8.22 8.22 8.22 8.22 8.03 8.03 8.77 8.77 8.52 8.52 99999.90 99999.90 99999.90 99999.90 99999.90 99999.90 99999.90 99999.90 99999.90 99999.90 99999.90 99999.90 99999.90 99999.90 99999.90 99999.90 99999.90 99999.90 99999.90 99999.90 99999.90 99999.90 99999.90 99999.90 99999.90 99999.90 99999.90 99999.90 99999.90 99999.90 99999.90 99999.90 99999.90 99999.90 99999.90 99999.90 99999.90 99999.90 99999.90 99999.90 99999.90 99999.90 99999.90 99999.90 99999.90 99999.90 99999.90 99999.90 99999.90 99999.90 99999.90 99999.90 99999.90 99999.90
7.14 7.26 7.50 8.02 8.02 8.02 8.02 8.66 8.66 9.56 9.56 8.32 8.32 8.22 8.22 8.22 8.22 8.22 8.03 8.03 8.77 8.77 99999.90 99999.90 99999.90 99999.90 99999.90 99999.90 99999.90 99999.90 99999.90 99999.90 99999.90 99999.90 99999.90 99999.90 99999.90 99999.90 99999.90 99999.90 99999.90 99999.90 99999.90 99999.90 99999.90 99999.90 99999.90 99999.90 99999.90 99999.90 99999.90 99999.90 99999.90 99999.90 99999.90 99999.90 99999.90 99999.90 99999.90 99999.90 99999.90 99999.90 99999.90 99999.90 99999.90 99999.90 99999.90 99999.90 99999.90 99999.90 99999.90 99999.90 99999.90 99999.90 99999.90 99999.90 99999.90
7.14 7.26 7.50 8.02 8.02 8.02 8.02 8.02 8.66 8.66 9.56 9.56 8.32 8.22 8.22 8.22 8.22 8.22 8.22 8.03 8.03 99999.90 99999.90 99999.90 99999.90 99999.90 99999.90 99999.90 99999.90 99999.90 99999.90 99999.90 99999.90 99999.90 99999.90 99999.90 99999.90 99999.90 99999.90 99999.90 99999.90 99999.90 99999.90 99999.90 99999.90 99999.90 99999.90 99999.90 99999.90 99999.90 99999.90 99999.90 99999.90 99999.90 99999.90 99999.90 99999.90 99999.90 99999.90 99999.90 99999.90 99999.90 99999.90 99999.90 99999.90 99999.90 99999.90 99999.90 99999.90 99999.90 99999.90 99999.90 99999.90 99999.90 99999.90 99999.90 99999.90
7.14 7.26 7.50 8.02 8.02 8.02 8.02 8.02 8.02 8.66 8.66 9.56 9.56 8.32 8.22 8.22 8.22 8.22 8.22 8.22 99999.90 99999.90 99999.90 99999.90 99999.90 99999.90 99999.90 99999.90 99999.90 99999.90 99999.90 99999.90 99999.90 99999.90 99999.90 99999.90 99999.90 99999.90 99999.90 99999.90 99999.90 99999.90 99999.90 99999.90 99999.90 99999.90 99999.90 99999.90 99999.90 99999.90 99999.90 99999.90 99999.90 99999.90 99999.90 99999.90 99999.90 99999.90 99999.90 99999.90 99999.90 99999.90 99999.90 99999.90 99999.90 99999.90 99999.90 99999.90 99999.90 99999.90 99999.90 99999.90 99999.90 99999.90 99999.90 99999.90 99999.90
