files/bom_datasets/05.04.18.txt
ncols 839
nrows 679
xllcenter 112.0500
yllcenter -43.9500
cellsize 0.0500
nodata_value 99999.90
[rows 374 to 407 of 679, columns 154 to 230 of 839]
16.17 16.16 16.12 16.18 16.14 16.16 16.09 16.12 16.15 16.12 16.14 16.14 16.09 16.13 16.11 16.16 16.18 16.16 16.16 16.17 16.10 16.17 15.92 16.07 15.79 16.06 16.08 16.12 16.05 16.13 16.17 16.15 16.17 16.16 16.15 16.15 16.15 16.12 16.07 16.04 16.07 16.05 16.09 16.10 15.96 16.03 16.00 16.17 16.11 16.17 16.10 16.17 16.19 16.16 16.12 16.20 16.18 16.19 16.18 16.17 16.13 16.05 16.02 16.02 16.03 16.08 16.02 15.99 16.13 16.02 15.96 16.02 16.02 16.17 16.17 16.15 16.15
16.05 16.07 16.06 16.13 16.14 16.14 16.13 16.14 16.13 16.11 16.11 16.11 16.09 16.14 16.11 16.11 16.09 16.09 15.92 15.86 16.13 15.79 13.91 13.50 14.36 15.70 16.06 16.11 16.07 16.09 16.12 16.10 16.12 16.12 15.97 16.03 16.12 16.03 15.89 16.02 16.09 16.10 16.06 15.84 16.02 15.97 15.91 16.11 16.15 16.09 16.13 16.16 16.16 16.17 16.08 16.15 16.16 16.15 16.13 16.17 16.12 16.11 16.13 15.97 15.99 16.07 16.05 16.06 16.02 15.93 16.06 16.01 16.03 16.06 16.13 16.01 16.05
16.10 16.04 16.05 16.01 16.10 16.11 16.10 16.08 16.01 15.94 16.01 16.08 16.09 16.12 16.12 16.06 16.03 16.10 15.98 15.61 15.57 15.73 15.60 15.66 15.70 15.62 15.75 15.75 16.00 16.11 16.02 15.95 15.98 16.07 16.09 15.96 16.06 15.99 16.01 15.97 16.05 16.05 16.03 15.99 15.94 16.00 16.16 16.15 15.60 15.40 14.57 16.06 16.14 16.09 16.16 16.15 16.15 16.12 16.08 16.08 16.10 16.07 16.13 16.05 15.91 16.05 16.03 16.03 16.04 15.98 15.87 16.01 16.02 16.09 16.06 16.07 15.93
15.48 16.06 16.03 15.90 16.00 15.83 16.01 16.03 15.97 15.89 16.00 15.99 16.05 16.13 16.09 15.99 16.08 16.01 16.03 16.07 16.05 16.11 16.11 16.11 16.09 16.08 16.01 15.99 16.03 15.86 15.96 15.89 15.85 16.03 15.99 15.75 15.97 16.02 15.93 15.94 16.00 16.04 16.02 15.99 15.92 15.91 16.09 16.05 14.50 13.61 13.92 14.36 14.87 16.03 16.09 16.12 16.13 16.09 16.04 16.05 16.02 16.09 16.09 16.06 16.03 16.02 16.00 15.96 16.05 16.05 16.04 15.87 16.00 15.99 16.03 16.02 16.08
15.42 15.43 15.21 15.12 14.93 15.94 15.95 15.85 15.94 15.96 16.00 16.01 15.93 16.05 16.07 16.06 16.03 16.00 16.06 16.08 16.08 16.09 16.10 16.02 16.04 16.05 15.93 15.95 16.04 15.91 15.96 15.84 15.89 16.02 15.99 15.76 15.85 15.96 15.77 15.99 15.99 16.00 16.01 16.00 15.93 16.07 16.07 13.99 15.16 15.49 13.95 15.02 14.72 15.87 16.10 16.11 16.08 16.08 16.06 15.94 15.90 15.83 15.98 16.01 16.01 16.00 15.99 16.02 16.00 16.02 16.05 15.98 16.04 16.03 15.93 15.98 15.97
14.95 15.48 15.85 15.63 15.35 16.06 16.09 16.03 16.04 16.02 15.99 15.96 15.97 16.05 16.05 16.05 16.03 16.04 16.04 16.06 16.07 16.00 16.05 16.01 15.92 15.97 15.90 15.99 16.02 16.04 16.03 15.94 15.76 15.82 14.97 15.75 15.75 15.99 15.96 16.00 16.03 16.01 16.02 16.01 15.98 16.07 16.06 15.88 15.63 14.54 14.84 14.45 14.42 15.47 16.07 16.08 16.07 16.09 16.07 16.02 16.03 15.98 15.88 16.05 16.00 16.04 16.01 15.95 16.02 16.01 16.03 15.96 16.01 15.99 15.95 15.90 15.90
15.14 15.95 16.01 15.56 15.30 16.02 15.94 15.96 15.96 15.96 15.95 15.96 15.98 16.02 15.94 16.00 16.00 16.02 16.01 16.02 16.02 15.93 15.99 15.96 15.95 15.83 15.76 15.93 16.02 16.02 15.98 15.96 15.89 15.82 15.58 15.60 15.53 15.87 16.00 16.00 15.99 15.98 16.01 16.02 16.06 16.05 16.03 16.02 16.04 14.63 14.58 14.61 14.47 15.51 16.06 16.02 16.07 16.08 16.06 15.99 16.03 15.99 15.94 15.96 16.02 15.98 15.93 15.96 15.94 15.99 16.01 15.95 15.96 16.00 15.96 15.88 15.94
16.00 16.00 15.98 15.85 15.88 15.97 15.90 15.89 15.92 15.93 15.95 15.97 15.99 15.96 15.79 15.95 15.98 16.00 16.01 16.00 15.99 15.95 15.94 15.99 15.98 15.66 15.65 15.89 15.94 15.98 15.98 15.93 15.79 15.73 15.70 15.71 15.68 15.29 15.91 15.99 15.96 15.90 15.84 15.81 15.99 16.02 16.04 16.03 15.94 15.63 14.68 14.61 14.98 15.48 16.03 16.03 15.98 16.00 16.02 15.99 16.04 16.01 15.93 15.84 15.92 15.97 15.97 15.96 16.03 16.03 16.00 15.96 16.02 16.01 15.93 15.92 15.96
15.96 15.96 15.94 15.97 15.96 15.93 15.86 15.88 15.92 15.95 15.99 15.99 15.96 15.94 15.75 15.94 15.97 15.98 15.95 15.96 15.96 15.98 15.97 15.98 15.92 15.62 15.72 15.87 15.91 15.87 15.93 15.84 15.60 15.53 15.66 15.73 15.63 15.40 15.79 15.89 15.89 15.84 15.81 15.81 15.78 15.92 15.98 16.01 15.97 16.02 15.42 15.00 14.85 15.52 15.83 15.98 16.00 15.97 15.98 15.93 15.88 15.84 15.84 15.90 15.97 15.98 16.01 15.94 15.89 15.90 15.99 15.93 15.97 16.07 15.95 15.85 15.90
15.94 15.93 15.93 15.95 15.92 15.90 15.87 15.90 15.90 15.91 15.95 15.95 15.95 15.91 15.79 15.92 15.92 15.94 15.95 15.95 15.95 15.98 15.93 15.92 15.80 15.64 15.75 15.86 15.88 15.78 15.76 15.74 15.61 15.51 15.63 15.73 15.71 15.62 15.81 15.60 15.83 15.90 15.91 15.83 15.92 15.89 15.97 16.00 16.01 16.00 15.96 15.15 15.07 15.43 15.78 16.00 15.99 15.92 15.89 15.90 15.95 15.92 15.83 15.81 15.88 16.00 15.95 15.96 16.02 16.00 15.97 15.93 16.04 16.01 15.95 15.89 15.87
15.83 15.93 15.93 15.93 15.88 15.89 15.89 15.89 15.90 15.93 15.92 15.91 15.90 15.87 15.80 15.89 15.88 15.93 15.92 15.92 15.91 15.87 15.89 15.83 15.85 15.61 15.66 15.86 15.82 15.72 15.68 15.65 15.59 15.59 15.58 15.68 15.73 15.71 15.83 15.65 15.80 15.90 15.93 15.92 15.88 15.91 15.94 15.75 15.97 15.97 15.96 15.90 15.54 15.55 15.73 16.01 15.99 15.93 15.95 15.96 15.89 15.97 15.93 15.94 15.88 15.99 15.89 15.92 16.04 16.02 15.98 16.00 16.02 15.92 15.90 15.94 15.87
15.68 15.89 15.90 15.89 15.87 15.89 15.89 15.87 15.88 15.91 15.91 15.89 15.86 15.85 15.81 15.85 15.81 15.85 15.89 15.90 15.89 15.90 15.86 15.74 15.85 15.59 15.59 15.78 15.75 15.69 15.52 15.56 15.57 15.57 15.55 15.60 15.70 15.71 15.83 15.78 15.75 15.70 15.90 15.91 15.87 15.86 15.90 15.85 15.86 15.91 15.83 15.92 15.88 15.94 15.81 15.92 15.90 15.96 15.95 15.94 15.85 15.86 15.88 15.88 15.91 16.03 15.83 15.95 15.86 15.99 15.99 15.93 15.92 15.85 15.93 15.94 15.89
15.44 15.85 15.88 15.86 15.86 15.85 15.82 15.81 15.80 15.87 15.87 15.88 15.84 15.80 15.78 15.80 15.79 15.04 14.52 14.90 15.84 15.88 15.82 15.57 15.75 15.57 15.60 15.70 15.62 15.61 15.52 15.52 15.54 15.55 15.57 15.49 15.65 15.78 15.82 15.81 15.79 15.14 15.12 15.84 15.84 15.80 15.78 15.89 15.87 15.78 15.82 15.91 15.90 15.92 15.91 15.86 15.68 15.77 15.91 15.96 15.93 15.88 15.91 15.90 15.85 15.97 16.01 15.98 15.89 15.92 15.77 15.90 15.89 15.84 15.77 15.88 15.91
14.69 15.81 15.84 15.80 15.77 15.81 15.75 15.73 15.78 15.84 15.85 15.69 15.74 15.75 15.76 15.74 15.66 9.97 11.70 13.86 14.06 14.92 15.31 15.13 15.58 15.53 15.58 15.54 15.54 15.61 15.50 15.45 15.49 15.49 15.53 15.55 15.67 15.70 15.69 15.68 15.74 15.83 15.47 14.51 15.44 15.83 15.90 15.88 15.82 15.67 15.75 15.76 15.85 15.90 15.87 15.85 15.79 15.82 15.74 15.94 16.00 15.92 15.89 15.88 15.90 15.85 15.83 15.91 15.90 15.82 15.84 15.89 15.89 15.84 15.76 15.82 15.82
15.01 14.77 15.75 15.58 15.72 15.80 15.69 15.70 15.81 15.83 15.48 15.63 15.71 15.68 15.65 15.62 15.23 11.25 11.58 13.36 13.09 14.48 14.74 14.64 14.67 15.47 15.52 15.54 15.53 15.64 15.55 15.42 15.45 15.43 15.49 15.54 15.56 15.74 15.76 15.80 15.79 15.83 15.80 15.06 13.77 15.42 15.86 15.85 15.75 15.69 15.87 15.82 15.76 15.86 15.87 15.89 15.89 15.87 15.88 15.88 15.83 15.88 15.88 15.86 15.85 15.86 15.85 15.86 15.89 15.91 15.90 15.87 15.90 15.81 15.87 15.84 15.81
15.07 14.98 15.75 15.41 15.73 15.79 15.74 15.76 15.80 15.79 15.61 15.69 15.64 15.59 15.59 15.62 15.71 15.66 15.46 14.62 15.03 14.41 15.12 15.04 14.94 15.16 15.00 15.18 15.31 15.58 15.57 15.44 15.40 15.48 15.43 15.58 15.61 15.70 15.77 15.80 15.77 15.74 15.75 15.66 15.12 14.88 15.34 15.75 15.70 15.56 15.80 15.77 15.73 15.81 15.84 15.80 15.88 15.82 15.85 15.85 15.86 15.44 15.79 15.91 15.90 15.84 15.77 15.86 15.85 15.87 15.85 15.83 15.87 15.83 15.74 15.85 15.77
13.30 15.07 15.54 15.33 15.66 15.74 15.74 15.73 15.78 15.74 15.64 15.64 15.73 15.58 15.58 15.65 15.66 15.61 15.55 15.65 15.63 15.71 15.66 15.34 14.91 15.11 15.05 14.98 14.87 15.20 15.48 15.44 15.45 15.47 15.44 15.57 15.66 15.69 15.64 15.69 15.64 15.67 15.66 15.61 15.59 15.32 15.49 15.63 15.56 15.72 15.72 14.89 15.58 15.80 15.85 15.82 15.81 15.85 15.84 15.83 15.80 15.71 15.82 15.81 15.80 15.89 15.93 15.93 15.91 15.88 15.84 15.84 15.85 15.85 15.81 15.85 15.84
14.70 15.58 15.29 15.33 15.45 15.58 15.69 15.75 15.77 15.69 15.55 15.34 15.74 15.65 15.53 15.51 15.46 15.42 15.49 15.64 15.70 15.69 15.67 15.44 15.29 15.61 15.44 15.34 15.21 15.50 15.49 15.41 15.13 15.26 15.48 15.55 15.64 15.69 15.70 15.64 15.62 15.55 15.60 15.55 15.54 15.57 15.64 15.62 15.77 15.75 15.69 15.55 15.51 15.63 15.69 15.79 15.79 15.83 15.83 15.81 15.83 15.82 15.78 15.78 15.80 15.84 15.86 15.80 15.75 15.87 15.88 15.88 15.87 15.81 15.79 15.81 15.83
15.65 15.45 15.13 15.18 15.30 15.48 15.65 15.72 15.52 15.49 15.30 15.40 15.69 15.66 15.60 15.54 15.42 15.43 15.33 15.58 15.72 15.70 15.34 15.21 15.61 15.55 15.43 15.40 15.44 15.49 15.48 15.48 15.21 12.46 15.30 15.53 15.62 15.65 15.63 15.60 15.59 15.50 15.54 15.53 15.51 15.52 15.68 15.70 15.72 15.67 15.66 15.54 15.67 15.42 15.58 15.80 15.81 15.81 15.80 15.81 15.77 15.79 15.80 15.81 15.80 15.78 15.79 15.81 15.80 15.88 15.85 15.85 15.87 15.84 15.81 15.80 15.82
15.30 15.46 15.02 15.13 15.25 15.39 15.56 15.58 15.23 15.28 14.90 15.33 15.64 15.61 15.64 15.56 15.45 15.42 15.37 15.60 15.67 15.61 15.37 15.44 15.57 15.49 15.37 15.37 15.38 15.43 15.55 15.48 15.44 13.62 12.33 14.67 15.17 15.59 15.62 15.60 15.55 15.45 15.43 15.50 15.48 15.58 15.67 15.73 15.69 15.61 15.63 15.61 15.53 15.67 15.69 15.79 15.79 15.78 15.78 15.77 15.77 15.77 15.77 15.75 15.78 15.78 15.78 15.79 15.80 15.85 15.81 15.82 15.81 15.76 15.83 15.82 15.84
15.14 15.39 15.11 14.96 15.19 15.22 15.41 15.11 15.04 15.31 15.02 15.38 15.56 15.59 15.68 15.59 15.50 15.42 15.46 15.63 15.56 15.58 15.37 15.50 15.52 15.52 15.41 15.41 15.40 15.39 15.49 15.49 15.54 15.44 14.72 15.08 15.31 15.39 15.58 15.60 15.51 15.42 15.40 15.45 15.51 15.60 15.68 15.54 15.66 15.68 15.55 15.66 15.71 15.72 15.74 15.76 15.77 15.75 15.75 15.75 15.75 15.75 15.75 15.75 15.74 15.75 15.77 15.76 15.79 15.80 15.80 15.80 15.80 15.78 15.76 15.75 15.80
15.49 15.33 15.24 14.90 14.97 15.08 15.14 14.86 15.07 15.28 15.02 15.35 15.41 15.65 15.67 15.65 15.56 15.44 15.56 15.60 15.39 15.44 15.28 15.45 15.54 15.40 15.42 15.43 15.43 15.42 15.46 15.54 15.56 15.41 14.52 15.13 15.38 15.36 15.35 15.50 15.48 15.40 15.36 15.45 15.54 15.60 15.65 15.63 15.68 15.66 15.56 15.66 15.71 15.72 15.74 15.76 15.77 15.74 15.73 15.73 15.73 15.73 15.73 15.74 15.74 15.75 15.76 15.74 15.76 15.78 15.77 15.77 15.79 15.78 15.76 15.77 15.79
15.17 14.81 15.14 14.90 14.92 14.88 14.92 14.81 15.04 15.22 15.19 15.32 15.47 15.66 15.66 15.66 15.62 15.49 15.58 15.48 15.31 15.20 15.19 15.51 15.47 15.40 15.35 15.40 15.33 15.31 15.40 15.55 15.53 14.97 14.47 15.37 15.61 15.62 15.52 15.53 15.31 15.36 15.35 15.42 15.47 15.35 12.65 13.81 15.20 15.64 15.52 15.48 15.63 15.71 15.70 15.61 15.70 15.62 15.72 15.73 15.72 15.71 15.71 15.71 15.72 15.71 15.72 15.72 15.74 15.75 15.72 15.77 15.76 15.77 15.77 15.75 15.74
15.30 15.18 14.88 14.97 14.87 14.83 14.84 14.91 15.12 15.23 15.17 15.48 15.64 15.64 15.63 15.63 15.52 15.62 15.56 15.32 15.18 15.12 15.16 15.51 15.47 15.34 15.32 15.36 15.34 15.45 15.34 15.44 15.52 15.37 15.08 15.40 15.58 15.58 15.54 15.58 15.48 14.88 14.50 15.43 15.33 15.37 15.54 14.87 14.87 15.78 15.52 15.44 15.63 15.66 15.69 15.68 15.69 15.72 14.82 15.74 15.70 15.69 15.69 15.69 15.68 15.68 15.69 15.68 15.68 15.70 15.72 15.74 15.74 15.74 15.77 15.77 15.76
15.22 15.37 14.94 14.98 14.83 14.81 14.82 14.81 15.10 15.36 15.26 15.60 15.60 15.61 15.62 15.52 15.54 15.59 15.53 15.28 15.05 15.11 15.14 15.45 15.39 15.33 15.36 15.26 14.11 14.95 15.17 15.21 15.33 15.27 15.35 15.38 15.50 15.56 15.57 15.56 15.53 15.42 15.18 15.44 15.41 15.64 15.64 15.39 14.36 15.52 15.59 15.67 15.65 15.67 15.66 15.66 15.64 15.61 15.66 15.60 15.71 15.69 15.67 15.66 15.66 15.66 15.69 15.68 15.69 15.67 15.69 15.76 15.71 15.76 15.78 15.76 15.75
15.17 15.30 14.78 14.92 14.83 14.82 14.74 14.91 15.11 15.28 15.37 15.61 15.61 15.59 15.60 15.48 15.55 15.56 15.42 15.18 15.04 15.15 15.16 15.38 15.33 15.34 15.34 15.21 14.65 14.97 15.23 15.42 15.40 15.36 15.32 15.33 15.42 15.55 15.52 15.56 15.55 15.42 15.43 15.48 15.64 15.66 15.67 15.67 15.65 15.49 15.16 15.59 15.69 15.65 15.64 15.65 15.65 15.62 15.65 15.65 15.66 15.64 15.62 15.66 15.67 15.66 15.67 15.68 15.67 15.66 15.66 15.73 15.78 15.81 15.78 15.74 15.73
15.13 14.97 14.98 14.98 14.87 14.77 14.75 14.92 15.15 15.35 15.28 15.54 15.54 15.56 15.56 15.51 15.54 15.46 15.29 15.03 15.07 15.26 15.21 15.31 15.31 15.34 14.86 15.24 15.17 14.47 15.16 15.41 15.34 15.27 15.28 15.31 15.35 15.51 15.44 15.52 15.43 15.32 15.47 15.50 15.62 15.63 15.60 15.63 15.62 15.59 15.52 15.54 13.84 15.48 15.64 15.62 15.62 15.62 15.56 15.58 15.57 15.62 15.61 15.62 15.64 15.64 15.65 15.65 15.66 15.64 15.64 15.69 15.69 15.73 15.78 15.71 15.72
14.80 14.88 14.86 14.81 14.70 14.70 14.80 14.94 15.18 15.36 15.34 15.47 15.49 15.47 15.50 15.50 15.52 15.39 15.14 15.00 15.12 15.35 15.23 15.31 15.37 15.30 15.10 15.12 15.25 14.97 15.22 15.39 15.29 15.18 15.29 15.30 15.35 15.42 15.30 15.37 15.36 15.32 15.40 15.56 15.60 15.60 15.61 15.61 15.60 15.53 15.51 15.46 15.32 15.22 15.69 15.66 15.63 15.63 15.60 15.56 15.54 15.61 15.59 15.60 15.60 15.63 15.63 15.61 15.63 15.63 15.66 15.64 15.67 15.74 15.72 15.69 15.70
14.58 14.79 14.74 14.66 14.55 14.73 14.85 14.93 15.20 15.37 15.47 15.39 15.16 15.24 15.41 15.45 15.35 15.17 15.07 15.03 15.17 15.31 15.22 15.35 15.30 15.27 15.01 15.09 15.23 15.01 15.16 15.34 15.29 15.17 15.20 15.22 15.29 15.22 15.22 15.25 15.23 15.28 15.32 15.52 15.55 15.54 15.57 15.58 15.55 15.53 15.55 15.55 15.57 15.55 15.44 14.14 14.18 14.43 15.60 15.60 15.58 15.57 15.57 15.57 15.57 15.57 15.59 15.61 15.59 15.58 15.61 15.62 15.63 15.66 15.65 15.65 15.70
14.63 14.64 14.69 14.59 14.59 14.78 14.75 14.91 15.27 15.40 15.38 15.38 15.18 15.17 15.32 15.37 15.37 15.22 15.13 15.08 15.24 15.27 15.28 15.35 15.24 15.14 15.18 15.19 15.25 15.00 15.11 15.29 15.29 15.19 15.20 15.23 15.24 15.14 15.11 15.21 15.14 15.17 15.37 15.48 15.50 15.48 15.50 15.58 15.58 15.50 15.52 15.54 15.55 15.60 15.58 15.37 15.62 15.60 15.47 15.62 15.56 15.55 15.55 15.54 15.54 15.54 15.54 15.57 15.58 15.56 15.55 15.55 15.61 15.60 15.61 15.58 15.36
14.63 14.58 14.63 14.61 14.55 14.69 14.68 14.85 15.28 15.42 15.31 15.35 15.23 15.12 15.32 15.21 15.34 15.22 15.17 15.09 15.27 15.28 15.21 15.20 15.14 15.05 15.11 15.17 15.24 15.08 15.04 15.24 15.24 15.12 15.11 15.24 15.26 15.11 15.14 15.19 15.22 15.39 15.45 15.45 15.44 15.38 15.50 15.51 15.51 15.53 15.52 15.52 15.52 15.50 15.56 15.56 15.50 15.38 15.53 15.55 15.58 15.56 15.54 15.53 15.52 15.53 15.51 15.49 15.51 15.53 15.53 15.54 15.55 15.56 15.54 15.55 15.51
14.74 14.65 14.61 14.58 14.45 14.64 14.78 14.91 15.27 15.40 15.28 15.24 15.16 15.19 15.37 15.25 15.22 15.12 15.01 15.08 15.29 15.26 15.12 15.08 14.97 14.98 15.03 15.11 15.16 15.11 15.05 15.10 15.15 15.05 15.19 15.24 15.21 15.09 15.17 15.24 15.36 15.47 15.45 15.44 15.51 15.48 15.51 15.50 15.51 15.51 15.50 15.50 15.51 15.46 15.45 15.30 15.33 15.32 15.45 15.45 15.48 15.44 15.55 15.51 15.51 15.51 15.49 15.49 15.51 15.51 15.51 15.51 15.55 15.52 15.51 15.55 15.57
14.70 14.70 14.64 14.65 14.37 14.55 14.77 14.98 15.25 15.31 15.18 15.12 15.03 15.20 15.32 15.31 15.18 15.03 14.96 15.06 15.23 15.23 15.17 15.07 15.09 15.11 15.05 15.02 15.02 15.05 14.96 15.11 15.00 15.08 15.23 15.09 15.14 15.10 15.15 15.26 15.39 15.45 15.50 15.48 15.50 15.47 15.49 15.47 15.46 15.50 15.52 15.49 15.47 15.48 15.47 15.46 15.47 15.48 15.51 15.49 15.48 15.48 15.48 15.53 15.51 15.48 15.47 15.46 15.47 15.47 15.50 15.49 15.51 15.49 15.50 15.51 15.51
14.63 14.72 14.57 14.70 14.48 14.58 14.84 15.10 15.23 15.22 15.14 14.92 15.04 15.16 15.27 15.28 15.14 14.78 14.94 15.21 15.09 14.95 15.06 15.02 15.15 15.09 15.05 14.94 14.89 14.97 14.86 15.01 15.04 15.14 15.15 15.11 15.05 15.08 15.19 15.26 15.31 15.40 15.43 15.49 15.49 15.48 15.47 15.44 15.44 15.44 15.48 15.45 15.45 15.44 15.46 15.44 15.44 15.41 15.42 15.43 15.43 15.46 15.50 15.46 15.45 15.49 15.46 15.46 15.47 15.48 15.49 15.48 15.48 15.45 15.48 15.51 15.50
