files/bom_datasets/05.05.18.txt
ncols 839
nrows 679
xllcenter 112.0500
yllcenter -43.9500
cellsize 0.0500
nodata_value 99999.90
[rows 136 to 169 of 679, columns 385 to 461 of 839]
20.36 20.16 20.37 20.20 19.62 19.14 19.15 19.10 19.48 19.67 19.34 19.26 19.41 20.15 20.49 20.65 20.63 20.71 20.81 20.77 20.72 20.65 20.79 20.77 20.80 20.79 20.77 20.83 20.85 20.73 20.85 20.86 20.86 20.73 20.79 20.54 20.84 20.79 20.82 20.87 20.73 20.39 20.67 20.85 20.86 20.89 20.91 20.89 20.85 20.86 20.88 20.86 20.86 20.84 20.81 20.84 20.85 20.86 20.84 20.84 20.80 20.78 20.83 20.82 20.80 20.81 20.82 20.83 20.80 20.78 20.82 20.82 20.81 20.75 20.73 20.72 20.72
20.49 20.19 20.38 20.20 19.91 19.88 19.92 19.48 19.38 19.14 19.61 19.49 19.53 20.05 20.26 20.58 20.67 20.79 20.80 20.76 20.73 20.75 20.75 20.73 20.81 20.75 20.77 20.82 20.82 20.80 20.83 20.83 20.86 20.79 20.79 20.59 20.66 20.80 20.83 20.68 20.52 20.63 20.81 20.80 20.74 20.83 20.85 20.87 20.85 20.84 20.83 20.84 20.85 20.85 20.83 20.83 20.83 20.81 20.82 20.82 20.80 20.82 20.82 20.82 20.78 20.77 20.80 20.77 20.77 20.77 20.82 20.73 20.80 20.79 20.78 20.76 20.73
20.52 20.40 20.51 19.88 19.16 19.34 19.96 20.12 19.60 19.33 18.91 19.55 19.55 20.15 20.20 20.48 20.68 20.73 20.77 20.76 20.74 20.77 20.76 20.76 20.80 20.79 20.77 20.77 20.81 20.81 20.82 20.79 20.82 20.77 20.75 20.41 20.20 20.36 20.72 20.67 20.56 20.71 20.80 20.79 20.78 20.80 20.81 20.82 20.82 20.82 20.80 20.82 20.82 20.83 20.82 20.82 20.83 20.83 20.80 20.79 20.79 20.82 20.81 20.83 20.82 20.79 20.68 20.71 20.66 20.74 20.75 20.76 20.78 20.77 20.76 20.76 20.69
20.21 20.16 20.31 20.07 18.99 19.29 19.69 19.74 19.27 19.00 19.23 19.73 19.97 20.32 20.45 20.62 20.71 20.74 20.77 20.72 20.70 20.75 20.76 20.75 20.77 20.77 20.74 20.75 20.79 20.82 20.83 20.78 20.76 20.78 20.79 20.70 20.34 20.20 20.43 20.31 20.29 20.55 20.76 20.77 20.79 20.81 20.80 20.81 20.80 20.78 20.79 20.80 20.81 20.80 20.80 20.81 20.81 20.80 20.78 20.74 20.78 20.75 20.78 20.80 20.77 20.75 20.67 20.75 20.73 20.73 20.76 20.76 20.73 20.76 20.76 20.77 20.68
20.33 20.01 19.81 18.99 19.24 19.63 19.60 19.27 18.97 18.57 19.16 19.97 20.21 20.22 20.36 20.61 20.65 20.65 20.71 20.70 20.68 20.66 20.71 20.77 20.73 20.72 20.73 20.74 20.77 20.75 20.77 20.78 20.79 20.76 20.79 20.80 20.65 20.12 20.64 20.53 20.17 20.10 20.54 20.76 20.80 20.79 20.78 20.78 20.79 20.77 20.78 20.78 20.79 20.76 20.75 20.76 20.76 20.78 20.77 20.74 20.74 20.74 20.76 20.79 20.77 20.76 20.75 20.75 20.74 20.62 20.68 20.76 20.72 20.72 20.70 20.74 20.73
20.14 20.21 19.99 19.76 19.81 20.09 19.98 19.95 19.53 19.17 19.34 19.26 19.75 20.22 20.35 20.58 20.57 20.56 20.68 20.67 20.67 20.61 20.65 20.68 20.62 20.69 20.69 20.71 20.71 20.75 20.72 20.72 20.76 20.75 20.75 20.75 20.51 20.06 20.45 20.54 20.27 20.06 20.21 20.75 20.76 20.75 20.77 20.76 20.77 20.77 20.78 20.77 20.78 20.71 20.57 20.62 20.66 20.70 20.74 20.76 20.68 20.70 20.72 20.72 20.75 20.72 20.73 20.71 20.65 20.58 20.69 20.70 20.71 20.69 20.67 20.69 20.74
19.86 20.16 19.93 19.44 19.89 19.81 19.77 19.85 19.74 19.25 19.02 18.92 19.03 20.00 20.42 20.49 20.47 20.56 20.69 20.71 20.71 20.66 20.70 20.66 20.73 20.73 20.69 20.75 20.69 20.70 20.69 20.62 20.72 20.73 20.74 20.73 20.73 20.67 20.74 20.60 20.62 20.42 20.22 20.61 20.73 20.73 20.74 20.74 20.74 20.74 20.63 20.78 20.70 20.46 20.62 20.73 20.74 20.61 20.38 20.49 20.56 20.70 20.70 20.72 20.70 20.70 20.70 20.66 20.56 20.69 20.66 20.65 20.69 20.62 20.63 20.69 20.69
19.51 19.51 19.42 18.94 19.12 19.66 19.98 19.96 19.63 19.49 19.13 18.86 18.99 19.65 20.36 20.46 20.52 20.59 20.65 20.66 20.66 20.64 20.64 20.60 20.61 20.67 20.68 20.75 20.70 20.62 20.63 20.60 20.72 20.71 20.72 20.71 20.72 20.70 20.71 20.60 20.73 20.65 20.45 20.47 20.72 20.72 20.72 20.72 20.68 20.63 20.66 20.75 20.62 20.60 20.72 20.72 20.71 20.70 20.58 20.15 20.05 20.70 20.66 20.51 20.41 20.54 20.62 20.64 20.70 20.69 20.64 20.66 20.70 20.65 20.65 20.67 20.67
19.48 19.21 19.52 19.27 19.41 19.44 19.92 20.45 19.86 19.56 19.42 19.24 19.27 19.67 20.34 20.56 20.70 20.73 20.75 20.67 20.66 20.54 20.48 20.45 20.56 20.60 20.62 20.63 20.62 20.60 20.60 20.58 20.65 20.62 20.65 20.68 20.67 20.69 20.63 20.19 20.64 20.70 20.70 20.60 20.66 20.57 20.57 20.60 20.65 20.67 20.70 20.71 20.71 20.72 20.71 20.69 20.71 20.70 20.69 20.54 20.12 20.54 20.56 20.32 20.14 20.32 20.55 20.62 20.63 20.66 20.60 20.61 20.68 20.68 20.66 20.56 20.57
19.21 18.68 19.04 19.70 19.87 19.40 19.36 20.12 20.39 19.92 19.76 19.87 20.02 20.10 20.03 20.44 20.69 20.72 20.73 20.73 20.73 20.71 20.63 20.58 20.59 20.61 20.63 20.59 20.60 20.62 20.66 20.61 20.62 20.66 20.64 20.69 20.68 20.60 20.32 20.41 20.37 20.68 20.66 20.61 20.48 20.63 20.67 20.68 20.68 20.69 20.68 20.68 20.68 20.65 20.67 20.67 20.68 20.66 20.67 20.65 20.56 20.22 20.22 20.07 20.30 20.32 20.60 20.60 20.58 20.56 20.55 20.64 20.63 20.62 20.61 20.58 20.58
18.89 19.09 18.98 19.51 19.83 20.14 19.59 19.61 20.05 19.97 19.96 20.09 19.94 19.92 20.17 20.35 20.56 20.54 20.71 20.71 20.69 20.71 20.66 20.50 20.53 20.61 20.72 20.72 20.66 20.66 20.74 20.72 20.73 20.72 20.71 20.70 20.65 20.65 20.62 20.62 20.65 20.56 20.50 20.52 20.39 20.67 20.65 20.56 20.65 20.64 20.64 20.61 20.42 20.24 20.25 20.22 20.60 20.65 20.67 20.66 20.63 20.31 20.00 19.92 20.34 20.64 20.53 20.46 20.50 20.45 20.59 20.56 20.58 20.53 20.52 20.47 20.20
18.15 18.35 19.23 19.11 20.00 19.90 20.20 20.10 19.93 20.14 20.12 19.89 19.93 20.12 20.14 20.39 20.63 20.67 20.68 20.69 20.61 20.50 20.47 20.66 20.68 20.56 20.64 20.61 20.55 20.65 20.71 20.70 20.70 20.71 20.70 20.70 20.65 20.62 20.63 20.63 20.62 20.53 20.50 20.56 20.36 20.65 20.63 20.64 20.65 20.63 20.63 20.64 20.54 20.28 20.20 20.28 20.25 20.43 20.65 20.64 20.63 20.50 19.82 19.85 20.05 20.47 20.59 20.55 20.57 20.54 20.45 20.47 20.54 20.46 20.43 20.14 20.41
18.08 18.25 18.50 18.91 19.30 19.33 20.03 20.48 20.61 20.56 20.51 20.42 20.27 20.13 20.17 20.26 20.45 20.59 20.65 20.68 20.68 20.53 20.50 20.55 20.67 20.58 20.67 20.66 20.67 20.65 20.68 20.67 20.64 20.68 20.67 20.62 20.59 20.58 20.60 20.61 20.56 20.56 20.55 20.66 20.51 20.63 20.63 20.62 20.61 20.63 20.59 20.62 20.64 20.51 20.33 20.32 20.29 20.41 20.32 20.65 20.62 20.48 19.99 20.10 20.23 19.86 20.31 20.43 20.42 20.50 20.47 20.47 20.53 20.52 20.53 20.52 20.53
18.25 18.73 18.49 18.10 18.99 19.45 19.83 20.05 20.26 20.28 20.38 20.40 20.27 20.08 20.30 20.30 20.47 20.50 20.61 20.65 20.68 20.59 20.57 20.65 20.68 20.68 20.66 20.63 20.62 20.64 20.65 20.63 20.62 20.59 20.62 20.60 20.59 20.54 20.56 20.54 20.55 20.60 20.58 20.61 20.53 20.42 20.58 20.60 20.60 20.60 20.38 20.24 20.39 20.36 20.22 20.29 20.37 20.37 20.22 20.60 20.60 20.51 20.48 20.58 20.51 19.88 19.86 20.25 20.24 20.12 20.38 20.36 20.49 20.53 20.58 20.51 20.52
18.26 18.43 18.32 17.59 18.09 18.71 19.62 19.72 19.79 19.70 19.79 19.85 20.27 19.82 20.22 20.32 20.61 20.41 20.55 20.56 20.61 20.56 20.62 20.61 20.64 20.65 20.63 20.50 20.57 20.61 20.63 20.58 20.60 20.57 20.58 20.58 20.56 20.50 20.47 20.45 20.49 20.54 20.51 20.54 20.55 20.48 20.49 20.55 20.53 20.50 20.30 20.26 20.17 20.14 20.16 20.18 20.26 20.37 20.25 20.21 20.52 20.50 20.55 20.54 20.52 20.39 20.01 20.15 20.43 20.43 20.47 20.46 20.49 20.49 20.46 20.49 20.49
18.24 18.13 17.70 17.44 17.85 18.82 19.28 19.57 19.54 19.55 19.60 20.03 20.26 20.02 19.95 20.17 20.44 20.53 20.45 20.48 20.58 20.54 20.45 20.51 20.59 20.55 20.50 20.48 20.52 20.58 20.57 20.58 20.59 20.62 20.63 20.63 20.62 20.51 20.49 20.45 20.49 20.53 20.49 20.45 20.52 20.58 20.56 20.54 20.50 20.34 20.31 20.18 20.03 20.38 20.38 20.13 20.30 20.34 20.29 20.38 20.34 20.55 20.56 20.53 20.54 20.52 20.27 19.81 20.17 20.21 20.36 20.48 20.44 20.46 20.47 20.49 20.49
18.41 18.08 17.93 17.47 17.99 19.02 18.99 19.30 19.79 19.76 19.92 19.95 20.16 20.23 20.12 20.19 20.32 20.42 20.41 20.39 20.43 20.50 20.47 20.54 20.56 20.48 20.46 20.47 20.50 20.61 20.61 20.62 20.62 20.62 20.64 20.63 20.63 20.47 20.46 20.43 20.49 20.47 20.46 20.40 20.36 20.58 20.57 20.50 20.45 20.31 20.28 20.11 20.11 20.47 20.49 20.40 20.24 20.29 20.34 20.43 20.36 20.52 20.55 20.52 20.49 20.51 20.51 20.20 19.96 20.10 20.12 20.37 20.47 20.40 20.25 20.41 20.47
19.19 18.74 19.11 18.90 19.33 19.78 19.88 20.00 20.01 19.96 19.97 20.29 20.27 20.33 20.34 20.39 20.44 20.47 20.48 20.47 20.40 20.50 20.49 20.49 20.51 20.50 20.48 20.46 20.53 20.59 20.55 20.55 20.55 20.60 20.49 20.47 20.49 20.43 20.35 20.41 20.38 20.35 20.44 20.40 20.36 20.55 20.55 20.54 20.39 20.24 20.18 19.97 20.36 20.48 20.51 20.39 20.41 20.41 20.43 20.41 20.38 20.52 20.51 20.51 20.51 20.51 20.52 20.47 20.40 20.37 20.36 20.29 20.37 20.42 20.20 20.22 20.46
19.03 19.17 19.52 19.57 19.73 20.00 20.13 20.13 20.03 20.11 20.09 20.44 20.26 20.40 20.44 20.38 20.34 20.43 20.46 20.51 20.53 20.50 20.56 20.52 20.53 20.52 20.54 20.54 20.51 20.53 20.50 20.48 20.50 20.50 20.48 20.45 20.46 20.46 20.40 20.40 20.26 20.25 20.44 20.44 20.36 20.54 20.54 20.54 20.45 20.20 19.79 20.20 20.44 20.50 20.51 20.47 20.45 20.50 20.37 20.42 20.49 20.48 20.48 20.45 20.49 20.48 20.51 20.45 20.30 20.39 20.46 20.44 20.49 20.38 20.36 20.40 20.45
18.60 18.80 19.07 19.53 19.72 19.94 20.04 20.20 20.14 20.02 20.16 20.35 20.45 20.47 20.47 20.47 20.42 20.37 20.29 20.29 20.41 20.50 20.52 20.47 20.54 20.54 20.49 20.50 20.53 20.56 20.54 20.50 20.47 20.46 20.46 20.44 20.43 20.35 20.32 20.29 20.26 20.25 20.25 20.27 20.60 20.60 20.60 20.51 20.50 20.38 20.28 20.43 20.50 20.50 20.47 20.47 20.47 20.47 20.47 20.44 20.48 20.45 20.44 20.42 20.43 20.47 20.44 20.23 20.35 20.45 20.44 20.40 20.39 20.41 20.41 20.41 20.40
18.92 18.87 19.26 19.52 20.02 20.06 20.11 20.26 20.29 20.14 20.33 20.39 20.39 20.49 20.46 20.45 20.45 20.48 20.51 20.45 20.35 20.37 20.38 20.37 20.47 20.45 20.45 20.46 20.50 20.56 20.53 20.49 20.46 20.47 20.52 20.47 20.34 20.24 20.32 20.23 20.23 20.14 20.27 20.27 20.27 20.60 20.60 20.44 20.45 20.30 20.25 20.29 20.40 20.41 20.30 20.39 20.34 20.47 20.44 20.43 20.41 20.34 20.32 20.40 20.38 20.40 20.22 20.20 20.28 20.40 20.37 20.32 20.24 20.38 20.42 20.40 20.35
19.67 19.78 19.98 19.89 20.11 20.25 19.90 20.26 20.27 20.28 20.42 20.46 20.44 20.39 20.48 20.47 20.50 20.54 20.54 20.56 20.51 20.46 20.35 20.33 20.39 20.42 20.42 20.44 20.46 20.50 20.51 20.46 20.41 20.40 20.47 20.38 20.21 20.28 20.27 20.20 20.09 20.09 20.09 20.09 20.09 20.09 20.09 20.37 20.43 20.42 20.22 20.23 20.21 20.15 20.04 20.22 20.20 20.34 20.32 20.41 20.33 20.32 20.25 20.36 20.40 20.37 20.39 20.30 20.16 20.22 20.29 20.20 20.21 20.33 20.33 20.26 20.01
19.96 19.98 20.00 19.87 20.08 20.27 20.21 20.22 20.23 20.17 20.40 20.40 20.47 20.45 20.46 20.43 20.45 20.43 20.42 20.41 20.55 20.44 20.42 20.39 20.41 20.41 20.37 20.36 20.43 20.48 20.50 20.39 20.39 20.38 20.47 20.43 20.35 20.26 20.16 20.11 19.99 20.12 20.04 20.04 19.98 20.08 20.08 20.40 20.41 20.47 20.31 20.19 20.12 20.13 19.88 19.94 20.22 20.13 20.25 20.29 20.20 20.23 20.23 20.38 20.39 20.34 20.36 20.27 20.35 20.24 20.30 20.11 20.19 20.28 20.24 20.05 20.04
19.98 20.22 20.07 19.91 19.80 20.27 20.11 20.21 20.19 20.25 20.31 20.40 20.45 20.49 20.45 20.38 20.44 20.47 20.37 20.35 20.40 20.36 20.38 20.38 20.34 20.37 20.35 20.36 20.34 20.38 20.45 20.43 20.41 20.43 20.42 20.43 20.37 20.27 20.22 20.27 20.21 20.28 20.18 20.16 19.98 19.94 20.15 20.41 20.40 20.41 20.25 20.15 20.23 20.18 19.87 19.91 19.88 20.04 20.05 20.12 19.84 19.97 20.19 20.38 20.41 20.36 20.36 20.40 20.39 20.08 20.26 20.17 20.15 20.07 20.02 20.17 20.26
19.63 19.89 20.06 20.10 20.32 20.10 20.34 20.35 20.21 20.34 20.27 20.45 20.47 20.48 20.45 20.36 20.37 20.39 20.42 20.40 20.36 20.35 20.39 20.35 20.31 20.29 20.23 20.19 20.36 20.42 20.45 20.44 20.46 20.44 20.40 20.35 20.36 20.35 20.21 20.24 20.27 20.20 20.18 20.10 19.99 20.07 20.25 20.35 20.38 20.38 20.29 20.07 20.20 20.15 20.22 20.09 19.98 20.06 20.12 20.30 20.25 20.27 20.31 20.35 20.39 20.35 20.40 20.32 20.34 19.91 20.20 20.11 20.07 19.81 19.98 20.13 20.29
19.77 19.94 19.97 20.26 20.32 20.04 20.34 20.27 20.18 20.26 20.22 20.38 20.44 20.42 20.26 20.27 20.36 20.44 20.37 20.36 20.39 20.28 20.30 20.33 20.35 20.34 20.35 20.33 20.31 20.37 20.47 20.49 20.50 20.41 20.41 20.35 20.40 20.40 20.40 20.32 20.36 20.18 20.15 20.17 20.13 20.15 20.10 20.34 20.38 20.32 20.37 20.19 19.86 19.59 19.98 20.10 20.14 20.27 20.24 20.26 20.23 20.33 20.26 20.28 20.37 20.38 20.37 20.35 20.25 20.24 20.24 20.05 19.97 19.94 20.11 20.10 19.97
20.03 20.01 19.87 20.18 20.39 20.13 20.20 20.32 20.04 19.98 20.03 20.22 20.26 20.04 20.17 20.08 20.10 20.32 20.44 20.43 20.42 20.31 20.26 20.23 20.30 20.32 20.39 20.40 20.41 20.44 20.43 20.35 20.41 20.41 20.38 20.41 20.39 20.37 20.35 20.30 20.33 20.33 20.29 20.16 20.13 19.94 20.29 20.40 20.35 20.33 20.30 20.29 19.58 19.52 19.56 20.04 20.11 20.26 20.23 20.15 20.27 20.34 20.33 20.30 20.29 20.39 20.42 20.37 20.31 20.23 20.16 19.92 19.87 19.93 20.15 20.11 19.88
20.00 19.73 19.75 20.07 20.24 20.17 20.24 20.25 20.22 20.15 20.03 20.28 20.05 19.91 19.95 20.10 20.28 20.37 20.39 20.39 20.34 20.29 20.24 20.28 20.28 20.30 20.27 20.34 20.33 20.38 20.41 20.32 20.42 20.38 20.21 20.24 20.31 20.34 20.36 20.31 20.30 20.31 20.35 20.28 20.00 20.02 20.36 20.38 20.32 20.34 20.33 20.33 19.85 19.57 19.61 19.62 19.98 20.22 20.12 20.16 20.27 20.34 20.39 20.33 20.22 20.30 20.36 20.34 20.32 20.23 20.28 20.17 20.01 19.90 20.05 20.15 20.06
20.06 20.16 19.91 19.58 19.11 19.75 20.10 20.24 20.35 20.29 19.90 19.97 19.88 19.91 20.15 20.21 20.24 20.33 20.34 20.31 20.26 20.30 20.08 20.28 20.32 20.31 20.32 20.37 20.32 20.32 20.33 20.27 20.32 20.12 20.10 20.29 20.30 20.25 20.25 20.32 20.34 20.31 20.30 20.18 20.09 20.07 20.33 20.35 20.35 20.36 20.29 20.32 20.07 19.42 19.65 19.65 19.92 20.22 20.21 20.27 20.26 20.31 20.32 20.40 20.27 20.25 20.28 20.33 20.30 20.23 20.22 20.23 20.18 19.80 19.88 20.03 20.06
20.32 20.19 20.10 19.40 19.48 19.96 20.20 20.31 20.29 20.08 20.03 20.09 20.13 20.11 20.16 20.22 20.24 20.28 20.27 20.31 20.27 20.21 20.20 20.20 20.26 20.25 20.28 20.31 20.28 20.32 20.31 20.28 20.23 20.12 20.24 20.23 20.20 20.21 20.04 20.16 20.26 20.27 20.25 20.03 20.11 20.24 20.28 20.31 20.34 20.34 20.27 20.11 20.19 19.70 19.73 19.73 19.88 20.06 20.23 20.26 20.30 20.30 20.28 20.28 20.31 20.25 20.28 20.28 20.28 20.25 20.25 20.15 20.18 20.13 20.24 20.16 20.10
20.30 20.30 20.25 20.07 19.74 20.11 20.25 20.30 20.18 20.15 20.06 20.04 20.14 20.27 20.20 20.31 20.31 20.29 20.23 20.19 20.24 20.12 20.25 20.20 20.18 20.18 20.16 20.18 20.23 20.27 20.22 20.03 20.10 20.27 20.29 20.22 20.21 20.15 20.25 20.25 20.31 20.28 20.30 20.29 20.19 20.20 20.26 20.28 20.28 20.29 20.26 20.14 20.07 19.94 20.21 20.15 20.14 20.13 20.17 20.17 20.30 20.27 20.22 20.17 20.20 20.24 20.23 20.21 20.17 20.20 20.15 19.90 20.02 20.07 20.22 20.23 20.27
20.06 19.84 19.98 19.74 20.05 20.18 20.35 20.29 20.08 20.13 20.05 19.89 19.97 20.04 20.25 20.29 20.29 20.29 20.26 20.28 20.26 20.21 20.13 20.28 20.28 20.22 20.23 20.25 20.27 20.27 20.16 20.17 20.15 20.19 20.23 20.22 20.23 20.19 20.17 20.25 20.28 20.32 20.31 20.25 20.21 20.23 20.20 20.20 20.19 20.27 20.24 20.16 20.15 20.24 20.25 20.26 20.15 20.13 20.08 20.19 20.25 20.20 20.17 20.09 20.06 20.10 20.15 20.15 20.17 20.20 20.08 20.00 20.06 20.09 20.11 20.21 20.23
20.04 19.93 20.01 20.06 20.16 20.24 20.30 20.32 20.28 20.22 20.25 20.17 20.29 20.21 20.19 20.27 20.32 20.24 20.27 20.28 20.26 20.27 20.20 20.20 20.23 20.28 20.26 20.29 20.32 20.25 20.01 20.18 20.18 20.25 20.23 20.20 20.23 20.24 20.13 20.19 20.26 20.31 20.30 20.25 20.18 20.12 20.12 20.18 20.19 20.25 20.20 20.15 20.11 20.24 20.22 20.24 20.23 20.13 20.13 20.12 20.20 20.20 20.21 20.20 20.12 20.16 20.12 20.07 20.12 20.11 20.12 20.11 20.07 20.10 20.01 20.14 20.15
20.22 20.18 20.14 20.21 20.28 20.23 20.27 20.24 20.00 20.23 20.31 20.31 20.30 20.29 20.26 20.24 20.25 20.24 20.25 20.25 20.16 20.25 20.25 20.21 20.16 20.27 20.26 20.28 20.27 20.29 20.07 20.05 20.10 20.20 20.22 20.18 20.17 20.19 20.23 20.24 20.22 20.32 20.29 20.26 20.19 20.06 20.03 20.15 20.19 20.17 20.16 20.20 20.18 20.23 20.26 20.27 20.25 20.21 20.10 20.13 20.16 20.24 20.19 20.20 20.13 20.12 20.04 20.06 20.14 20.11 20.10 20.15 20.16 20.21 20.13 20.19 20.14
