files/bom_datasets/05.09.18.txt
ncols 839
nrows 679
xllcenter 112.0500
yllcenter -43.9500
cellsize 0.0500
nodata_value 99999.90
[rows 408 to 441 of 679, columns 539 to 615 of 839]
13.57 13.68 12.84 12.66 13.62 13.73 13.06 13.60 13.26 12.61 12.52 12.92 12.84 13.02 12.96 12.22 12.62 12.94 12.38 13.60 11.68 11.15 12.98 13.73 13.61 12.67 12.06 12.94 13.04 12.87 12.83 13.67 13.51 14.13 14.14 13.66 13.18 13.09 13.29 14.36 14.00 13.89 14.25 14.48 14.74 13.54 13.13 14.02 14.43 14.07 14.00 14.34 14.17 14.27 14.56 14.60 13.99 13.25 13.60 13.17 13.50 13.76 13.44 13.47 14.23 14.42 14.54 14.61 14.28 14.00 13.25 13.52 14.58 14.40 13.55 14.05 14.66
12.99 11.82 11.72 12.88 13.10 13.45 13.02 13.56 13.35 12.23 12.95 13.69 13.48 12.90 11.61 11.65 12.38 12.38 12.48 12.46 12.18 12.78 14.01 14.14 13.45 13.49 13.92 13.57 13.52 14.08 13.96 12.84 12.73 13.12 13.71 13.67 13.78 14.12 13.63 13.71 13.33 13.84 13.42 14.17 13.66 12.62 13.92 14.51 13.87 14.51 14.40 14.09 13.69 13.77 13.96 13.60 13.69 13.89 14.00 13.22 13.48 13.23 13.13 13.13 13.97 14.40 14.62 14.70 14.34 13.88 13.68 14.36 14.47 14.53 13.97 14.68 14.09
12.67 11.91 12.81 13.15 12.49 12.02 12.81 12.48 11.09 12.62 13.25 13.86 13.71 13.22 12.00 10.75 12.04 12.96 12.65 11.39 12.94 14.15 14.09 13.32 13.37 13.42 12.42 12.34 13.35 13.70 13.87 13.82 13.03 14.03 14.69 14.17 13.83 14.15 12.84 12.09 12.97 13.56 13.45 13.74 12.53 12.96 14.11 14.63 14.23 14.19 13.95 13.56 13.76 13.57 12.94 12.86 13.68 13.77 13.81 13.54 13.90 14.09 13.46 14.18 13.94 14.30 14.56 14.18 14.23 14.43 14.51 14.61 14.11 14.11 13.38 14.00 14.02
13.00 12.73 12.46 12.98 13.31 13.64 13.75 12.84 11.79 12.95 12.88 12.35 12.50 12.88 12.06 12.04 11.91 11.88 11.44 11.27 12.76 13.61 12.28 13.16 14.70 13.62 13.60 12.69 13.23 13.91 14.09 14.15 13.64 13.72 13.95 13.80 14.44 14.51 13.49 12.48 13.41 12.64 12.81 12.78 13.11 14.38 14.66 14.50 14.26 13.08 12.79 13.73 13.91 13.70 13.41 13.00 13.36 13.37 13.89 13.84 13.89 14.36 13.83 13.64 13.90 14.53 14.12 14.35 14.15 13.29 13.67 14.67 14.20 13.93 14.12 13.75 14.13
11.66 11.87 12.32 12.94 13.92 14.06 13.85 13.05 12.68 12.76 12.41 11.66 10.93 11.56 11.82 12.32 10.85 10.44 10.95 11.22 12.95 12.24 12.03 14.32 14.34 14.19 13.50 13.39 13.99 13.46 13.37 13.04 12.30 14.03 13.80 13.03 14.22 14.30 13.75 13.65 13.39 12.17 12.81 13.07 13.61 14.28 14.04 13.73 12.93 12.03 13.08 13.32 13.54 14.36 14.12 13.59 12.77 12.72 14.13 14.32 14.05 14.02 13.58 13.51 13.75 13.66 13.81 13.89 13.22 13.46 14.11 13.82 13.61 13.87 14.00 13.30 13.86
12.30 12.10 12.52 13.57 14.20 13.55 13.75 12.96 12.35 12.70 13.20 11.84 11.10 11.09 12.10 11.99 11.95 12.98 13.07 12.22 13.47 13.57 12.95 14.24 13.47 12.28 12.69 14.23 13.85 12.94 12.71 12.84 13.61 14.24 13.76 13.93 14.50 14.28 13.77 13.55 13.21 13.31 13.91 13.95 14.10 14.25 13.75 13.06 13.01 13.56 13.70 12.86 13.80 14.05 13.69 13.10 13.46 13.85 14.19 14.02 13.49 13.28 13.72 13.80 14.04 13.96 13.04 12.95 13.75 13.70 13.57 13.53 13.58 13.36 13.31 12.91 13.41
12.99 13.23 13.37 14.22 13.35 13.27 12.62 12.93 12.29 12.39 12.77 11.96 11.41 11.79 12.42 12.36 12.36 10.77 12.17 12.48 13.23 11.86 12.97 13.53 13.31 12.60 13.77 13.87 13.96 13.55 13.04 13.55 13.35 13.57 13.27 14.07 13.18 13.02 13.28 13.54 13.55 13.91 14.58 14.32 13.84 13.75 13.80 13.92 14.05 13.74 13.62 13.60 13.87 14.10 14.05 13.92 13.90 13.63 13.28 13.32 13.02 13.64 14.07 13.74 14.00 14.12 13.62 13.20 13.41 12.97 12.53 13.27 13.65 13.15 13.23 13.34 13.68
12.86 13.61 13.84 14.25 13.58 12.77 12.47 12.03 10.92 11.89 12.18 11.80 11.37 11.76 12.45 11.64 10.72 11.09 13.97 13.00 11.90 11.93 12.49 12.52 12.35 12.62 12.38 12.28 13.11 13.43 13.46 13.51 13.24 13.26 12.56 13.50 13.08 13.52 13.53 13.52 13.89 14.39 14.65 14.47 14.07 13.85 14.20 14.31 13.71 13.73 13.68 14.06 13.88 13.70 14.37 14.39 14.18 13.83 13.65 13.03 13.15 13.66 13.76 13.75 13.91 13.64 13.22 13.41 13.13 12.85 12.78 13.51 13.47 13.12 13.26 13.74 13.89
12.76 13.30 13.62 13.02 12.76 12.31 12.32 11.40 10.92 11.50 12.29 12.47 11.62 11.18 11.34 11.20 10.60 13.52 13.07 12.82 12.96 12.03 12.88 12.87 12.78 12.21 12.26 11.44 13.07 13.73 13.85 13.67 13.71 12.62 11.89 12.92 13.32 13.40 12.60 13.23 13.79 14.12 14.05 14.06 14.46 14.35 14.31 13.97 13.30 13.04 13.65 14.63 14.26 13.91 13.89 14.62 14.74 14.13 14.07 13.91 13.96 13.59 13.50 13.32 13.31 13.20 13.59 13.76 13.33 13.55 12.45 12.54 13.10 13.48 13.59 13.93 14.27
12.71 12.72 13.16 13.31 12.58 12.14 13.00 11.88 12.27 11.91 11.35 10.87 11.02 10.86 10.80 11.15 11.38 12.85 10.94 12.68 13.08 12.56 13.33 14.12 14.50 14.28 13.55 13.71 13.75 13.78 13.62 13.19 12.93 13.34 12.47 12.51 12.44 12.64 12.35 12.64 13.31 13.53 13.69 14.36 14.47 14.26 13.69 13.82 14.07 14.00 13.81 14.30 13.46 14.33 14.40 14.47 14.44 13.85 13.91 13.72 14.03 13.90 13.58 13.02 13.25 13.32 14.07 13.42 13.49 13.24 12.28 12.68 13.23 13.83 14.49 14.10 13.68
11.62 12.04 13.10 12.65 12.37 11.74 13.17 12.55 12.47 13.18 12.21 12.12 12.77 12.18 12.05 11.00 11.22 12.41 11.78 12.81 12.18 11.88 12.70 13.33 13.78 14.23 13.59 13.43 13.37 13.42 13.67 13.03 12.88 12.33 12.00 11.89 12.08 12.12 12.05 13.08 13.48 13.89 14.12 14.49 14.18 13.48 13.76 13.99 14.41 13.84 13.53 14.17 14.03 14.23 13.91 14.13 13.97 13.56 14.00 13.99 14.03 13.71 13.38 13.21 13.40 13.88 13.80 12.93 13.39 13.54 13.01 13.08 13.87 13.84 13.77 14.15 13.83
12.32 12.15 12.87 12.93 13.15 12.77 12.54 12.47 12.48 12.29 12.67 12.70 12.22 12.20 11.86 11.60 12.52 11.84 11.57 13.35 12.72 12.43 12.80 11.87 13.41 13.38 13.58 13.74 12.88 12.79 13.20 13.28 13.67 12.58 12.33 13.01 12.93 12.71 13.10 13.16 13.74 13.88 13.65 13.82 14.14 13.54 13.43 14.33 14.08 13.36 13.46 13.74 12.46 13.20 13.42 13.75 13.18 13.46 14.03 14.09 13.88 13.17 13.45 13.66 14.15 14.13 13.99 13.85 14.08 14.05 13.92 13.93 14.12 13.78 13.73 14.02 13.88
13.61 12.97 12.02 12.09 12.19 13.12 12.78 12.05 12.28 12.26 12.47 12.76 12.38 11.40 10.77 11.32 12.64 12.80 12.60 12.72 12.89 14.09 14.44 13.43 13.63 14.00 12.92 13.00 12.33 12.47 13.08 13.58 13.07 12.94 13.06 13.48 13.33 12.55 12.81 13.55 13.36 12.36 12.27 13.25 13.41 13.06 12.60 13.76 13.38 13.07 13.01 13.28 12.41 12.83 13.06 13.66 13.62 13.70 13.90 14.28 14.00 13.82 14.10 14.08 14.07 13.94 13.90 13.65 13.84 13.76 13.58 13.53 13.45 13.61 13.37 13.45 13.70
13.18 13.51 13.34 12.61 11.44 12.21 12.35 11.76 12.13 11.69 11.62 11.18 11.61 10.72 10.94 11.57 12.50 13.48 13.66 13.56 13.95 13.54 13.56 13.68 13.14 12.82 13.17 13.20 13.20 13.40 13.95 14.16 12.63 12.53 12.86 13.15 12.96 12.64 13.00 13.30 12.74 12.30 12.68 13.12 12.57 12.93 13.25 14.26 13.90 13.64 13.03 12.55 13.22 13.71 13.73 13.47 13.57 13.86 13.76 13.66 13.78 13.80 13.74 14.06 13.81 13.73 13.64 13.77 13.83 13.85 13.60 13.28 13.40 13.68 13.36 13.69 13.75
12.54 13.25 13.22 13.16 12.93 12.53 12.29 11.97 11.36 11.66 12.26 11.39 11.41 10.06 11.12 11.95 12.70 13.18 12.84 12.72 12.97 12.45 12.92 13.69 13.42 12.66 12.66 13.02 13.73 13.51 13.92 14.18 12.55 12.50 13.64 13.09 12.62 12.15 12.55 12.84 13.08 12.71 13.61 13.62 12.90 13.83 13.69 14.03 13.80 13.60 13.10 12.64 13.09 12.99 13.36 13.31 13.42 13.22 13.31 13.30 13.73 13.96 13.72 13.42 13.64 13.59 13.59 13.84 14.23 14.09 13.38 13.23 13.46 13.16 13.41 13.56 13.84
12.63 12.66 12.59 13.12 13.44 13.33 11.97 11.54 11.25 11.16 11.73 12.38 12.52 12.15 11.78 12.72 13.28 12.76 11.91 11.74 12.16 12.23 12.87 12.75 12.59 12.39 12.44 12.71 13.53 14.12 14.00 13.57 13.32 13.54 13.61 12.87 13.09 13.23 13.14 13.79 13.14 12.95 12.54 13.17 13.17 13.96 14.28 13.57 13.45 13.38 12.94 13.19 13.09 12.66 13.87 13.38 13.23 13.31 13.81 13.48 13.59 13.20 12.93 13.09 13.51 13.36 13.54 13.75 13.67 13.26 13.53 13.22 13.36 13.48 13.65 13.70 13.57
13.01 13.01 13.27 12.85 12.59 12.52 11.96 11.02 11.55 11.09 11.88 12.16 12.63 12.75 12.36 12.38 12.30 12.33 12.03 12.23 12.59 12.85 13.14 12.38 12.07 12.84 12.77 13.55 14.16 14.03 13.50 13.19 13.52 13.72 13.43 12.49 12.36 12.47 12.62 13.09 12.59 12.69 11.81 11.94 12.66 13.96 13.97 12.78 12.99 13.17 12.71 13.05 12.85 11.97 13.49 13.76 13.35 13.39 14.25 14.18 13.46 13.38 12.96 13.02 13.25 13.49 13.56 13.81 13.65 13.61 13.55 13.74 13.56 12.85 13.48 13.02 12.83
12.04 12.22 12.70 12.96 12.23 12.05 11.14 11.00 11.45 11.39 11.24 10.85 11.40 11.92 12.18 12.33 12.22 13.26 13.64 12.24 11.90 12.18 12.21 12.00 12.74 13.41 13.27 13.51 13.91 13.59 13.39 13.45 13.23 12.92 12.73 12.02 11.87 11.87 12.75 12.69 13.12 13.27 13.38 13.38 14.18 14.10 13.22 13.11 12.63 12.50 13.39 13.38 13.36 13.29 13.88 13.83 13.50 13.63 13.98 13.77 13.38 13.12 12.84 12.24 12.90 13.35 13.98 14.08 14.07 13.96 13.71 13.63 13.92 13.35 13.37 12.97 12.99
12.23 12.39 11.47 12.05 11.97 12.19 11.35 11.81 11.97 12.03 11.63 11.34 10.74 11.63 13.08 13.27 12.57 12.40 12.96 12.62 11.18 11.66 12.02 13.08 13.42 12.81 12.64 13.16 13.33 13.39 13.43 13.11 12.69 12.26 12.04 12.62 13.44 13.38 13.50 13.35 13.62 13.75 13.95 14.05 14.17 13.88 13.23 12.95 12.65 12.63 13.04 13.51 13.56 13.48 13.32 13.46 13.59 13.36 12.98 13.49 13.09 12.64 12.67 12.49 12.98 13.04 12.52 13.43 13.70 13.79 13.59 13.33 13.38 13.40 13.30 13.40 13.34
12.30 12.10 12.09 12.63 12.53 11.66 11.42 12.63 12.71 12.30 12.55 12.78 13.00 12.31 12.58 13.46 12.27 11.63 12.14 12.59 13.23 13.21 13.61 12.89 12.32 12.64 12.09 12.29 12.29 12.58 12.54 12.39 12.58 12.13 11.73 13.05 13.26 13.97 14.03 13.70 14.03 13.75 13.33 13.54 13.69 13.84 13.26 13.18 14.00 13.32 13.21 13.38 13.26 13.31 13.04 13.34 13.49 12.88 13.14 13.42 12.82 12.43 12.88 13.29 13.64 13.35 12.64 13.63 13.71 13.91 13.30 13.29 12.32 12.36 12.96 13.74 13.41
13.37 12.18 12.40 12.00 12.53 12.09 11.43 11.63 11.79 11.74 12.34 12.45 11.99 12.42 11.80 12.73 12.51 11.71 11.98 13.15 13.29 13.40 13.35 12.81 12.78 13.01 12.46 12.53 12.92 12.83 12.30 11.94 12.56 12.27 11.79 12.06 11.96 13.52 13.68 13.83 13.72 13.17 12.64 13.26 13.37 13.21 12.68 12.83 13.29 13.39 12.94 13.26 13.35 13.53 13.29 12.96 12.97 13.22 13.68 13.38 13.00 12.64 13.05 13.83 13.56 13.12 13.15 13.37 13.93 13.45 13.28 12.42 12.24 12.50 13.17 13.50 13.32
12.07 12.91 12.72 11.96 12.17 12.99 11.80 10.71 11.75 13.03 12.74 12.70 12.31 12.56 12.24 12.47 12.65 12.12 11.78 12.06 12.70 12.82 12.31 12.90 13.51 13.51 12.48 11.81 11.66 12.19 12.20 12.42 12.64 12.54 12.39 13.21 13.39 13.82 13.51 13.35 13.25 12.64 12.59 12.65 12.74 12.89 12.97 13.05 13.80 13.65 13.20 13.76 13.88 13.75 13.84 13.94 13.21 13.30 13.78 13.86 13.97 13.37 12.84 12.99 13.12 12.90 13.02 12.97 13.89 13.48 13.33 12.81 13.48 13.50 13.80 13.26 13.03
12.99 13.28 12.63 12.36 12.18 11.78 11.89 11.03 11.98 13.06 12.51 12.77 12.55 11.97 11.81 12.18 11.98 12.33 11.82 12.16 12.86 12.53 12.49 12.29 12.74 13.29 12.37 11.89 11.66 11.98 12.50 12.94 13.10 13.41 13.53 13.83 13.06 13.04 12.81 12.97 12.78 12.45 13.01 12.93 12.72 13.42 13.68 14.12 14.17 13.95 13.86 14.02 13.78 13.40 13.23 13.48 12.85 12.98 13.55 13.68 13.39 12.97 12.63 13.00 13.29 13.17 13.29 13.44 13.29 12.56 12.27 13.14 14.23 14.04 13.50 13.18 13.44
13.46 13.28 12.72 12.70 12.30 12.00 11.92 11.72 11.94 12.38 12.36 11.93 11.51 11.39 11.90 12.64 12.55 12.06 11.54 11.31 10.61 11.68 12.66 12.64 12.77 13.06 13.02 12.56 12.35 12.22 12.12 12.24 12.56 12.54 12.81 12.62 12.68 13.40 13.24 12.55 11.74 12.14 13.41 14.05 13.61 13.33 14.01 13.97 13.55 13.41 13.02 13.19 12.77 12.96 13.05 13.31 13.14 12.82 13.67 13.82 13.47 13.06 12.96 13.31 13.51 13.41 13.85 13.57 12.94 12.23 12.49 13.56 14.15 13.42 12.96 12.84 13.61
12.36 12.39 12.30 12.18 11.84 12.14 11.73 12.35 11.75 11.85 11.48 11.77 11.36 10.87 11.41 11.98 12.59 12.64 11.90 11.61 11.32 11.97 12.23 11.93 12.62 13.02 13.90 13.84 13.97 13.54 13.25 12.75 13.42 12.73 13.19 13.22 12.63 13.09 13.22 12.57 12.18 13.27 13.83 13.86 13.80 12.97 12.64 12.74 13.28 12.87 12.61 12.97 13.02 12.46 12.50 13.32 13.26 13.36 13.52 13.10 13.64 13.30 13.45 13.72 13.63 13.97 14.00 13.77 12.54 12.77 12.72 13.30 13.99 13.30 13.56 13.57 14.16
12.32 12.32 12.82 12.75 12.32 12.03 11.81 11.81 12.35 11.64 11.39 11.99 11.24 10.23 10.50 10.99 12.33 13.22 12.60 12.77 12.61 12.32 12.09 12.43 13.22 12.66 13.16 13.40 13.74 13.25 13.39 13.68 13.26 12.76 12.06 11.82 11.74 13.57 13.68 13.30 13.83 13.92 14.27 14.07 13.79 12.49 12.32 13.24 13.49 13.10 13.23 13.01 13.02 12.63 12.41 12.31 12.31 13.18 12.99 13.18 13.82 13.42 13.36 13.48 13.70 13.53 13.17 13.03 12.89 13.55 13.06 12.92 13.74 13.82 13.36 13.49 13.78
12.02 12.53 12.90 12.92 12.65 12.54 12.26 12.17 12.28 11.53 11.55 12.24 12.09 10.99 11.39 11.63 11.71 11.92 12.31 12.80 12.78 12.55 11.72 12.18 12.64 11.92 11.86 12.79 13.82 13.32 13.18 13.24 12.95 13.00 11.84 12.60 12.86 12.81 12.42 12.96 13.68 13.65 13.43 13.93 13.73 12.32 12.17 11.91 12.49 12.32 12.13 11.62 12.73 12.07 12.03 11.76 11.88 12.39 13.06 13.77 13.05 12.58 12.68 13.28 13.29 13.03 12.09 12.70 13.26 13.27 13.77 13.86 13.86 13.54 13.71 13.80 13.55
12.67 12.79 12.58 13.09 13.85 13.68 13.11 12.37 12.03 12.07 11.47 12.44 12.72 11.97 12.21 12.26 11.48 11.59 11.79 12.25 13.08 13.31 12.81 12.29 11.50 11.48 11.92 12.80 13.76 13.37 12.68 12.54 12.96 12.54 11.94 12.34 12.95 12.74 12.23 13.01 13.35 13.17 13.13 13.11 12.95 13.12 12.21 11.64 11.80 11.56 11.75 12.33 12.39 12.28 12.64 12.59 12.89 12.93 13.38 13.49 12.23 12.55 12.91 13.02 12.54 11.94 11.52 12.90 13.00 12.91 13.02 13.27 13.30 13.45 13.42 13.47 13.61
12.76 12.06 12.07 12.79 13.14 12.46 12.47 12.44 11.65 10.71 11.05 12.17 12.56 12.46 12.35 12.37 11.22 11.76 11.72 11.55 12.94 13.24 12.74 12.54 11.15 10.94 11.49 12.07 13.55 13.14 12.55 12.23 12.02 12.00 11.45 12.29 13.23 13.20 11.83 12.27 12.60 12.26 12.91 13.15 13.15 12.76 12.46 12.39 11.19 11.47 12.36 12.56 12.79 12.99 13.40 13.58 13.09 12.91 13.14 12.78 12.79 13.04 12.82 13.37 12.75 12.21 11.85 12.88 12.86 13.21 12.89 12.78 13.19 13.53 12.97 12.88 13.14
13.12 12.28 11.90 12.61 12.79 12.74 12.12 12.57 12.57 12.21 12.06 12.37 12.82 13.04 12.23 12.08 11.61 11.51 12.54 12.04 12.60 12.72 12.22 12.12 11.24 10.49 11.60 12.76 13.17 12.44 11.89 11.88 11.56 12.29 12.41 12.89 13.95 13.33 13.00 12.00 12.20 12.99 13.09 12.22 12.18 12.24 11.98 12.55 12.05 11.65 11.60 12.38 13.50 13.76 13.64 12.95 12.08 13.03 13.46 13.32 13.07 12.74 12.29 12.91 12.45 11.71 11.97 12.52 13.29 13.15 13.01 12.89 12.90 13.19 13.27 13.01 12.69
12.61 12.05 11.77 12.23 12.42 12.49 11.78 11.97 12.59 11.88 10.82 10.59 11.98 12.45 12.04 11.73 11.08 11.87 11.87 12.23 12.75 12.06 12.34 12.35 11.84 10.74 11.55 12.55 12.38 12.14 11.80 11.38 11.51 12.68 13.22 13.35 14.06 13.45 13.05 12.57 12.28 12.68 12.64 12.36 12.11 12.13 12.11 12.61 12.87 12.54 12.17 12.39 13.28 13.24 12.85 12.26 11.97 12.88 13.09 12.79 12.54 12.29 12.20 13.27 12.40 12.41 12.27 12.29 12.86 12.80 12.83 12.97 13.22 12.61 12.86 12.58 12.28
12.65 12.08 11.43 11.67 11.92 12.21 10.83 11.45 11.64 11.87 10.92 10.61 11.75 12.15 11.89 11.90 10.95 11.91 11.38 11.58 11.97 12.65 13.27 13.22 12.04 11.34 11.38 11.83 10.77 11.64 11.70 11.30 11.73 11.91 12.27 12.49 12.37 12.28 12.76 12.23 12.60 12.24 12.40 12.34 12.23 11.24 12.41 12.58 12.96 12.99 12.68 12.56 13.11 12.17 11.42 11.39 12.24 13.08 13.38 13.29 12.83 12.63 12.56 13.31 12.56 12.01 12.12 12.43 12.63 12.96 12.96 12.76 12.49 12.45 12.49 12.07 12.50
12.31 12.03 11.16 11.88 11.95 11.74 11.07 11.56 11.84 11.83 11.58 11.76 12.50 12.77 12.85 11.91 11.77 11.92 11.55 11.00 10.53 11.79 12.57 12.80 12.33 12.10 12.56 11.87 11.63 11.96 12.45 12.65 12.17 12.04 12.76 12.22 11.59 11.71 12.42 12.10 11.83 11.98 12.15 12.14 11.97 11.93 12.19 12.27 12.72 13.20 12.45 12.66 13.03 12.47 11.95 12.37 12.79 13.15 12.12 12.08 12.02 12.59 12.36 12.67 12.37 12.09 12.35 12.31 12.15 12.37 12.01 12.54 12.27 12.19 12.32 12.34 12.71
12.57 12.29 11.79 11.91 12.17 11.62 11.64 12.08 12.06 11.84 12.12 12.89 12.88 13.26 12.72 12.77 13.01 12.24 12.30 11.93 11.91 12.10 12.35 11.93 11.85 12.46 12.64 12.58 12.01 11.63 12.20 13.22 12.94 13.12 12.91 12.15 11.55 10.94 11.58 11.76 12.50 12.33 11.88 11.84 11.09 11.27 11.62 11.85 12.62 13.31 13.21 12.84 12.26 12.03 12.05 12.29 12.43 12.91 11.48 11.26 11.97 12.47 12.09 12.51 12.67 12.22 12.17 11.92 11.36 11.58 11.16 11.82 12.12 12.23 12.42 13.01 12.75
