files/bom_datasets/05.08.18.txt
ncols 839
nrows 679
xllcenter 112.0500
yllcenter -43.9500
cellsize 0.0500
nodata_value 99999.90
[rows 204 to 237 of 679, columns 385 to 461 of 839]
19.28 19.26 19.30 19.31 19.33 19.35 19.32 19.30 19.28 19.33 19.27 19.29 19.38 19.37 19.44 19.47 19.44 19.46 19.42 19.37 19.37 19.38 19.38 19.40 19.36 19.34 19.34 19.36 19.32 19.31 19.35 19.38 19.38 19.36 19.37 19.36 19.36 19.36 19.35 19.36 19.35 19.34 19.32 19.32 19.34 19.30 19.29 19.32 19.31 19.33 19.33 19.30 19.29 19.29 19.24 19.22 19.22 19.23 19.27 19.21 19.31 19.36 19.33 19.33 19.26 19.21 19.22 19.23 19.26 19.30 19.36 19.36 19.34 19.36 19.33 19.29 19.29
19.29 19.31 19.28 19.27 19.28 19.28 19.26 19.24 19.31 19.33 19.34 19.34 19.32 19.28 19.33 19.33 19.38 19.39 19.40 19.37 19.39 19.39 19.38 19.35 19.37 19.35 19.32 19.35 19.37 19.38 19.38 19.39 19.38 19.38 19.37 19.38 19.37 19.36 19.37 19.30 19.30 19.34 19.32 19.34 19.35 19.32 19.30 19.28 19.30 19.34 19.33 19.29 19.23 19.25 19.23 19.22 19.19 19.20 19.19 19.24 19.23 19.31 19.29 19.31 19.26 19.32 19.24 19.19 19.25 19.34 19.37 19.34 19.19 19.17 19.22 19.26 19.29
19.23 19.24 19.27 19.26 19.24 19.25 19.27 19.27 19.30 19.31 19.30 19.29 19.29 19.28 19.31 19.35 19.32 19.34 19.38 19.34 19.34 19.34 19.38 19.38 19.35 19.33 19.35 19.32 19.34 19.36 19.37 19.40 19.37 19.31 19.28 19.37 19.35 19.32 19.34 19.27 19.29 19.29 19.26 19.29 19.30 19.33 19.32 19.30 19.23 19.25 19.26 19.27 19.24 19.22 19.19 19.21 19.25 19.18 19.17 19.11 19.10 19.19 19.21 19.19 19.20 19.21 19.18 19.09 19.19 19.29 19.31 19.16 19.18 19.21 19.22 19.25 19.19
19.23 19.24 19.22 19.27 19.26 19.29 19.27 19.27 19.28 19.29 19.30 19.31 19.28 19.27 19.28 19.30 19.30 19.27 19.32 19.34 19.32 19.36 19.36 19.35 19.32 19.32 19.36 19.34 19.33 19.34 19.34 19.35 19.36 19.32 19.30 19.34 19.33 19.31 19.36 19.30 19.30 19.30 19.26 19.30 19.31 19.31 19.30 19.25 19.24 19.24 19.26 19.25 19.24 19.18 19.19 19.15 19.12 19.07 19.22 19.25 19.23 19.23 19.32 19.30 19.19 19.23 19.18 19.15 19.13 19.18 19.15 19.16 19.14 19.18 19.22 19.16 19.03
19.22 19.22 19.24 19.25 19.23 19.23 19.25 19.27 19.27 19.27 19.27 19.28 19.30 19.29 19.26 19.22 19.27 19.30 19.31 19.32 19.25 19.36 19.31 19.31 19.31 19.32 19.32 19.32 19.32 19.31 19.30 19.31 19.28 19.32 19.35 19.33 19.31 19.30 19.30 19.33 19.32 19.29 19.26 19.25 19.31 19.29 19.26 19.27 19.24 19.23 19.22 19.22 19.24 19.20 19.20 19.19 19.18 19.13 19.13 19.16 19.23 19.27 19.27 19.27 19.23 19.25 19.26 19.24 19.19 19.14 19.12 19.10 19.12 19.16 19.13 19.14 19.21
19.24 19.22 19.23 19.24 19.22 19.23 19.24 19.24 19.25 19.25 19.26 19.23 19.26 19.26 19.27 19.25 19.22 19.24 19.26 19.29 19.27 19.29 19.30 19.28 19.27 19.29 19.30 19.26 19.28 19.28 19.30 19.32 19.27 19.28 19.30 19.31 19.30 19.28 19.29 19.37 19.31 19.24 19.26 19.25 19.28 19.22 19.21 19.28 19.27 19.24 19.25 19.22 19.20 19.20 19.24 19.27 19.27 19.25 19.20 19.18 19.22 19.19 19.18 19.17 19.19 19.18 19.19 19.17 19.19 19.18 19.13 19.07 19.11 19.09 19.18 19.15 19.21
19.24 19.24 19.21 19.22 19.23 19.24 19.25 19.26 19.24 19.25 19.23 19.21 19.24 19.24 19.25 19.24 19.21 19.24 19.26 19.28 19.29 19.29 19.28 19.28 19.26 19.28 19.29 19.28 19.27 19.25 19.27 19.28 19.25 19.26 19.25 19.22 19.25 19.25 19.27 19.26 19.27 19.22 19.23 19.25 19.25 19.28 19.26 19.28 19.25 19.22 19.20 19.20 19.21 19.21 19.18 19.17 19.18 19.22 19.20 19.14 19.16 19.20 19.22 19.16 19.16 19.17 19.18 19.14 19.18 19.21 19.12 19.12 19.10 19.11 19.12 19.11 19.12
19.21 19.21 19.21 19.20 19.20 19.22 19.23 19.24 19.22 19.22 19.22 19.22 19.21 19.21 19.22 19.19 19.22 19.17 19.21 19.21 19.21 19.21 19.24 19.25 19.24 19.25 19.25 19.27 19.26 19.21 19.20 19.24 19.24 19.22 19.22 19.21 19.22 19.24 19.25 19.24 19.28 19.23 19.20 19.20 19.23 19.28 19.30 19.30 19.25 19.21 19.21 19.17 19.17 19.17 19.15 19.15 19.14 19.18 19.19 19.14 19.13 19.16 19.15 19.14 19.12 19.14 19.13 19.16 19.16 19.18 19.09 19.06 19.09 19.08 19.09 19.00 19.00
19.20 19.20 19.19 19.20 19.19 19.21 19.21 19.20 19.20 19.20 19.21 19.22 19.21 19.19 19.20 19.21 19.20 19.17 19.18 19.17 19.20 19.20 19.20 19.19 19.18 19.20 19.20 19.20 19.21 19.19 19.18 19.27 19.22 19.20 19.20 19.22 19.22 19.26 19.26 19.25 19.22 19.24 19.18 19.22 19.20 19.22 19.23 19.25 19.24 19.27 19.27 19.24 19.20 19.16 19.15 19.15 19.13 19.11 19.11 19.08 19.14 19.17 19.17 19.15 19.15 19.13 19.15 19.16 19.16 19.15 19.12 19.14 19.16 19.08 19.03 18.95 19.00
19.17 19.19 19.19 19.20 19.19 19.19 19.19 19.18 19.18 19.19 19.19 19.19 19.18 19.17 19.17 19.16 19.18 19.17 19.17 19.17 19.17 19.15 19.16 19.16 19.16 19.18 19.16 19.18 19.17 19.18 19.19 19.21 19.22 19.21 19.20 19.19 19.18 19.21 19.25 19.25 19.25 19.21 19.22 19.19 19.18 19.21 19.18 19.14 19.20 19.13 19.11 19.20 19.20 19.19 19.16 19.13 19.07 19.07 19.06 19.10 19.12 19.11 19.12 19.16 19.16 19.14 19.11 19.13 19.14 19.13 19.12 19.14 19.14 19.11 19.05 18.95 18.98
19.14 19.16 19.17 19.16 19.17 19.17 19.18 19.17 19.18 19.19 19.18 19.18 19.18 19.18 19.17 19.15 19.14 19.17 19.16 19.15 19.16 19.15 19.15 19.14 19.15 19.16 19.15 19.16 19.15 19.17 19.17 19.17 19.17 19.17 19.16 19.13 19.15 19.17 19.16 19.21 19.19 19.13 19.12 19.12 19.06 19.15 19.15 19.19 19.19 19.17 19.16 19.20 19.22 19.17 19.17 19.11 19.05 19.05 19.06 19.07 19.06 19.08 19.14 19.14 19.15 19.15 19.10 19.11 19.11 19.12 19.10 19.13 19.13 19.09 19.02 18.97 19.01
19.10 19.11 19.15 19.14 19.15 19.16 19.16 19.18 19.18 19.18 19.16 19.16 19.15 19.13 19.13 19.11 19.12 19.12 19.15 19.14 19.15 19.13 19.13 19.13 19.10 19.14 19.15 19.13 19.14 19.15 19.16 19.15 19.11 19.10 19.15 19.13 19.13 19.12 19.15 19.20 19.15 19.14 19.09 19.03 19.02 19.07 19.15 19.18 19.20 19.21 19.21 19.21 19.20 19.16 19.14 19.15 19.08 19.06 19.07 19.08 19.08 19.09 19.09 19.13 19.14 19.14 19.12 19.09 19.08 19.06 19.06 19.08 19.06 19.04 19.04 19.04 19.09
19.10 19.10 19.12 19.11 19.10 19.11 19.11 19.14 19.15 19.15 19.15 19.15 19.14 19.11 19.12 19.12 19.12 19.13 19.14 19.13 19.11 19.10 19.10 19.10 19.08 19.11 19.11 19.10 19.12 19.10 19.11 19.10 19.08 19.10 19.11 19.10 19.10 19.10 19.09 19.11 19.11 19.11 19.09 19.03 19.03 19.02 19.09 19.12 19.11 19.17 19.20 19.21 19.17 19.13 19.12 19.09 19.06 19.07 19.09 19.05 19.06 19.04 18.99 19.05 19.10 19.12 19.12 19.08 19.08 19.09 19.07 19.06 19.06 19.04 19.04 19.06 19.05
19.10 19.09 19.08 19.10 19.10 19.09 19.09 19.11 19.13 19.13 19.11 19.11 19.10 19.10 19.11 19.11 19.11 19.11 19.12 19.13 19.11 19.11 19.08 19.09 19.07 19.08 19.06 19.08 19.08 19.08 19.08 19.08 19.08 19.09 19.09 19.09 19.07 19.04 19.06 19.06 19.07 19.03 19.00 19.02 19.07 19.02 19.04 19.10 19.08 19.08 19.16 19.17 19.13 19.09 19.07 19.05 19.02 19.05 19.05 19.07 19.07 19.01 19.00 19.01 19.04 19.06 19.06 19.07 19.06 19.04 19.04 19.02 19.02 19.02 19.04 19.03 18.99
19.07 19.06 19.05 19.10 19.10 19.09 19.08 19.09 19.08 19.09 19.06 19.05 19.06 19.09 19.08 19.09 19.08 19.10 19.09 19.09 19.08 19.06 19.05 19.07 19.07 19.06 19.09 19.06 19.07 19.07 19.05 19.04 19.05 19.04 19.05 19.04 19.03 19.01 19.01 18.99 19.00 18.98 18.97 18.94 18.98 18.96 18.98 19.01 19.01 19.04 19.04 19.06 19.05 19.07 19.04 19.03 19.02 19.04 19.01 19.00 19.02 19.05 19.03 19.00 19.01 19.01 19.02 19.06 19.07 19.01 19.01 19.00 19.02 19.03 19.03 18.99 19.01
19.05 19.05 19.05 19.05 19.08 19.08 19.07 19.08 19.07 19.06 19.04 19.03 19.01 19.02 19.04 19.05 19.04 19.05 19.04 19.05 19.06 19.05 19.06 19.07 19.07 19.07 19.04 19.05 19.04 19.02 19.02 19.02 19.03 19.03 19.02 19.01 18.98 18.97 18.97 18.95 18.93 18.93 18.98 18.95 18.98 18.97 19.00 19.00 19.02 19.00 19.02 19.02 19.01 19.02 19.03 19.01 18.98 18.95 18.95 18.93 19.00 19.01 18.99 18.89 18.86 18.87 18.84 18.86 18.99 19.02 19.00 18.98 18.97 18.97 19.01 18.95 19.00
19.04 19.04 19.04 19.04 19.03 19.03 19.04 19.05 19.05 19.05 19.05 19.03 19.03 19.03 19.02 19.03 19.01 19.02 19.02 19.02 19.03 19.05 19.05 19.05 19.04 19.03 19.02 19.03 19.02 19.01 18.99 19.00 19.00 19.00 18.97 18.95 18.93 18.91 18.91 18.93 18.91 18.95 18.99 18.98 19.02 18.99 19.00 19.00 18.99 18.98 18.99 18.99 18.98 19.01 19.02 19.00 18.88 18.92 18.92 18.91 18.94 18.95 18.97 18.96 18.93 18.95 18.89 18.71 18.94 18.99 19.00 18.98 18.96 18.98 19.01 18.98 18.98
19.01 19.02 19.02 19.03 19.02 19.02 19.01 19.00 19.02 19.03 19.04 19.04 19.03 19.02 18.99 19.00 18.99 18.99 18.99 19.01 19.01 19.00 19.01 19.01 19.01 18.99 19.00 18.99 19.00 19.02 19.01 19.01 18.99 18.97 18.91 18.93 18.93 18.93 18.94 18.95 18.97 18.97 18.99 19.00 18.99 18.99 18.97 18.97 18.96 18.95 18.94 18.96 18.99 18.98 18.98 18.96 18.69 18.93 18.94 18.94 18.95 18.95 18.96 18.95 18.95 18.93 18.93 18.94 18.94 18.95 18.95 18.94 18.95 18.98 18.98 18.97 18.95
18.99 18.99 19.00 19.02 19.02 19.01 18.98 18.98 18.98 18.97 18.97 18.96 19.00 18.99 18.98 18.97 18.97 18.99 18.99 18.97 18.98 18.97 18.99 18.97 18.98 18.98 18.98 18.97 18.99 19.00 18.99 18.98 18.96 18.94 18.93 18.90 18.87 18.89 18.88 18.88 18.91 18.93 18.94 18.96 18.96 18.94 18.92 18.92 18.92 18.93 18.93 18.95 18.95 18.96 18.90 18.95 18.90 18.93 18.97 18.97 18.97 18.97 18.96 18.94 18.95 18.94 18.94 18.93 18.93 18.94 18.94 18.94 18.94 18.94 18.95 18.93 18.90
18.97 18.97 18.99 18.98 19.00 18.99 18.97 18.96 18.97 18.93 18.93 18.93 18.93 18.96 18.95 18.96 18.94 18.96 18.94 18.95 18.97 18.97 18.97 18.96 18.97 18.94 18.94 18.95 18.96 18.94 18.95 18.96 18.95 18.94 18.91 18.90 18.88 18.91 18.88 18.87 18.90 18.91 18.93 18.93 18.93 18.91 18.89 18.90 18.90 18.91 18.90 18.91 18.92 18.89 18.91 18.92 18.89 18.88 18.96 18.95 18.96 18.97 18.95 18.93 18.93 18.92 18.92 18.92 18.91 18.91 18.92 18.89 18.91 18.89 18.92 18.92 18.93
18.95 18.95 18.94 18.94 18.93 18.94 18.93 18.93 18.94 18.89 18.85 18.86 18.88 18.90 18.92 18.94 18.94 18.95 18.96 18.96 18.97 18.96 18.96 18.93 18.93 18.91 18.91 18.94 18.93 18.90 18.91 18.91 18.93 18.92 18.89 18.88 18.88 18.86 18.87 18.88 18.90 18.90 18.91 18.91 18.90 18.88 18.89 18.91 18.91 18.89 18.88 18.90 18.89 18.89 18.90 18.89 18.87 18.95 18.95 18.91 18.94 18.95 18.92 18.93 18.91 18.92 18.91 18.93 18.91 18.89 18.89 18.87 18.88 18.88 18.90 18.89 18.92
18.93 18.92 18.93 18.94 18.93 18.89 18.93 18.92 18.90 18.84 18.86 18.86 18.87 18.88 18.89 18.92 18.94 18.94 18.95 18.95 18.93 18.93 18.94 18.88 18.91 18.91 18.91 18.90 18.89 18.87 18.86 18.87 18.91 18.90 18.87 18.87 18.86 18.86 18.85 18.85 18.87 18.90 18.90 18.89 18.89 18.89 18.90 18.91 18.89 18.86 18.86 18.88 18.89 18.88 18.89 18.87 18.85 18.86 18.88 18.85 18.88 18.90 18.89 18.91 18.90 18.91 18.89 18.89 18.89 18.87 18.88 18.86 18.87 18.86 18.88 18.88 18.88
18.90 18.89 18.87 18.86 18.86 18.86 18.88 18.86 18.86 18.81 18.83 18.84 18.86 18.87 18.85 18.87 18.85 18.87 18.88 18.87 18.89 18.88 18.87 18.88 18.87 18.87 18.87 18.85 18.84 18.86 18.83 18.85 18.87 18.88 18.86 18.84 18.83 18.83 18.81 18.78 18.81 18.84 18.87 18.86 18.86 18.88 18.85 18.86 18.86 18.85 18.85 18.87 18.83 18.84 18.86 18.86 18.86 18.81 18.81 18.82 18.84 18.87 18.90 18.91 18.90 18.90 18.90 18.89 18.88 18.87 18.88 18.85 18.83 18.80 18.84 18.87 18.89
18.87 18.81 18.79 18.82 18.86 18.84 18.86 18.83 18.82 18.81 18.86 18.87 18.87 18.87 18.86 18.86 18.84 18.82 18.78 18.83 18.84 18.82 18.82 18.82 18.83 18.82 18.80 18.84 18.84 18.81 18.82 18.83 18.86 18.85 18.83 18.82 18.81 18.82 18.80 18.83 18.85 18.85 18.82 18.84 18.83 18.84 18.83 18.83 18.83 18.82 18.86 18.86 18.86 18.85 18.88 18.89 18.88 18.85 18.83 18.84 18.85 18.86 18.85 18.91 18.91 18.91 18.89 18.89 18.87 18.86 18.86 18.85 18.82 18.82 18.81 18.83 18.84
18.80 18.77 18.78 18.79 18.83 18.82 18.82 18.82 18.80 18.81 18.82 18.83 18.83 18.86 18.85 18.85 18.83 18.80 18.80 18.81 18.83 18.85 18.82 18.83 18.84 18.81 18.81 18.87 18.88 18.86 18.84 18.81 18.85 18.84 18.81 18.78 18.81 18.83 18.81 18.81 18.82 18.83 18.80 18.81 18.82 18.81 18.81 18.82 18.82 18.84 18.83 18.84 18.84 18.81 18.85 18.85 18.83 18.82 18.83 18.83 18.83 18.83 18.83 18.84 18.86 18.91 18.89 18.88 18.88 18.87 18.86 18.83 18.83 18.83 18.82 18.83 18.83
18.77 18.79 18.80 18.76 18.82 18.83 18.82 18.81 18.82 18.83 18.83 18.81 18.82 18.85 18.86 18.86 18.84 18.84 18.83 18.84 18.86 18.85 18.83 18.83 18.83 18.80 18.80 18.82 18.82 18.86 18.84 18.80 18.76 18.78 18.77 18.78 18.81 18.80 18.80 18.79 18.80 18.80 18.79 18.79 18.80 18.81 18.80 18.81 18.80 18.82 18.83 18.81 18.83 18.84 18.83 18.81 18.81 18.81 18.78 18.82 18.82 18.86 18.87 18.85 18.77 18.79 18.84 18.81 18.87 18.87 18.86 18.83 18.82 18.81 18.82 18.82 18.81
18.82 18.79 18.78 18.75 18.77 18.78 18.79 18.79 18.77 18.82 18.81 18.82 18.80 18.82 18.83 18.82 18.82 18.82 18.83 18.85 18.83 18.82 18.83 18.80 18.81 18.83 18.78 18.79 18.77 18.83 18.79 18.76 18.76 18.78 18.78 18.78 18.78 18.79 18.78 18.79 18.80 18.78 18.79 18.79 18.79 18.78 18.78 18.79 18.80 18.79 18.81 18.80 18.79 18.81 18.82 18.76 18.72 18.76 18.79 18.80 18.81 18.82 18.82 18.79 18.79 18.80 18.79 18.82 18.84 18.86 18.84 18.79 18.77 18.78 18.77 18.78 18.78
18.79 18.75 18.74 18.71 18.73 18.77 18.81 18.82 18.81 18.79 18.78 18.80 18.81 18.81 18.80 18.81 18.80 18.80 18.82 18.81 18.81 18.79 18.82 18.79 18.75 18.74 18.73 18.75 18.72 18.78 18.80 18.74 18.75 18.77 18.79 18.78 18.80 18.78 18.76 18.77 18.75 18.75 18.77 18.78 18.78 18.78 18.78 18.79 18.81 18.79 18.79 18.73 18.76 18.79 18.76 18.77 18.72 18.77 18.78 18.77 18.80 18.82 18.73 18.73 18.79 18.81 18.81 18.79 18.81 18.80 18.81 18.77 18.76 18.78 18.77 18.78 18.77
18.74 18.71 18.70 18.69 18.71 18.74 18.78 18.79 18.76 18.76 18.77 18.78 18.78 18.77 18.76 18.77 18.78 18.75 18.78 18.77 18.75 18.78 18.81 18.79 18.76 18.76 18.74 18.76 18.77 18.76 18.80 18.73 18.74 18.76 18.78 18.78 18.79 18.77 18.76 18.75 18.75 18.73 18.71 18.75 18.76 18.78 18.76 18.77 18.75 18.75 18.77 18.77 18.73 18.73 18.76 18.76 18.74 18.73 18.75 18.79 18.79 18.81 18.76 18.76 18.76 18.79 18.78 18.74 18.72 18.71 18.70 18.75 18.75 18.74 18.72 18.74 18.73
18.70 18.68 18.71 18.71 18.74 18.74 18.75 18.76 18.75 18.74 18.74 18.75 18.76 18.76 18.75 18.75 18.74 18.75 18.76 18.76 18.75 18.78 18.79 18.79 18.76 18.76 18.74 18.72 18.74 18.73 18.74 18.73 18.74 18.74 18.76 18.74 18.76 18.76 18.74 18.73 18.74 18.74 18.72 18.73 18.75 18.75 18.75 18.76 18.74 18.74 18.75 18.74 18.72 18.70 18.74 18.73 18.72 18.72 18.74 18.73 18.79 18.78 18.75 18.73 18.76 18.77 18.77 18.75 18.72 18.67 18.73 18.73 18.72 18.68 18.67 18.64 18.70
18.73 18.72 18.70 18.71 18.73 18.75 18.76 18.76 18.71 18.73 18.72 18.73 18.74 18.73 18.72 18.73 18.73 18.74 18.73 18.74 18.73 18.73 18.75 18.73 18.72 18.71 18.72 18.69 18.70 18.72 18.73 18.73 18.72 18.72 18.76 18.72 18.72 18.74 18.72 18.72 18.72 18.71 18.72 18.72 18.72 18.74 18.73 18.74 18.74 18.72 18.72 18.71 18.70 18.68 18.65 18.65 18.71 18.72 18.70 18.69 18.69 18.72 18.73 18.73 18.73 18.74 18.75 18.72 18.70 18.71 18.71 18.71 18.70 18.70 18.67 18.67 18.68
18.72 18.72 18.70 18.69 18.62 18.64 18.74 18.71 18.68 18.71 18.71 18.70 18.71 18.70 18.69 18.69 18.72 18.72 18.71 18.71 18.70 18.72 18.70 18.69 18.63 18.65 18.56 18.61 18.68 18.69 18.68 18.69 18.69 18.70 18.72 18.70 18.71 18.70 18.70 18.69 18.70 18.69 18.65 18.70 18.69 18.72 18.71 18.72 18.71 18.70 18.69 18.69 18.70 18.69 18.65 18.63 18.67 18.69 18.68 18.69 18.64 18.65 18.70 18.71 18.70 18.70 18.72 18.73 18.73 18.72 18.70 18.67 18.67 18.67 18.66 18.67 18.69
18.71 18.69 18.68 18.66 18.49 18.52 18.61 18.68 18.69 18.69 18.68 18.69 18.68 18.67 18.66 18.64 18.67 18.66 18.66 18.64 18.65 18.65 18.62 18.64 18.66 18.62 18.58 18.53 18.64 18.64 18.65 18.65 18.68 18.69 18.70 18.69 18.69 18.69 18.69 18.69 18.69 18.69 18.66 18.67 18.68 18.67 18.68 18.69 18.70 18.69 18.66 18.66 18.67 18.67 18.64 18.63 18.64 18.65 18.65 18.64 18.62 18.62 18.68 18.69 18.69 18.70 18.72 18.72 18.72 18.70 18.71 18.68 18.63 18.61 18.64 18.66 18.66
18.68 18.65 18.64 18.65 18.54 18.52 18.47 18.66 18.64 18.64 18.67 18.67 18.64 18.61 18.64 18.67 18.67 18.65 18.65 18.62 18.64 18.64 18.60 18.64 18.65 18.64 18.63 18.60 18.58 18.64 18.64 18.64 18.63 18.64 18.64 18.66 18.66 18.63 18.66 18.65 18.66 18.66 18.65 18.62 18.63 18.64 18.63 18.64 18.66 18.62 18.63 18.63 18.63 18.64 18.64 18.62 18.63 18.64 18.63 18.63 18.65 18.63 18.63 18.65 18.66 18.69 18.69 18.69 18.71 18.69 18.68 18.62 18.63 18.65 18.66 18.65 18.66
