files/bom_datasets/05.09.18.txt
ncols 839
nrows 679
xllcenter 112.0500
yllcenter -43.9500
cellsize 0.0500
nodata_value 99999.90
[rows 476 to 509 of 679, columns 539 to 615 of 839]
11.57 11.71 11.36 11.08 11.59 11.42 12.18 12.21 12.24 12.36 12.69 12.93 12.58 12.39 12.14 12.43 12.62 12.19 11.94 11.78 11.62 11.45 11.44 11.47 11.83 11.90 11.92 12.36 12.39 12.42 12.24 12.49 12.43 12.29 12.31 12.43 12.36 12.33 12.31 12.55 12.50 12.46 12.52 12.57 12.72 12.61 12.31 12.38 12.00 12.04 11.94 11.80 11.69 12.07 11.79 11.76 12.21 12.33 12.35 12.22 11.71 11.09 10.94 11.56 11.87 11.67 11.55 11.77 11.89 11.48 11.04 10.94 11.17 11.04 11.71 11.58 11.73
11.28 11.25 11.25 11.62 11.38 11.23 11.55 12.07 12.05 11.61 11.94 12.30 12.29 11.92 12.38 12.63 12.43 12.05 11.53 11.59 11.46 11.57 11.42 11.54 11.63 11.74 11.85 12.12 12.21 12.31 12.30 12.41 12.58 12.51 12.36 12.59 12.66 12.44 12.74 12.92 12.71 12.51 12.55 12.69 12.78 12.83 12.65 12.51 12.37 12.18 11.70 11.81 12.11 12.54 12.51 11.82 12.03 12.57 12.53 12.23 11.87 11.79 11.19 11.42 11.78 11.79 11.32 11.37 11.42 11.52 11.34 11.73 11.58 11.73 11.78 11.55 11.99
11.46 11.38 11.53 11.40 11.93 11.68 11.68 11.92 12.34 12.22 11.79 11.44 11.93 11.79 11.81 12.30 12.44 11.65 11.66 11.73 11.57 11.55 11.55 11.19 11.15 11.42 11.60 11.95 12.32 12.47 12.38 12.17 12.23 12.14 12.16 12.42 12.65 12.53 12.65 12.60 12.80 12.41 12.41 12.58 12.73 12.83 12.65 12.83 12.71 12.49 12.26 12.14 11.99 12.32 12.58 12.49 12.43 12.51 12.70 12.38 12.25 12.35 11.96 11.65 11.75 11.71 11.63 11.62 11.59 11.41 11.17 11.64 11.61 11.77 11.94 11.99 11.90
11.92 11.83 11.81 11.85 12.10 11.81 11.88 12.29 12.18 12.22 11.52 11.27 11.57 12.08 11.97 11.62 11.53 11.59 11.92 11.57 10.75 10.81 11.25 11.29 11.17 11.55 11.74 11.81 12.09 12.38 12.55 11.89 11.97 12.21 11.99 12.19 12.23 12.66 12.33 12.28 12.34 12.30 12.24 12.58 12.73 12.73 12.83 12.83 12.68 12.28 12.32 12.47 12.59 12.45 12.36 12.63 12.67 12.66 12.57 12.63 12.70 12.67 12.46 12.25 12.20 11.79 11.76 11.83 11.70 11.59 11.61 11.62 11.57 11.82 11.97 12.00 11.98
12.04 11.94 11.77 11.85 12.05 12.40 12.18 12.60 12.70 12.90 12.17 11.48 11.49 12.14 11.56 10.88 10.77 10.73 11.04 11.25 10.85 10.81 10.50 10.92 11.31 11.46 11.64 11.33 11.38 11.74 11.95 11.94 11.85 11.79 11.81 11.76 11.88 11.93 12.46 12.20 12.02 12.18 12.38 12.55 12.70 12.70 12.81 12.81 12.71 12.50 12.41 12.66 12.57 12.51 12.51 12.62 12.69 12.75 12.45 12.54 12.75 12.92 12.75 12.55 12.70 12.61 12.33 12.37 11.90 11.56 11.75 11.81 11.82 11.80 12.08 12.38 12.16
12.07 12.23 12.20 12.29 12.27 12.41 12.48 12.58 12.75 13.00 12.59 12.42 12.02 11.36 11.61 11.86 10.80 10.41 10.60 10.48 11.08 11.06 11.04 11.13 11.26 11.23 11.57 11.90 11.33 11.22 11.00 11.06 11.10 10.97 11.30 11.39 11.14 11.25 11.74 12.14 12.09 12.38 12.49 12.58 12.76 12.81 12.74 12.70 12.57 12.74 12.70 12.68 12.69 12.82 12.77 12.72 12.60 12.74 12.40 12.47 12.60 12.59 12.81 12.95 12.97 12.85 12.67 12.47 12.41 12.27 11.96 12.15 12.22 11.88 12.28 12.57 12.37
11.56 11.78 11.59 11.91 12.21 12.25 12.19 12.24 12.24 12.40 12.43 12.36 12.33 11.72 11.52 11.36 11.02 10.59 10.70 10.90 11.05 11.33 11.18 11.19 10.98 11.01 10.86 10.98 11.13 11.09 10.77 10.74 10.90 10.88 10.65 11.11 11.04 11.68 11.47 11.57 11.98 11.99 12.38 12.63 12.77 12.83 12.50 12.58 12.43 12.30 12.53 12.57 12.30 12.53 13.04 12.98 12.82 12.76 12.77 12.79 12.64 12.67 12.69 12.70 12.76 12.86 12.39 12.20 12.45 12.40 12.06 12.15 12.26 11.92 12.01 12.32 12.43
10.92 11.50 11.31 11.66 11.76 11.80 11.89 12.25 12.22 12.12 12.52 12.11 11.83 11.90 11.77 11.78 11.59 10.83 10.73 11.14 10.93 10.75 10.96 10.91 10.90 10.73 10.52 10.56 10.84 10.55 10.65 10.70 11.33 10.94 11.02 10.68 11.00 11.60 11.66 11.69 11.78 12.07 12.13 12.25 12.42 12.66 12.41 12.36 12.57 12.33 12.35 12.46 12.65 12.71 12.78 12.95 12.80 12.73 12.84 12.99 12.93 12.64 12.74 12.74 12.59 12.65 12.37 12.30 12.37 11.91 12.08 12.29 12.49 12.45 12.32 12.25 12.39
10.66 11.25 11.48 11.62 11.80 11.64 11.84 12.06 11.89 11.86 12.13 12.41 11.89 11.26 11.32 11.99 11.93 11.72 11.10 10.88 11.18 10.43 10.78 11.30 11.04 11.06 10.81 10.45 10.71 10.49 10.86 10.76 10.92 11.01 11.44 11.68 11.75 11.40 11.71 11.86 11.80 12.10 11.98 12.05 12.22 12.13 12.50 12.53 12.46 12.29 12.22 12.02 12.43 12.64 12.65 12.76 12.85 12.85 12.77 12.83 12.95 12.82 12.82 12.59 12.52 12.59 12.61 12.33 12.58 12.29 12.20 12.26 12.34 12.48 12.50 12.41 12.28
9.58 10.01 11.16 11.65 11.68 11.00 11.29 12.06 12.34 11.93 11.91 12.10 12.39 12.11 11.62 11.46 11.53 11.69 11.71 11.46 11.29 11.17 11.12 11.58 11.30 11.40 11.45 10.80 10.69 11.19 11.28 10.96 10.98 10.82 10.87 11.10 11.31 11.20 11.26 11.21 10.98 11.07 11.42 12.01 12.13 11.98 12.06 12.36 12.15 12.20 12.25 12.21 12.09 12.25 12.24 12.52 12.71 12.82 12.70 12.70 12.62 12.67 12.74 12.72 12.60 12.46 12.44 12.52 12.63 12.52 12.33 12.15 11.97 12.09 12.20 12.22 12.12
9.28 9.44 10.51 10.74 10.99 10.81 11.03 11.42 11.33 11.53 11.62 11.66 11.63 11.88 11.61 11.43 11.61 11.42 11.65 11.64 11.61 11.48 11.86 12.05 11.59 11.52 11.99 11.70 11.55 11.34 11.52 11.33 10.89 10.99 11.15 11.16 11.60 11.62 11.39 11.34 10.72 11.07 11.49 11.87 11.79 11.77 12.17 12.16 11.93 11.77 11.97 12.27 12.20 12.38 12.46 12.18 12.24 12.72 12.59 12.56 12.53 12.60 12.65 12.52 12.79 12.72 12.53 12.35 12.44 12.55 12.50 12.23 11.94 11.86 12.24 12.21 12.17
9.38 9.23 9.94 10.12 10.19 9.85 10.36 10.90 11.08 11.05 11.28 11.88 12.18 11.46 11.36 11.11 10.87 11.26 11.51 11.59 11.51 11.60 11.80 11.64 11.89 11.88 11.94 12.45 12.08 11.52 11.27 11.74 11.69 11.50 11.37 11.63 11.15 11.07 11.67 11.55 11.17 11.32 11.59 11.11 11.20 11.18 11.56 11.78 11.76 11.71 12.02 12.30 12.47 12.37 12.47 12.36 12.50 12.64 12.53 12.55 12.62 12.69 12.69 12.91 13.06 12.84 12.76 12.17 12.23 12.08 12.38 12.31 12.21 12.10 12.21 12.37 12.36
9.55 9.62 10.91 10.73 10.19 9.37 9.68 10.67 11.11 10.90 10.91 11.76 11.98 11.80 11.71 11.44 11.37 11.42 11.63 11.77 11.74 11.71 11.75 11.83 11.96 11.75 11.92 12.10 12.41 12.19 11.24 11.32 10.88 11.12 11.65 11.60 11.61 11.59 11.68 11.67 11.38 11.21 11.16 10.90 10.91 11.34 11.43 10.95 11.43 11.25 11.86 12.19 12.42 12.29 12.25 12.27 12.35 12.31 12.58 12.52 12.47 12.50 12.38 12.55 12.75 12.72 12.32 12.30 12.41 12.21 12.16 12.36 12.39 12.44 12.24 12.36 12.34
9.23 10.00 10.57 11.03 10.90 9.73 9.30 10.32 10.77 10.32 10.44 11.23 11.23 11.53 11.78 11.77 11.38 11.11 11.17 11.12 11.41 11.48 11.35 11.59 11.67 11.96 12.27 12.24 12.08 12.28 11.94 11.65 11.51 11.32 11.81 11.95 12.07 11.82 11.84 11.84 11.59 11.37 11.22 10.97 11.10 11.47 11.37 11.76 11.95 11.47 11.90 11.86 11.95 12.09 11.74 11.91 12.40 12.25 12.59 12.67 12.62 12.53 12.29 12.44 12.39 12.29 11.98 12.04 12.29 11.97 12.26 12.47 12.31 12.38 12.28 11.88 12.17
8.75 9.88 9.63 10.46 10.37 9.31 9.71 9.73 10.04 10.27 10.76 11.31 11.27 11.37 11.60 11.87 11.53 11.34 11.39 11.52 11.53 11.66 11.49 11.60 11.78 11.94 11.97 11.98 12.17 12.20 11.92 11.76 11.36 11.67 11.77 12.10 11.76 11.72 11.70 11.71 11.74 11.95 11.65 11.76 11.52 11.29 11.25 11.49 11.60 11.46 11.90 11.92 11.61 11.44 11.86 11.91 12.00 12.31 12.38 12.29 12.38 12.25 12.03 12.04 11.96 12.04 11.76 11.89 12.29 12.13 12.59 12.59 12.32 12.40 12.48 12.48 12.31
9.57 10.39 9.62 9.54 9.86 9.37 9.32 9.09 9.84 10.11 10.65 10.53 10.97 11.33 11.50 11.68 11.51 11.50 11.59 11.66 11.91 11.82 11.58 11.62 11.97 12.06 12.16 12.25 12.31 12.09 12.27 12.02 11.81 11.77 12.11 12.20 12.06 11.98 11.91 11.70 11.53 11.53 11.48 11.62 11.60 11.60 11.23 11.36 11.45 11.56 11.53 11.62 11.54 11.46 11.63 11.62 11.61 12.02 12.01 12.26 12.36 12.38 12.15 12.10 12.14 11.65 11.59 12.30 12.39 12.42 12.27 12.34 12.43 12.49 12.38 12.28 12.25
9.85 10.99 10.07 9.42 9.34 8.93 9.21 9.14 10.05 10.50 9.98 10.33 10.87 11.47 11.50 11.44 11.52 11.28 11.58 11.76 12.07 12.05 12.32 12.52 12.40 12.18 12.19 12.44 12.33 12.22 12.14 12.03 11.74 11.73 11.61 11.89 11.99 11.82 11.91 12.05 11.84 11.77 11.68 11.95 12.12 12.05 12.10 11.88 11.37 11.62 11.64 11.51 11.39 11.65 12.00 11.95 12.06 12.16 12.18 12.47 12.38 12.34 12.36 12.28 12.36 11.55 11.52 11.85 11.94 12.13 12.34 12.05 12.04 12.39 12.21 12.53 12.24
9.14 10.32 10.41 9.64 9.18 8.66 8.79 9.15 10.22 10.38 10.00 9.89 10.77 11.39 11.47 11.24 11.40 11.62 11.53 11.66 12.04 12.26 12.27 12.23 12.29 12.20 12.20 12.18 12.26 12.16 12.16 12.20 12.07 12.04 12.06 12.02 12.06 12.19 12.19 12.17 11.83 12.08 12.12 12.19 12.27 12.23 12.28 12.14 11.65 11.48 11.50 11.66 11.89 12.05 12.21 12.04 12.05 11.96 11.90 12.00 12.67 12.59 12.35 12.07 12.27 11.58 11.41 11.64 11.66 11.84 11.80 11.57 11.79 11.96 12.13 12.56 12.43
8.36 10.02 9.95 9.26 9.00 8.30 8.34 8.79 9.25 9.36 8.73 8.73 10.45 11.14 11.32 10.91 11.40 11.79 12.23 11.60 12.20 12.43 12.47 12.33 12.31 12.32 12.34 12.42 12.50 12.32 12.14 12.20 12.06 12.04 12.02 12.29 12.29 12.53 12.61 12.59 12.05 12.09 12.14 12.23 12.23 12.17 12.18 12.38 12.15 11.81 11.70 11.70 11.83 12.11 11.93 12.01 12.09 12.03 11.82 11.82 11.96 12.21 11.85 11.46 11.07 11.04 11.40 11.68 11.88 12.00 11.84 11.86 11.77 12.00 12.18 12.25 12.29
8.91 9.76 10.06 9.38 7.70 7.95 8.35 9.36 9.22 8.74 8.78 9.22 9.56 10.34 10.70 10.54 10.79 11.16 11.21 11.59 11.50 11.54 11.56 11.38 11.76 12.00 12.21 12.09 12.08 12.08 12.21 12.14 11.94 12.36 12.07 11.98 11.74 11.89 12.06 12.12 11.87 12.01 11.93 12.14 12.11 12.06 11.99 12.07 12.12 12.08 11.80 12.01 12.18 12.17 11.97 11.99 12.12 12.23 12.13 12.01 12.05 12.18 12.03 11.44 11.31 11.41 11.48 11.67 12.00 12.20 11.97 11.69 11.57 12.23 12.51 12.37 12.23
8.60 9.77 9.90 8.61 7.07 7.85 8.40 8.62 8.36 8.17 9.07 9.85 10.06 9.39 9.55 9.95 10.24 10.09 10.26 10.66 11.03 11.32 11.20 11.08 11.35 11.45 11.37 11.62 12.00 12.12 12.12 11.86 12.05 12.15 11.94 11.99 11.99 12.07 12.07 11.84 11.72 12.05 11.98 12.19 12.28 12.16 12.14 12.21 12.34 11.93 11.89 11.85 11.96 12.32 12.19 12.03 11.87 11.95 12.12 12.11 12.19 12.19 12.28 12.18 12.13 11.99 11.76 11.75 11.79 12.05 11.87 11.96 12.03 11.92 12.11 12.18 12.00
7.20 8.11 8.29 7.01 6.15 7.24 8.04 7.32 7.23 8.73 9.82 9.72 8.85 9.03 9.58 9.98 10.27 10.53 10.75 10.48 10.26 10.81 11.12 11.45 10.93 11.22 11.06 11.25 11.70 11.89 12.22 12.30 12.50 12.27 12.16 12.02 12.00 12.03 12.00 12.10 11.88 11.87 11.76 11.78 11.94 12.15 12.28 12.22 12.27 12.10 11.86 11.84 11.83 12.02 12.11 12.27 12.11 11.99 12.04 11.81 11.92 12.40 12.56 12.55 12.53 12.36 12.12 12.02 11.65 11.65 11.89 12.06 12.00 11.96 12.21 12.14 12.06
7.23 7.55 5.99 6.19 6.70 6.84 6.87 6.60 7.21 8.51 9.35 9.45 9.23 9.08 9.41 9.82 9.66 10.09 10.45 10.81 10.61 10.46 10.55 11.02 11.10 11.27 11.44 11.60 11.68 11.44 11.66 11.94 11.99 12.04 11.97 12.22 11.91 12.05 12.24 12.18 11.82 12.04 12.09 11.85 11.56 11.82 12.01 12.08 11.83 11.85 11.91 12.11 12.01 12.08 11.98 12.00 12.10 11.93 11.86 11.86 11.83 12.45 12.61 12.37 12.28 12.35 11.94 11.74 12.08 12.38 12.21 12.22 12.14 12.24 12.41 12.44 12.16
8.25 7.01 5.95 6.51 6.89 6.51 6.32 6.73 7.38 8.37 8.58 8.86 9.11 9.40 9.16 9.65 10.40 10.15 9.48 9.64 10.59 10.97 11.13 10.80 11.10 11.08 11.52 11.45 11.88 11.67 11.89 11.94 11.79 11.68 11.85 11.54 11.79 11.94 11.98 12.02 11.81 11.58 11.51 11.60 11.74 11.63 11.93 11.87 11.72 11.70 11.76 11.76 12.00 12.14 12.31 12.28 12.09 11.89 12.14 12.23 12.23 12.31 12.18 12.27 12.36 12.36 11.86 11.68 12.10 12.29 12.25 12.28 12.40 12.46 12.34 12.34 12.26
7.75 6.75 6.70 6.73 6.91 6.94 6.83 6.78 8.56 8.11 8.19 8.91 8.75 8.24 9.10 10.02 10.05 9.53 9.71 9.71 10.27 10.68 10.51 10.42 10.46 10.93 11.23 10.82 10.94 10.94 11.33 11.98 11.92 11.75 11.79 11.49 11.73 11.99 11.63 11.60 11.82 12.09 12.16 12.00 11.53 11.47 11.76 11.93 11.80 11.68 12.00 11.87 11.97 12.00 11.99 12.26 12.38 12.51 12.31 12.03 11.91 12.02 12.03 12.04 11.84 12.08 11.85 11.84 11.95 12.09 11.95 11.93 12.54 12.39 12.09 12.17 12.18
8.49 7.27 8.44 7.40 7.14 7.31 7.43 7.58 8.47 8.23 8.28 8.31 8.19 7.81 8.98 9.18 9.07 8.99 9.17 9.58 9.90 9.25 9.64 9.76 10.15 10.39 11.08 11.05 10.79 10.84 10.70 11.48 11.76 11.47 10.82 11.42 11.56 11.98 11.78 11.44 11.70 11.85 11.92 12.38 12.35 12.36 12.01 12.17 11.95 12.06 12.08 11.89 11.74 11.82 11.71 11.83 11.76 12.16 12.22 12.30 12.00 12.01 12.22 12.17 11.79 11.93 11.57 11.55 11.65 12.14 12.22 12.29 12.41 12.33 12.09 12.16 12.19
8.45 7.57 7.84 6.74 6.74 7.03 6.77 7.05 7.45 7.81 8.01 8.27 7.97 8.13 7.65 8.10 8.59 9.34 8.85 8.42 8.89 9.14 9.32 9.54 9.73 10.03 10.14 10.63 11.10 11.44 11.23 10.95 11.54 11.94 11.52 11.42 11.73 12.07 11.61 11.52 11.51 11.60 11.45 11.70 12.05 11.93 12.08 12.14 12.26 12.09 12.20 12.37 12.24 11.89 11.70 11.81 12.06 11.90 12.01 12.04 12.05 12.00 12.22 12.30 12.35 12.27 11.91 11.60 11.71 12.18 12.41 12.39 12.56 12.33 12.27 12.24 12.21
6.42 6.56 6.06 5.81 6.12 5.83 6.28 6.64 6.66 7.51 7.09 7.46 7.84 8.28 7.69 8.14 8.11 8.49 8.80 8.60 8.58 8.73 9.03 9.37 9.04 9.42 9.45 9.67 10.59 10.90 11.04 11.17 11.25 11.69 11.54 11.71 11.66 11.67 11.94 11.61 11.63 11.19 11.12 11.31 11.35 11.54 11.96 12.30 12.01 12.05 11.96 12.09 12.09 12.15 12.11 11.94 12.04 11.95 12.00 11.99 11.97 12.13 12.19 12.27 12.19 12.11 11.77 11.67 11.90 12.13 12.29 12.31 12.48 12.63 12.55 12.43 12.52
6.21 6.93 6.55 6.68 6.57 6.37 6.23 6.61 6.99 7.08 7.35 7.56 7.51 7.56 8.00 7.50 7.82 8.37 8.36 8.72 8.59 8.26 8.33 9.00 9.49 8.97 8.83 9.03 9.47 9.79 10.52 11.02 11.32 11.27 11.52 11.52 11.43 11.77 12.08 11.84 12.17 11.56 11.34 11.33 11.32 11.52 11.69 11.85 11.97 11.94 11.87 12.04 12.20 12.23 12.11 12.42 12.09 12.07 12.13 12.12 12.20 12.12 12.01 11.98 12.23 11.93 11.75 11.38 11.80 12.25 12.36 12.55 12.47 12.55 12.61 12.41 12.71
7.39 7.76 7.10 7.55 6.82 6.95 6.71 7.22 7.06 7.33 7.62 7.49 7.77 7.07 6.90 7.13 7.50 7.79 7.79 8.14 8.76 8.38 7.92 8.15 8.35 8.42 8.87 9.11 8.84 8.71 9.30 9.95 10.32 10.99 11.08 11.08 11.05 11.70 11.56 11.76 12.03 11.41 11.44 11.78 11.85 11.77 11.99 11.99 11.93 12.07 12.09 11.61 11.67 11.95 12.01 11.97 12.40 12.35 12.36 12.23 12.21 12.35 12.10 12.10 12.24 12.23 12.02 11.87 12.19 12.34 12.35 12.49 12.29 12.39 12.45 12.35 12.54
7.02 7.30 7.29 7.55 6.82 6.95 6.53 6.49 7.08 7.52 7.65 7.72 7.86 7.44 6.94 6.24 6.50 6.80 7.01 7.84 8.72 8.35 8.52 7.88 7.98 8.26 8.16 8.24 8.69 8.70 8.97 9.25 9.51 9.90 10.56 10.88 11.13 11.32 11.42 11.47 11.52 12.08 11.81 11.57 11.42 11.41 11.31 11.54 11.47 11.72 11.65 11.40 11.51 11.64 12.09 12.06 12.25 12.02 11.78 11.93 12.06 12.40 12.39 12.40 12.18 12.32 12.17 12.19 12.20 12.10 12.18 12.32 12.34 12.48 12.45 12.40 12.53
7.02 7.30 7.29 7.29 6.82 6.53 6.53 6.49 7.54 7.96 7.16 7.34 7.21 7.42 6.53 6.41 6.68 6.87 6.26 6.92 7.07 7.34 7.64 7.56 7.64 8.23 8.50 8.22 8.53 8.30 8.63 8.87 8.97 9.23 9.60 10.16 10.36 11.22 10.81 11.32 11.08 11.28 11.34 11.49 11.33 11.09 11.21 11.17 11.16 11.17 11.52 11.74 11.61 11.63 11.47 11.96 11.89 11.85 12.03 12.10 12.14 12.24 12.32 12.28 12.39 12.39 12.38 12.19 12.13 12.16 12.18 12.10 12.36 12.53 12.39 12.47 12.61
8.92 7.30 7.29 7.56 7.56 6.53 6.53 7.67 7.67 8.21 7.62 7.46 7.94 7.43 6.99 6.47 6.41 6.93 6.55 6.23 6.91 7.05 7.46 7.18 6.92 7.61 8.62 8.76 8.69 8.41 8.37 8.29 8.13 8.47 9.01 9.41 9.82 9.84 10.43 10.74 11.04 11.20 11.25 11.45 11.49 11.34 11.32 11.14 11.18 11.21 11.28 11.44 11.63 11.62 11.63 11.75 11.80 12.07 12.10 12.11 11.76 11.92 12.34 12.20 12.34 12.30 12.29 12.25 12.26 12.35 12.41 12.38 12.17 12.32 12.36 12.32 12.40
8.92 7.03 7.03 7.56 7.56 7.56 7.50 7.83 7.83 7.75 7.68 7.32 7.29 7.07 7.16 7.42 6.73 7.16 7.02 6.56 6.78 6.75 6.96 7.41 7.10 6.59 7.35 8.19 8.18 8.32 8.68 8.58 8.12 7.73 7.93 8.40 8.72 9.33 9.84 10.30 10.46 10.45 11.14 11.43 11.43 11.43 11.19 10.93 11.17 11.29 11.30 11.63 11.70 11.66 11.87 11.89 11.84 11.92 12.11 12.06 11.94 11.94 12.07 12.04 11.98 12.09 12.33 12.40 12.20 12.11 12.27 12.47 12.41 12.33 12.26 12.40 12.43
