files/bom_datasets/05.09.18.txt
ncols 839
nrows 679
xllcenter 112.0500
yllcenter -43.9500
cellsize 0.0500
nodata_value 99999.90
[rows 306 to 339 of 679, columns 539 to 615 of 839]
17.05 16.86 16.77 17.02 16.98 16.92 16.82 16.86 16.94 16.78 16.74 16.62 16.45 16.67 16.63 16.74 16.76 16.86 16.73 16.77 17.04 16.96 17.18 17.19 17.18 17.20 17.20 17.07 17.03 17.21 17.17 17.19 17.26 17.15 17.20 17.18 17.13 17.14 17.12 17.06 17.12 17.13 17.07 17.06 17.00 16.99 16.88 16.77 16.69 16.88 17.07 16.96 16.97 16.94 16.85 16.89 16.96 17.13 17.12 17.11 17.11 16.60 16.68 16.83 16.99 16.72 16.55 16.02 16.17 16.25 16.94 17.07 17.05 17.08 17.01 17.08 16.92
16.79 16.91 16.95 17.02 16.99 16.90 16.92 16.86 16.85 16.80 16.56 16.79 16.41 16.65 16.91 16.83 16.94 16.88 16.76 16.84 17.10 17.14 17.19 17.22 17.22 17.14 17.06 17.03 17.17 17.16 17.17 17.16 17.24 17.29 17.32 17.29 17.08 17.10 17.14 17.11 17.07 17.05 17.04 16.92 16.92 16.84 16.98 17.01 16.86 16.84 16.99 16.79 16.87 16.99 16.98 16.95 17.02 17.07 17.01 17.08 17.02 16.94 16.68 16.81 16.84 16.28 16.11 16.35 16.47 16.15 16.60 17.11 17.05 17.08 17.09 17.12 16.92
16.80 16.94 17.02 16.94 16.95 16.93 16.91 16.87 16.97 16.76 16.72 16.73 16.63 16.57 16.73 16.86 16.80 16.91 16.85 16.98 17.17 17.18 17.08 16.97 17.05 17.16 17.00 17.06 17.15 17.15 17.18 17.02 17.27 16.80 16.60 17.06 17.08 17.00 17.02 17.04 17.13 17.17 17.12 17.05 16.80 16.70 16.94 17.03 16.99 16.98 16.97 16.74 16.77 16.80 16.90 17.01 17.10 17.01 16.96 16.99 16.94 16.87 16.94 16.81 16.31 15.78 15.90 16.42 16.88 17.11 17.11 17.11 17.09 17.10 17.12 17.08 17.03
16.87 17.04 17.02 16.98 16.94 16.75 16.76 16.80 16.53 16.76 16.61 16.55 16.70 16.79 16.61 16.83 16.74 17.14 16.96 17.04 17.16 17.16 17.11 17.05 17.03 17.15 17.08 17.10 17.12 17.15 17.16 17.25 17.24 17.27 15.98 16.95 17.03 17.03 17.03 17.03 17.09 16.98 17.10 16.92 16.84 16.54 16.77 17.07 17.06 17.08 17.02 16.95 16.87 16.74 16.73 16.94 16.99 16.95 16.99 16.95 17.01 17.02 16.98 16.88 16.63 15.98 16.14 16.88 17.05 17.01 17.11 17.08 17.02 16.97 17.02 17.09 17.01
16.84 16.97 17.00 16.95 16.95 16.99 16.90 16.95 16.71 16.82 16.67 16.59 16.77 16.80 16.94 16.88 17.23 17.21 17.16 17.11 17.20 16.89 16.97 17.10 17.07 17.05 17.05 17.09 17.10 17.12 17.16 17.24 17.24 17.18 16.62 16.75 16.80 16.98 16.96 17.01 17.07 17.02 17.02 17.06 17.01 16.99 16.76 17.10 17.05 17.07 16.95 16.99 17.00 16.86 16.91 16.89 16.80 16.91 17.00 17.01 16.99 16.94 16.95 16.91 16.84 16.76 16.82 16.94 16.86 16.84 17.04 17.05 16.96 16.96 17.03 17.07 16.98
16.72 16.84 16.89 16.87 17.00 16.93 16.79 16.97 16.85 16.93 16.73 16.82 16.87 16.97 16.94 16.98 17.17 17.18 17.17 17.15 17.16 17.14 17.09 17.02 17.00 17.06 17.12 17.08 17.07 17.06 17.13 17.19 17.24 16.91 16.94 17.03 16.87 16.98 16.96 16.97 17.00 16.96 16.98 16.98 17.03 17.04 17.03 17.05 17.01 16.93 16.99 17.00 17.02 16.95 16.90 16.86 16.85 16.93 16.94 16.95 16.98 16.95 16.95 16.86 16.91 16.90 16.85 16.68 16.59 16.84 16.93 17.03 17.01 17.04 17.00 17.01 17.06
16.88 16.87 16.94 16.96 16.89 16.97 16.88 16.73 16.82 16.82 16.84 16.71 16.81 16.95 16.95 16.97 17.11 17.21 17.19 17.16 17.17 17.14 17.16 17.12 17.12 17.18 17.09 17.06 17.03 17.05 17.09 17.17 17.21 16.90 16.77 16.84 16.88 16.94 17.00 16.87 16.86 16.95 16.94 16.98 16.97 17.01 17.00 17.02 16.98 17.07 16.98 16.87 16.89 16.88 16.89 16.90 16.89 16.93 16.96 16.95 16.99 16.89 16.91 16.79 16.81 16.84 16.77 16.98 16.91 17.01 17.01 16.99 17.01 17.04 17.04 17.05 16.99
16.86 16.82 16.83 16.88 16.94 16.85 16.90 16.90 16.83 16.73 16.81 16.86 16.79 16.85 16.90 16.97 17.19 17.17 17.01 17.05 16.97 16.96 16.98 16.95 16.96 17.16 17.10 17.05 17.05 17.08 17.13 17.16 16.88 16.61 16.63 16.74 16.94 16.98 16.88 16.75 16.85 16.82 16.96 16.91 16.98 16.92 16.95 17.02 16.96 16.94 16.88 16.88 16.82 16.82 16.79 16.88 16.82 16.80 16.86 16.88 16.91 16.87 16.78 16.86 16.93 16.79 16.73 17.02 16.98 16.99 16.99 17.00 17.02 17.04 16.97 16.86 16.92
16.86 16.87 16.72 16.82 16.85 16.85 16.89 16.92 16.85 16.92 16.79 16.81 17.12 17.14 17.15 17.14 17.15 16.94 16.86 16.89 16.92 16.96 16.95 16.87 16.87 16.85 17.13 17.14 17.16 17.11 17.15 17.14 16.46 16.49 16.58 16.67 16.90 16.86 16.79 16.77 16.92 16.87 16.85 16.88 16.85 16.89 16.88 16.95 16.86 16.58 16.78 16.84 16.82 16.82 16.79 16.74 16.74 16.84 16.83 16.87 16.89 16.84 16.85 16.87 16.88 16.86 16.85 16.99 16.97 16.99 16.97 17.00 16.98 16.90 16.93 16.86 16.92
16.79 16.83 16.70 16.81 16.88 16.82 16.87 16.87 16.92 16.83 16.84 17.14 17.13 17.12 16.89 16.78 16.88 16.91 16.92 16.88 16.91 16.94 16.92 16.86 16.86 16.91 16.71 16.86 16.81 16.80 16.80 16.79 16.53 16.36 16.49 16.65 16.90 16.93 16.84 16.76 16.90 16.88 16.91 16.91 16.93 16.93 16.92 16.82 16.75 16.70 16.71 16.79 16.78 16.77 16.74 16.67 16.72 16.74 16.77 16.76 16.75 16.67 16.88 16.79 16.92 16.96 16.96 16.98 16.96 16.98 16.97 16.98 16.94 16.82 16.82 16.90 16.89
16.76 16.83 16.76 16.83 16.86 16.80 16.86 16.90 16.91 17.06 17.09 17.02 16.87 16.80 16.89 16.88 16.92 16.90 16.92 16.89 16.92 16.90 16.87 16.80 16.78 16.64 16.77 16.76 16.72 16.88 16.78 16.36 16.61 16.57 16.44 16.56 16.74 16.77 16.68 16.49 16.81 16.78 16.92 16.97 16.94 16.88 16.80 16.81 16.85 16.74 16.65 16.74 16.75 16.66 16.63 16.63 16.62 16.62 16.63 16.67 16.83 16.94 16.94 16.95 16.95 16.94 16.93 16.96 16.94 16.96 16.97 16.96 16.94 16.72 16.48 16.89 16.89
16.67 16.84 16.76 16.88 16.89 16.87 16.86 16.98 17.04 16.91 16.85 16.80 16.84 16.85 16.81 16.86 16.90 16.87 16.91 16.79 16.89 16.84 16.88 16.83 16.70 16.74 16.79 16.77 16.76 16.89 16.82 16.71 16.65 16.66 16.49 16.52 16.67 16.70 16.70 16.72 16.60 16.64 16.91 16.94 16.88 16.80 16.71 16.72 16.77 16.75 16.63 16.67 16.61 16.61 16.63 16.65 16.66 16.63 16.69 16.77 16.79 16.72 16.77 16.88 16.90 16.92 16.94 16.96 16.87 16.95 16.92 16.94 16.76 16.64 16.67 16.72 16.86
16.64 16.74 16.80 16.85 16.92 16.85 16.80 16.93 16.81 16.77 16.89 16.86 16.84 16.81 16.81 16.80 16.83 16.85 16.90 16.92 16.85 16.86 16.88 16.84 16.75 16.72 16.74 16.68 16.80 16.83 16.85 16.78 16.70 16.70 16.62 16.51 16.75 16.72 16.72 16.62 16.59 16.72 16.86 16.88 16.88 16.86 16.83 16.75 16.72 16.68 16.63 16.52 16.49 16.53 16.60 16.62 16.67 16.58 16.76 16.74 16.79 16.87 16.88 16.89 16.88 16.89 16.90 16.74 16.70 16.68 16.64 16.74 16.82 16.82 16.82 16.69 16.72
16.72 16.78 16.81 16.83 16.80 16.81 16.76 17.00 16.73 16.76 16.80 16.83 16.81 16.84 16.81 16.82 16.77 16.80 16.89 16.86 16.75 16.84 16.85 16.87 16.74 16.69 16.70 16.51 16.58 16.80 16.84 16.72 16.71 16.68 16.56 16.43 16.63 16.67 16.65 16.58 16.58 16.70 16.73 16.81 16.85 16.81 16.83 16.87 16.73 16.63 16.59 16.65 16.56 16.52 16.52 16.53 16.59 16.79 16.81 16.83 16.85 16.88 16.87 16.86 16.88 16.89 16.90 16.71 16.83 16.81 16.79 16.54 16.78 16.82 16.84 16.77 16.75
16.71 16.69 16.73 16.78 16.77 16.57 16.70 16.93 16.79 16.69 16.77 16.81 16.80 16.78 16.81 16.76 16.81 16.81 16.81 16.71 16.77 16.80 16.83 16.82 16.72 16.69 16.59 16.44 16.55 16.79 16.72 16.74 16.72 16.67 16.46 16.51 16.50 16.65 16.59 16.55 16.52 16.65 16.78 16.76 16.74 16.70 16.79 16.75 16.66 16.61 16.56 16.61 16.61 16.61 16.61 16.57 16.69 16.85 16.74 16.73 16.85 16.87 16.85 16.84 16.84 16.85 16.87 16.79 16.84 16.82 16.81 16.76 16.75 16.75 16.80 16.84 16.76
16.85 16.67 16.71 16.77 16.68 16.54 16.69 16.91 16.70 16.75 16.80 16.81 16.87 16.82 16.79 16.79 16.78 16.73 16.85 16.79 16.73 16.79 16.84 16.80 16.71 16.74 16.70 16.54 16.54 16.80 16.73 16.68 16.74 16.66 16.46 16.59 16.66 16.67 16.27 16.53 16.54 16.71 16.76 16.77 16.69 16.68 16.71 16.65 16.62 16.61 16.64 16.67 16.64 16.76 16.72 16.69 16.58 16.71 16.64 16.58 16.83 16.86 16.83 16.81 16.83 16.84 16.85 16.78 16.81 16.81 16.83 16.80 16.81 16.81 16.79 16.81 16.78
16.86 16.71 16.74 16.75 16.70 16.52 16.66 16.87 16.90 16.77 16.78 16.75 16.75 16.81 16.79 16.77 16.54 16.66 16.80 16.82 16.78 16.83 16.81 16.80 16.82 16.64 16.48 16.62 16.55 16.60 16.40 16.65 16.73 16.68 16.61 16.55 16.63 16.45 15.83 16.44 16.59 16.62 16.74 16.74 16.69 16.67 16.65 16.65 16.65 16.69 16.67 16.67 16.73 16.73 16.77 16.77 16.81 16.75 16.65 16.71 16.77 16.82 16.81 16.82 16.81 16.82 16.85 16.68 16.78 16.80 16.80 16.79 16.78 16.80 16.81 16.83 16.79
16.79 16.75 16.74 16.73 16.67 16.70 16.69 16.83 16.81 16.72 16.74 16.74 16.75 16.70 16.73 16.71 16.50 16.81 16.78 16.74 16.83 16.81 16.77 16.78 16.71 16.65 16.65 16.51 16.31 16.37 16.40 16.44 16.64 16.67 16.66 16.69 16.71 16.45 16.20 16.24 16.56 16.53 16.69 16.70 16.69 16.65 16.61 16.67 16.73 16.72 16.78 16.78 16.81 16.82 16.77 16.83 16.69 16.55 16.68 16.70 16.74 16.78 16.80 16.77 16.78 16.82 16.69 16.69 16.76 16.75 16.75 16.74 16.76 16.76 16.73 16.75 16.73
16.84 16.81 16.70 16.72 16.65 16.73 16.73 16.75 16.77 16.72 16.72 16.66 16.73 16.70 16.65 16.67 16.59 16.68 16.76 16.74 16.74 16.72 16.75 16.67 16.68 16.73 16.45 16.52 16.50 16.43 16.46 16.61 16.70 16.62 16.66 16.70 16.65 16.42 16.45 16.29 16.50 16.52 16.58 16.65 16.65 16.68 16.64 16.69 16.60 16.70 16.76 16.81 16.79 16.56 16.78 16.84 16.76 16.60 16.72 16.76 16.79 16.78 16.78 16.79 16.80 16.74 16.72 16.73 16.75 16.71 16.71 16.72 16.73 16.73 16.72 16.75 16.73
16.82 16.87 16.74 16.71 16.67 16.70 16.69 16.74 16.84 16.79 16.63 16.74 16.70 16.64 16.63 16.64 16.67 16.75 16.77 16.71 16.73 16.74 16.77 16.60 16.72 16.73 16.72 16.55 16.61 16.60 16.60 16.68 16.70 16.61 16.56 16.58 16.55 16.52 16.61 16.55 16.56 16.49 16.50 16.60 16.66 16.66 16.64 16.47 16.47 16.56 16.63 16.64 16.53 16.58 16.74 16.81 16.79 16.68 16.66 16.69 16.71 16.76 16.77 16.72 16.74 16.72 16.67 16.70 16.67 16.68 16.71 16.71 16.71 16.69 16.66 16.69 16.73
16.64 16.67 16.73 16.67 16.61 16.70 16.66 16.67 16.70 16.92 16.51 16.68 16.61 16.64 16.56 16.67 16.66 16.67 16.63 16.66 16.41 16.67 16.72 16.63 16.64 16.71 16.65 16.47 16.53 16.59 16.52 16.62 16.65 16.64 16.64 16.64 16.67 16.67 16.68 16.66 16.59 16.50 16.42 16.43 16.51 16.57 16.62 16.45 16.41 16.50 16.23 16.29 16.40 16.51 16.75 16.77 16.76 16.51 16.65 16.68 16.71 16.72 16.74 16.67 16.63 16.62 16.70 16.69 16.67 16.66 16.69 16.66 16.66 16.66 16.64 16.68 16.69
16.72 16.71 16.68 16.74 16.69 16.69 16.60 16.63 16.70 16.49 16.56 16.62 16.54 16.51 16.69 16.67 16.66 16.71 16.71 16.63 16.61 16.60 16.66 16.66 16.63 16.68 16.62 16.60 16.61 16.67 16.60 16.63 16.62 16.64 16.64 16.64 16.67 16.67 16.66 16.65 16.64 16.55 16.48 16.40 16.54 16.47 16.49 16.49 16.24 16.33 16.43 16.31 16.41 16.41 16.74 16.76 16.72 16.65 16.61 16.62 16.65 16.70 16.73 16.61 16.63 16.63 16.60 16.63 16.67 16.65 16.63 16.64 16.63 16.66 16.63 16.67 16.67
16.73 16.70 16.73 16.63 16.75 16.61 16.60 16.70 16.70 16.16 16.53 16.61 16.47 16.44 16.60 16.69 16.64 16.63 16.72 16.68 16.60 16.65 16.65 16.64 16.58 16.59 16.63 16.60 16.43 16.64 16.53 16.60 16.59 16.62 16.61 16.68 16.68 16.66 16.63 16.58 16.64 16.54 16.44 16.48 16.56 16.41 16.38 16.35 16.31 16.24 16.41 16.39 16.51 16.49 16.75 16.73 16.72 16.72 16.69 16.63 16.64 16.62 16.55 16.60 16.57 16.56 16.65 16.62 16.67 16.62 16.63 16.62 16.63 16.67 16.65 16.65 16.64
16.73 16.73 16.63 16.55 16.65 16.53 16.70 16.59 16.68 16.42 16.51 16.51 16.51 16.49 16.61 16.66 16.56 16.57 16.64 16.60 16.60 16.54 16.61 16.56 16.52 16.60 16.54 16.45 16.37 16.58 16.52 16.58 16.54 16.59 16.64 16.64 16.63 16.63 16.62 16.61 16.65 16.59 16.41 16.36 16.59 16.52 16.37 16.35 16.25 16.28 16.44 16.37 16.48 16.51 16.64 16.70 16.72 16.72 16.66 16.64 16.63 16.56 16.48 16.51 16.60 16.51 16.54 16.62 16.61 16.60 16.58 16.58 16.53 16.56 16.63 16.63 16.62
16.68 16.69 16.74 16.58 16.64 16.52 16.49 16.49 16.57 16.49 16.68 16.44 16.44 16.49 16.56 16.57 16.56 16.51 16.50 16.59 16.52 16.52 16.56 16.55 16.49 16.50 16.34 16.18 16.26 16.53 16.57 16.47 16.43 16.54 16.61 16.61 16.59 16.61 16.62 16.61 16.63 16.59 16.47 16.41 16.63 16.67 16.52 16.43 16.46 16.47 16.48 16.38 16.40 16.53 16.56 16.69 16.63 16.60 16.55 16.66 16.66 16.58 16.62 16.57 16.49 16.54 16.57 16.60 16.60 16.61 16.60 16.60 16.59 16.58 16.61 16.64 16.64
16.68 16.69 16.61 16.22 16.35 16.64 16.61 16.57 16.75 16.65 16.68 16.66 16.47 16.48 16.63 16.66 16.60 16.47 16.51 16.59 16.50 16.42 16.44 16.51 16.52 16.59 16.50 16.28 16.51 16.59 16.55 16.57 16.60 16.59 16.60 16.60 16.62 16.61 16.60 16.62 16.63 16.57 16.50 16.48 16.65 16.62 16.58 16.56 16.53 16.57 16.57 16.44 16.41 16.50 16.51 16.57 16.63 16.44 16.55 16.66 16.57 16.48 16.41 16.39 16.51 16.47 16.53 16.61 16.55 16.59 16.55 16.58 16.61 16.61 16.58 16.60 16.61
16.65 16.66 16.23 16.01 16.68 16.70 16.61 16.59 16.62 16.60 16.61 16.67 16.68 16.35 16.46 16.59 16.54 16.48 16.54 16.47 16.42 16.47 16.32 16.40 16.50 16.52 16.53 16.38 16.39 16.57 16.52 16.57 16.55 16.57 16.53 16.58 16.58 16.60 16.57 16.58 16.57 16.48 16.48 16.52 16.56 16.51 16.55 16.59 16.57 16.55 16.52 16.34 16.38 16.37 16.38 16.46 16.64 16.53 16.65 16.66 16.53 16.40 16.54 16.49 16.50 16.48 16.54 16.53 16.46 16.48 16.51 16.57 16.55 16.55 16.55 16.58 16.59
16.58 16.64 16.28 16.38 16.70 16.69 16.14 16.47 16.38 16.28 16.12 16.46 16.43 16.42 16.57 16.59 16.57 16.54 16.49 16.45 16.29 16.35 16.34 16.32 16.36 16.34 16.44 16.34 16.34 16.53 16.49 16.57 16.55 16.52 16.54 16.56 16.56 16.46 16.55 16.56 16.51 16.47 16.49 16.56 16.57 16.53 16.53 16.56 16.58 16.53 16.46 16.36 16.28 16.32 16.48 16.51 16.60 16.57 16.53 16.60 16.44 16.30 16.39 16.50 16.48 16.51 16.54 16.50 16.47 16.52 16.53 16.45 16.43 16.51 16.51 16.59 16.58
16.61 16.51 16.11 16.34 16.37 16.31 16.46 16.49 16.24 16.37 16.42 16.48 16.61 16.55 16.61 16.52 16.59 16.55 16.48 16.55 16.57 16.34 16.36 16.35 16.37 16.42 16.41 16.50 16.42 16.34 16.50 16.48 16.55 16.50 16.50 16.56 16.57 16.55 16.56 16.50 16.46 16.48 16.49 16.50 16.53 16.51 16.48 16.57 16.54 16.50 16.43 16.42 16.34 16.49 16.55 16.52 16.58 16.45 16.52 16.55 16.42 16.21 16.28 16.48 16.39 16.48 16.49 16.42 16.42 16.49 16.51 16.48 16.50 16.48 16.51 16.49 16.55
16.57 16.52 16.59 16.66 16.63 16.57 16.60 16.57 16.53 16.59 16.58 16.59 16.59 16.50 16.54 16.54 16.53 16.50 16.47 16.50 16.55 16.42 16.39 16.38 16.31 16.41 16.45 16.51 16.46 16.43 16.48 16.46 16.46 16.46 16.49 16.46 16.44 16.46 16.49 16.45 16.46 16.46 16.44 16.46 16.43 16.45 16.45 16.46 16.46 16.41 16.47 16.42 16.40 16.55 16.53 16.57 16.52 16.57 16.56 16.53 16.49 16.38 16.30 16.40 16.44 16.46 16.47 16.47 16.47 16.49 16.43 16.41 16.34 16.51 16.50 16.37 16.48
16.38 16.52 16.60 16.60 16.59 16.53 16.57 16.58 16.43 16.57 16.55 16.38 16.54 16.46 16.43 16.50 16.54 16.47 16.47 16.45 16.58 16.49 16.39 16.41 16.39 16.42 16.41 16.36 16.28 16.40 16.43 16.43 16.39 16.40 16.41 16.40 16.41 16.43 16.34 16.36 16.42 16.42 16.42 16.42 16.42 16.43 16.45 16.43 16.42 16.37 16.46 16.46 16.45 16.53 16.49 16.43 16.48 16.55 16.52 16.51 16.39 16.29 16.28 16.41 16.43 16.46 16.40 16.44 16.43 16.42 16.41 16.40 16.42 16.41 16.47 16.45 16.32
16.21 16.23 16.50 16.52 16.32 16.45 16.48 16.50 16.48 16.46 16.52 16.43 16.46 16.48 16.50 16.49 16.47 16.42 16.45 16.22 16.50 16.47 16.43 16.42 16.20 16.14 16.21 15.63 16.05 16.32 16.36 16.40 16.41 16.42 16.37 16.39 16.39 16.34 16.33 16.38 16.39 16.36 16.40 16.43 16.42 16.33 16.39 16.43 16.40 16.33 16.34 16.40 16.43 16.46 16.39 16.39 16.18 16.53 16.51 16.41 16.40 16.39 16.37 16.41 16.47 16.44 16.40 16.39 16.36 16.39 16.38 16.42 16.39 16.43 16.47 16.43 16.44
16.47 16.49 16.39 16.44 16.40 16.27 16.42 16.42 16.41 16.35 16.47 16.45 16.44 16.42 16.49 16.40 16.39 16.44 16.40 16.36 16.42 16.38 16.39 16.37 16.32 16.24 16.26 16.28 16.23 16.16 16.09 16.34 16.35 16.31 16.30 16.40 16.43 16.42 16.36 16.36 16.36 16.32 16.30 16.29 16.31 16.32 16.34 16.38 16.43 16.41 16.23 16.28 16.44 16.47 16.43 16.37 16.39 16.51 16.48 16.48 16.31 16.30 16.39 16.37 16.43 16.42 16.40 16.38 16.32 16.40 16.40 16.42 16.42 16.38 16.44 16.42 16.40
16.23 16.39 16.37 16.39 16.42 16.42 16.33 16.37 16.45 16.39 16.43 16.44 16.42 16.40 16.46 16.42 16.39 16.31 16.34 16.43 16.45 16.39 16.34 16.26 16.21 16.37 16.33 16.35 16.28 16.27 16.30 16.29 16.27 16.31 16.29 16.39 16.37 16.38 16.37 16.33 16.31 16.26 16.24 16.33 16.29 16.27 16.35 16.32 16.33 16.34 16.21 16.27 16.35 16.43 16.40 16.40 16.40 16.40 16.48 16.45 16.39 16.42 16.41 16.40 16.38 16.37 16.38 16.37 16.36 16.37 16.38 16.40 16.35 16.36 16.42 16.43 16.41
