files/bom_datasets/05.08.18.txt
ncols 839
nrows 679
xllcenter 112.0500
yllcenter -43.9500
cellsize 0.0500
nodata_value 99999.90
[rows 408 to 441 of 679, columns 231 to 307 of 839]
12.36 12.75 12.76 12.84 13.37 13.17 12.85 12.57 12.72 12.86 12.79 13.25 13.81 13.64 13.51 13.53 13.77 13.85 13.50 12.88 12.76 12.86 13.21 12.95 13.04 13.19 13.18 13.43 13.23 13.66 13.68 13.44 13.26 13.65 13.68 13.94 14.10 14.03 14.05 13.60 13.35 12.95 12.60 12.21 12.30 12.73 12.57 12.75 12.79 12.57 12.00 12.70 12.04 11.53 11.65 11.95 12.17 12.50 12.38 11.70 11.80 11.95 12.08 11.74 11.97 11.60 11.70 11.96 12.24 12.72 12.44 12.09 12.10 12.89 12.75 12.35 12.70
12.95 13.08 12.88 13.37 13.39 13.02 12.50 12.51 12.65 13.11 13.15 12.90 12.67 12.68 13.21 13.29 13.52 13.38 12.80 12.41 12.53 12.88 12.92 13.20 13.55 13.47 13.08 12.96 13.08 13.21 13.19 13.14 13.11 13.15 13.54 13.57 13.46 13.38 13.19 12.97 12.64 12.53 12.45 12.72 12.49 12.37 12.98 12.81 12.37 12.19 12.05 12.19 12.66 12.24 12.16 11.86 11.46 11.84 12.14 11.78 11.50 11.79 11.76 11.75 12.36 12.29 12.22 12.62 12.39 12.31 11.95 11.41 11.88 12.48 12.72 12.32 12.33
13.04 12.71 12.19 12.58 13.37 12.81 12.58 12.43 12.33 12.22 11.97 12.30 12.69 12.72 12.80 12.66 12.70 12.73 12.46 11.94 12.72 12.71 12.86 13.43 13.97 13.74 12.93 12.79 12.86 12.95 13.34 13.11 12.40 12.21 12.37 12.35 12.56 12.44 12.52 12.43 12.34 12.83 13.14 13.37 13.08 13.03 13.04 11.99 12.05 11.86 12.00 12.46 13.24 12.62 11.84 11.67 12.19 12.76 12.11 11.66 11.53 11.46 11.42 12.28 12.51 12.37 12.35 12.62 12.42 11.69 11.60 12.07 12.69 12.29 12.60 12.54 12.32
11.97 11.96 12.43 13.27 13.51 12.73 12.81 12.00 11.92 12.24 12.61 12.73 12.40 12.10 11.81 11.61 11.38 11.87 12.60 12.33 12.38 12.24 12.61 13.33 13.60 12.90 12.89 13.39 13.45 13.30 13.38 13.02 13.13 13.18 13.11 12.27 12.53 12.15 11.68 11.76 12.25 12.93 13.41 13.22 12.89 12.63 12.24 11.98 11.85 11.79 11.68 11.90 12.13 11.87 12.30 12.59 13.25 12.76 11.72 11.44 11.95 12.26 12.61 12.78 12.30 12.25 12.44 12.64 11.92 11.64 12.13 12.93 12.84 12.89 12.91 12.82 12.36
10.67 11.68 12.88 13.25 13.47 12.82 12.59 12.59 12.03 12.34 12.54 12.62 12.99 12.63 12.82 12.69 12.70 12.35 12.44 11.95 11.82 12.09 12.41 13.36 13.46 12.42 12.64 12.78 12.63 13.10 13.23 13.51 13.32 13.11 12.88 12.60 11.99 11.79 11.55 12.14 12.79 13.19 13.43 13.07 12.77 12.61 12.59 12.19 11.81 11.51 11.33 11.81 12.02 11.73 12.13 12.10 11.70 11.93 11.47 12.11 12.54 12.61 12.72 12.35 12.21 12.40 12.69 12.57 11.88 11.98 12.45 12.76 12.32 12.55 12.90 12.69 12.63
11.84 11.84 12.25 12.54 13.25 12.99 12.61 11.79 11.67 12.59 12.32 12.42 13.16 12.92 12.69 12.46 11.84 11.76 11.51 11.29 11.24 11.89 12.60 13.18 12.68 11.97 12.41 13.24 13.40 13.41 13.32 13.91 14.02 13.95 13.35 12.96 12.61 12.07 12.13 12.40 11.85 12.08 12.39 12.80 12.43 12.26 11.92 11.85 11.15 10.77 11.16 11.30 11.36 12.14 12.21 12.13 12.55 11.92 11.77 12.22 12.23 11.81 12.18 12.08 12.51 12.48 12.58 12.22 12.16 12.15 11.66 11.60 12.20 12.73 12.40 12.01 12.02
11.55 11.73 12.00 12.50 12.81 12.77 12.09 12.19 12.45 12.82 12.56 13.33 12.96 12.45 11.76 11.13 11.24 11.62 11.81 11.71 11.55 12.51 12.23 12.58 12.56 12.54 12.40 13.03 13.21 13.49 13.53 13.81 13.40 13.13 12.86 12.80 12.60 11.97 11.11 10.72 11.35 11.87 12.89 12.47 12.28 12.03 12.31 12.05 11.88 12.02 11.66 11.89 12.12 12.18 12.15 12.49 12.73 12.80 12.50 11.69 11.20 11.41 12.24 12.44 12.33 12.29 11.99 11.77 11.74 11.63 12.08 12.36 12.68 12.01 11.58 11.20 11.87
12.20 12.58 13.10 13.19 13.42 13.35 12.98 13.33 13.43 12.95 11.99 12.42 12.45 12.65 12.61 12.44 12.61 12.60 12.47 11.66 12.32 12.72 12.77 13.03 12.77 12.70 13.21 13.72 13.97 13.73 13.34 12.94 12.11 12.46 12.73 13.02 12.55 12.32 11.30 11.29 11.64 11.55 11.94 11.86 11.80 11.51 12.04 11.77 12.12 12.32 12.08 12.43 12.10 11.96 11.77 12.61 12.81 12.36 12.38 12.29 12.72 13.32 13.19 12.85 12.36 11.59 11.58 11.36 11.42 11.74 12.04 12.08 12.20 11.96 11.93 12.42 12.14
13.09 13.14 12.94 12.95 13.30 13.28 13.01 13.09 13.44 13.27 12.91 12.65 12.07 12.42 12.82 12.72 12.46 12.05 12.31 11.97 12.75 12.69 13.17 13.70 13.88 13.65 13.79 13.14 12.98 12.47 12.59 12.19 12.24 13.02 13.33 13.39 12.72 11.87 11.08 11.28 11.86 12.11 11.81 12.05 11.95 12.09 12.03 12.43 12.67 12.56 12.56 12.29 12.54 12.15 12.30 12.85 12.94 13.10 13.35 13.22 12.81 12.30 12.45 11.94 11.64 11.18 11.51 11.74 11.51 12.06 12.06 12.31 11.74 12.11 12.51 12.31 12.27
12.89 12.61 11.73 12.40 13.04 12.99 12.55 12.94 12.89 13.11 13.17 12.77 11.96 12.38 12.64 12.36 12.17 12.74 12.61 12.23 13.08 12.83 13.14 13.43 13.73 13.80 13.78 13.34 13.10 12.95 12.43 12.29 12.92 13.48 13.05 12.89 12.44 12.20 12.06 12.31 12.76 12.23 12.80 12.93 13.01 12.88 12.79 12.96 12.76 12.76 13.04 12.86 12.87 12.73 12.51 12.85 13.11 12.62 12.61 12.80 12.68 12.99 12.74 12.51 12.56 12.17 12.44 12.05 11.94 12.16 12.31 12.53 12.44 13.13 12.83 12.55 12.46
11.05 11.61 11.63 12.23 12.89 12.60 12.60 12.72 12.49 12.38 12.01 11.30 11.22 11.60 12.14 12.16 11.92 12.69 13.09 13.29 12.97 13.09 12.98 13.14 13.00 13.20 13.30 12.93 13.27 13.98 13.40 12.59 13.00 13.42 12.92 13.18 13.09 12.87 12.11 12.38 12.50 12.31 12.59 12.80 12.71 12.63 13.11 12.97 12.47 12.41 12.48 12.79 12.42 12.62 12.68 12.63 12.62 12.20 12.51 12.85 13.13 12.58 12.49 12.62 12.82 12.97 12.14 12.27 11.88 11.90 11.94 12.03 12.30 13.14 12.91 12.13 12.87
10.64 11.73 11.87 11.62 12.11 12.27 12.23 12.54 12.54 12.08 11.27 11.31 10.96 11.28 11.89 12.12 12.23 12.62 12.65 12.26 12.17 12.50 12.97 13.15 12.87 12.79 12.77 12.97 13.32 13.32 12.91 12.50 12.87 12.79 12.97 13.20 12.89 12.45 12.02 11.75 12.00 12.61 12.87 12.71 13.32 13.06 12.72 13.04 12.80 12.95 12.05 12.72 12.85 12.54 12.30 12.39 12.34 12.13 12.45 12.50 12.87 13.03 12.48 12.34 12.05 11.90 11.77 12.22 12.42 12.05 11.20 11.24 11.90 13.10 12.77 12.50 13.08
10.15 10.45 11.93 11.70 11.63 12.03 11.98 11.69 12.21 11.69 12.36 12.14 11.60 11.62 11.86 11.57 11.87 11.74 11.41 10.88 11.36 11.60 13.06 12.96 13.16 12.78 12.67 12.92 13.03 12.62 12.70 12.55 12.88 13.10 13.17 12.97 12.68 12.22 12.63 12.48 12.04 12.70 12.81 12.91 13.10 12.89 12.61 12.51 12.57 12.55 12.53 13.01 12.67 12.19 11.85 12.26 12.44 12.60 12.39 12.26 12.96 12.58 12.14 11.88 12.10 12.13 12.40 12.62 12.37 11.47 11.24 11.69 12.34 12.65 12.69 12.80 12.86
9.76 10.67 11.98 12.10 11.38 11.90 11.94 11.80 12.28 11.68 11.77 11.55 11.32 11.21 10.85 11.62 12.03 11.31 11.49 11.52 11.62 11.44 12.46 12.79 12.77 12.39 12.15 11.75 11.32 11.51 11.46 12.41 13.22 12.84 12.08 11.89 11.91 12.31 12.66 12.30 11.91 12.58 12.92 13.16 13.07 12.50 12.39 13.00 12.78 12.35 12.22 11.80 11.85 11.34 11.35 11.40 11.31 11.57 11.48 11.93 12.03 11.27 10.53 10.41 11.29 12.28 12.76 12.25 11.76 11.84 11.95 11.76 12.03 12.44 12.44 12.44 12.32
10.48 12.31 12.43 12.35 11.50 12.11 12.26 12.29 12.07 11.36 10.78 10.63 10.74 10.86 10.99 11.90 12.09 11.37 11.96 11.54 11.61 11.67 11.94 12.41 12.77 12.26 11.63 11.34 10.79 11.13 11.82 12.25 12.77 12.70 12.08 11.70 11.83 12.59 12.57 11.83 12.14 13.06 13.21 13.41 12.46 12.22 12.36 12.47 12.23 11.88 11.22 11.81 12.16 11.88 11.29 10.71 11.09 11.27 10.80 10.95 11.20 11.24 11.09 11.29 11.98 12.56 11.90 12.02 12.29 12.54 12.69 12.27 12.48 12.25 12.20 12.39 12.53
12.09 12.59 12.44 11.60 11.03 11.58 12.15 11.75 11.59 11.44 11.06 10.82 10.86 10.78 11.18 12.39 11.59 10.71 10.64 10.91 11.01 11.58 11.96 11.94 11.98 11.78 11.42 11.00 10.53 11.29 11.68 12.09 11.61 11.47 11.30 11.61 12.07 12.26 12.16 11.74 12.20 12.51 12.60 12.41 11.36 11.65 11.99 12.31 11.69 11.21 11.00 11.59 12.09 12.07 10.98 10.73 10.45 10.86 10.94 11.16 11.05 10.93 11.35 12.22 12.30 11.79 12.06 12.41 12.26 12.22 12.43 12.29 12.17 12.05 11.78 12.04 12.04
12.03 11.79 10.76 10.91 11.36 11.39 10.82 10.60 10.99 11.50 11.52 11.38 11.33 11.09 11.37 11.25 11.14 10.46 10.24 11.41 11.20 11.93 11.89 11.18 11.31 11.30 11.24 10.48 11.01 11.54 11.35 11.14 11.52 11.41 11.93 11.75 11.19 11.50 11.68 11.71 12.77 12.37 12.11 11.64 11.28 11.57 12.15 12.46 11.88 11.09 11.26 11.32 11.51 11.20 10.79 10.68 10.58 10.62 10.78 10.15 10.66 11.00 11.67 11.81 11.33 11.77 11.85 11.84 11.69 11.48 11.40 11.34 11.14 11.15 11.29 11.59 12.14
11.79 11.55 10.97 11.40 12.04 11.61 11.48 11.27 11.83 12.56 12.71 12.59 11.92 11.47 11.67 11.17 11.26 10.18 10.21 11.58 12.20 12.05 11.84 11.94 11.45 11.39 11.22 11.08 11.53 11.47 11.39 12.07 11.95 11.32 11.06 11.39 11.51 11.05 11.64 12.62 12.36 12.11 11.63 11.05 11.04 11.99 12.78 12.52 11.88 11.35 11.17 11.31 11.14 10.88 10.77 10.26 10.23 10.09 10.29 10.35 10.32 10.93 11.29 11.49 11.48 11.64 11.52 11.62 11.49 11.30 11.29 11.28 10.94 10.89 11.43 11.85 12.23
11.22 11.49 11.13 11.75 12.27 11.72 11.23 11.73 11.85 12.53 12.66 12.40 12.07 11.47 10.74 10.74 11.00 10.57 10.19 11.12 11.81 11.69 11.95 12.20 11.92 11.44 11.39 11.52 11.20 11.67 11.78 11.99 12.02 12.05 11.83 12.22 11.77 11.28 11.88 12.36 12.03 12.09 11.65 11.08 11.30 12.05 12.45 11.58 10.99 11.14 11.16 11.08 9.86 9.68 9.98 10.20 10.68 10.73 10.46 10.40 10.74 10.90 10.79 11.30 11.09 10.71 11.19 11.46 11.30 11.44 11.32 11.26 11.01 11.15 11.25 11.58 11.98
10.96 11.57 11.83 11.64 11.30 10.81 11.06 11.74 12.19 12.64 12.25 11.83 11.16 10.90 10.37 10.51 10.61 10.11 9.35 11.13 11.62 11.84 12.48 12.35 11.72 11.59 11.64 11.02 11.17 11.37 12.16 12.72 12.54 12.39 12.29 12.57 12.69 12.45 12.27 12.38 11.79 11.72 11.71 11.83 12.09 12.01 12.04 12.05 11.51 10.94 11.31 11.06 10.57 10.87 10.99 11.06 11.51 11.21 10.60 10.28 10.79 10.76 11.37 11.64 10.95 10.75 11.43 11.27 11.28 11.36 11.37 11.25 11.23 11.40 11.08 11.35 12.06
11.30 11.54 11.62 11.66 11.76 11.18 11.24 12.39 12.67 12.70 12.57 12.12 11.37 11.15 11.01 10.67 10.62 10.24 10.29 11.15 11.38 11.34 12.48 12.40 12.05 11.59 10.90 10.77 10.83 11.74 12.43 12.47 12.92 12.55 12.27 12.55 12.36 12.75 12.72 12.51 11.92 11.76 11.77 11.89 11.87 11.61 11.67 11.24 11.20 11.45 11.54 12.11 12.18 12.22 11.42 11.28 11.65 11.93 11.57 11.64 11.80 11.76 12.08 11.58 10.90 10.79 11.24 11.65 11.90 12.01 11.56 11.45 11.83 11.44 11.35 11.81 12.28
10.86 11.58 11.02 10.92 11.68 11.41 11.68 12.36 12.68 12.47 12.35 12.30 11.67 11.37 11.33 10.75 10.47 10.52 10.11 10.48 10.50 11.31 12.60 13.09 12.65 12.19 12.04 11.38 11.38 12.69 12.76 12.91 13.02 12.81 12.62 13.14 12.56 12.33 12.13 12.04 11.79 11.64 11.34 11.21 11.59 11.65 11.50 11.93 11.99 11.92 12.13 12.48 12.30 11.75 11.12 11.31 11.50 11.96 12.08 12.19 12.46 12.38 12.04 11.76 11.71 11.09 11.37 11.69 11.83 12.19 11.82 12.03 12.02 11.66 11.96 12.33 12.84
10.63 10.51 10.16 11.28 11.22 11.40 11.46 12.21 12.63 12.99 12.69 12.21 11.98 11.53 11.45 10.68 10.60 9.96 9.77 10.31 10.98 11.65 12.25 12.80 12.51 12.51 12.46 11.76 12.33 12.78 12.79 13.25 13.21 12.91 12.72 12.77 12.11 12.12 12.03 11.70 11.64 11.69 11.47 11.09 11.40 11.93 11.99 12.07 12.19 12.53 12.30 12.55 12.40 12.10 12.24 12.51 12.08 11.85 11.99 12.25 12.91 12.90 12.67 12.34 11.97 10.85 11.37 11.59 11.95 12.53 12.65 12.24 12.52 12.89 12.67 12.39 12.61
10.60 9.99 10.09 10.83 10.67 11.41 11.82 11.78 12.26 12.71 12.29 11.35 10.65 10.43 10.74 10.70 11.16 10.50 10.06 10.50 10.43 10.38 11.27 12.35 12.27 12.70 11.81 11.85 12.38 12.67 12.90 13.18 13.00 12.28 12.30 12.22 12.24 11.41 11.24 10.94 11.25 11.51 11.61 11.49 11.52 12.34 12.18 12.17 12.27 12.32 12.21 11.88 11.96 12.22 12.48 12.12 11.70 11.89 12.15 12.69 12.59 12.57 12.74 12.54 11.84 11.39 11.90 11.74 12.15 12.65 12.66 12.13 12.17 12.64 12.44 12.37 12.58
10.16 10.45 10.00 10.07 10.70 11.30 11.70 11.66 11.85 11.55 11.20 11.40 10.92 10.17 9.94 10.24 10.98 10.82 10.99 10.63 9.73 9.78 11.01 11.74 11.83 11.70 12.39 12.71 12.86 12.57 12.73 13.14 12.83 12.17 12.41 12.56 12.34 11.88 11.49 11.61 11.83 11.77 12.14 11.84 11.67 11.81 11.66 12.20 12.26 11.97 12.11 12.26 12.00 12.18 12.36 11.96 11.81 12.01 12.39 12.83 13.08 12.94 12.19 11.63 11.65 12.18 12.37 12.61 12.73 12.79 12.54 12.09 11.70 11.85 12.14 12.43 12.67
10.02 10.27 10.23 10.45 11.07 10.99 11.25 11.89 11.87 11.79 11.92 11.76 11.40 10.06 9.56 10.34 11.01 11.19 11.44 11.08 10.17 9.96 10.65 10.68 11.04 11.61 12.35 13.08 13.11 12.77 12.75 12.93 12.74 12.78 12.86 12.79 12.23 12.43 11.64 11.00 11.01 11.47 11.63 11.86 11.26 11.31 11.79 12.11 11.82 12.02 12.58 12.41 11.77 11.90 11.91 12.09 12.33 12.70 12.90 13.02 13.20 12.67 12.27 11.76 11.93 12.53 12.96 12.91 12.63 12.64 12.72 12.24 11.97 12.10 12.67 12.97 13.22
10.19 10.14 10.29 10.88 11.25 11.47 10.76 10.77 10.99 11.61 11.54 11.65 11.46 10.16 9.85 10.58 10.67 10.51 11.09 11.03 10.19 10.45 10.19 9.87 10.45 11.73 12.06 12.49 12.57 12.54 12.73 12.48 12.68 12.92 12.56 12.08 11.87 11.90 11.39 11.23 10.94 11.39 11.77 11.56 11.52 11.60 11.69 11.94 12.17 12.39 12.85 12.75 12.29 12.18 11.92 12.07 12.76 12.90 12.92 12.66 12.34 12.05 12.28 12.40 12.58 12.76 12.75 12.71 12.86 13.36 12.92 12.40 12.19 12.42 13.28 13.36 13.26
10.25 9.83 9.65 10.40 10.49 10.84 11.07 11.00 10.42 10.72 10.93 11.27 10.96 10.75 10.50 10.59 11.01 10.74 10.39 10.50 10.20 10.60 10.81 11.10 11.07 11.61 11.87 12.39 12.26 12.60 12.53 12.40 12.76 12.62 12.14 11.62 11.87 12.01 11.40 11.22 10.86 11.34 11.15 11.23 11.27 11.51 12.00 11.90 11.89 12.26 12.54 12.43 12.21 12.44 12.38 11.93 11.95 12.30 12.10 12.11 12.05 12.19 12.37 12.30 12.70 12.49 12.54 12.78 12.87 12.98 12.67 12.40 12.45 13.15 13.11 13.12 12.71
10.55 10.21 9.86 10.53 10.76 10.01 10.45 10.67 10.69 10.87 11.18 11.19 11.11 10.65 10.61 10.40 10.76 10.74 10.45 10.75 10.61 10.54 11.08 11.31 10.61 11.15 11.76 12.05 12.05 12.08 12.04 11.70 11.86 12.23 11.98 11.87 11.62 11.75 11.38 11.41 11.16 11.02 10.53 10.66 11.19 11.35 11.57 11.85 11.41 11.86 12.40 12.32 12.27 12.29 12.42 11.91 11.80 11.93 11.98 11.75 11.80 12.17 12.34 12.14 12.29 12.62 12.57 12.45 12.28 12.51 12.68 12.46 12.54 12.49 12.19 12.27 12.59
10.83 10.58 10.95 10.96 10.97 10.58 10.90 10.56 10.33 10.33 10.48 11.23 11.84 11.65 11.37 11.24 10.83 11.05 11.09 11.08 10.58 10.27 10.61 10.30 10.13 11.04 11.47 11.74 11.82 11.78 11.67 11.54 10.86 11.16 11.90 11.56 11.76 11.82 11.53 11.43 11.00 10.77 10.22 10.83 10.82 10.65 11.12 11.49 11.93 11.65 11.77 11.79 11.95 12.14 11.92 11.71 11.97 12.03 11.69 11.62 11.25 11.26 11.73 11.76 12.34 12.52 12.68 12.58 12.62 12.48 12.09 12.15 12.33 12.17 11.81 12.26 12.47
10.62 10.65 10.93 11.18 11.38 11.20 10.92 11.29 10.69 10.38 10.66 10.68 11.57 11.64 11.91 11.72 11.77 11.84 11.85 11.38 10.54 10.30 11.08 11.21 11.02 11.30 11.71 11.73 11.57 11.76 11.67 11.57 10.94 11.21 11.87 12.13 11.65 11.41 11.36 11.54 10.70 10.34 10.06 10.38 10.52 10.17 10.77 10.98 11.10 11.13 11.24 11.44 11.24 11.61 11.44 11.51 11.81 11.59 11.24 11.11 11.18 11.13 11.24 11.56 11.91 12.09 12.26 12.80 12.82 12.38 12.19 12.20 12.36 12.28 12.57 12.53 12.10
11.02 11.02 11.26 11.67 11.77 11.03 10.35 11.27 11.46 11.14 11.11 10.36 11.00 11.13 11.90 12.09 12.01 12.20 12.34 11.67 10.80 10.65 11.34 11.94 12.11 11.93 11.74 11.72 11.37 11.28 11.63 11.64 11.56 11.78 11.79 11.69 11.37 11.10 11.06 10.70 9.69 9.82 9.50 9.56 9.33 10.03 10.23 9.93 10.16 10.80 11.34 11.77 11.02 10.80 10.86 11.20 11.38 11.00 10.89 10.67 10.97 10.85 11.02 10.97 10.83 11.25 12.06 12.66 12.24 12.16 12.18 12.32 12.49 12.51 12.70 12.91 13.03
11.29 11.50 11.35 11.64 11.67 11.21 10.23 10.61 10.95 10.87 11.43 10.42 10.66 11.42 11.60 11.70 12.14 12.25 11.49 11.36 10.97 10.88 10.93 11.36 11.89 11.67 11.54 12.01 11.92 11.42 11.77 11.63 12.15 11.63 11.27 11.01 10.71 10.94 9.90 9.58 9.50 9.74 9.39 9.66 9.29 9.10 10.16 10.14 10.57 10.80 11.54 11.94 11.52 10.86 10.97 11.15 10.87 10.91 10.94 10.60 11.06 11.12 10.64 10.88 10.98 11.17 11.34 11.73 11.96 12.22 12.28 12.42 12.75 12.71 12.76 12.50 12.46
11.91 11.99 11.93 11.91 11.40 11.37 10.93 11.42 11.49 11.18 11.05 10.78 10.60 11.23 11.46 11.77 11.81 12.43 11.68 11.46 11.33 11.41 10.98 10.79 11.18 11.55 11.97 12.49 11.98 11.42 11.46 10.91 11.33 11.68 10.90 10.49 10.41 10.14 9.83 9.43 9.57 9.31 9.55 9.60 10.07 10.37 10.74 11.19 11.34 11.20 11.28 11.52 11.24 11.47 11.68 11.51 10.78 10.80 10.91 10.66 11.01 11.32 10.98 10.80 11.29 11.48 11.57 11.87 12.29 12.27 12.13 12.25 12.37 12.68 12.59 12.44 12.19
