files/bom_datasets/05.04.18.txt
ncols 839
nrows 679
xllcenter 112.0500
yllcenter -43.9500
cellsize 0.0500
nodata_value 99999.90
[rows 272 to 305 of 679, columns 616 to 692 of 839]
15.43 15.25 15.27 14.94 15.75 15.91 16.27 16.87 16.78 16.93 17.02 17.11 17.03 17.09 17.28 17.04 15.58 16.04 16.46 16.92 16.97 16.63 16.29 16.34 16.71 16.96 17.16 17.10 17.21 17.19 17.03 16.73 17.10 17.17 17.34 17.15 16.04 15.85 16.58 15.94 16.30 16.65 17.35 17.02 17.60 17.85 18.07 17.84 17.74 17.52 17.84 17.42 17.60 18.06 17.88 17.97 17.44 17.14 17.79 16.87 16.32 16.28 16.41 16.96 17.37 17.45 18.17 18.19 17.32 16.27 16.92 17.96 18.15 18.15 18.05 18.01 18.05
15.35 15.45 14.72 15.46 15.72 16.07 16.01 16.57 17.09 16.80 17.04 17.25 16.58 16.87 16.85 16.53 16.73 16.35 15.80 17.02 16.66 16.01 16.28 17.09 16.54 16.39 16.53 16.91 16.53 17.11 16.89 16.93 17.03 17.05 17.14 17.47 15.78 15.12 15.03 15.84 16.77 16.98 17.12 17.04 17.46 17.46 18.00 17.78 17.65 17.38 17.61 17.74 17.32 17.96 17.90 18.05 17.53 17.25 17.64 17.25 16.41 15.23 16.29 16.46 18.00 17.98 18.15 18.17 17.76 16.49 16.24 17.99 17.46 18.05 18.21 17.48 17.61
15.27 15.98 15.12 15.30 15.81 16.46 16.04 16.14 16.99 17.31 17.28 17.16 16.99 17.12 17.16 16.32 16.16 15.78 15.57 16.67 16.45 16.59 17.03 17.41 16.92 16.62 16.59 16.62 16.64 17.05 16.86 16.79 16.66 16.92 16.97 17.04 14.81 15.67 14.51 16.61 17.46 17.96 17.48 17.26 17.03 17.24 17.43 16.81 17.09 17.56 16.82 17.75 17.70 17.39 16.31 17.74 17.53 17.47 17.80 17.32 17.11 15.19 16.53 16.88 16.92 17.82 18.11 17.71 17.85 17.24 16.45 17.08 17.75 17.89 17.70 17.45 17.74
16.31 15.89 15.73 15.80 15.80 16.58 16.48 16.18 16.64 16.67 16.75 16.63 17.07 16.83 16.51 15.79 15.72 16.20 16.27 15.99 16.92 16.58 16.78 16.86 17.01 16.68 16.67 16.75 16.59 16.25 16.49 16.62 16.66 17.06 16.86 16.23 15.54 14.98 16.37 16.99 17.59 17.53 17.07 17.11 16.59 16.88 17.35 16.93 17.64 17.53 17.34 17.40 17.01 16.52 16.30 17.24 17.53 17.54 17.22 17.94 17.45 16.53 15.69 15.89 15.56 16.69 17.61 17.32 18.08 17.79 15.41 16.91 18.05 17.66 17.27 17.70 17.33
15.92 15.27 15.79 15.56 15.83 16.23 16.42 16.45 16.91 16.78 16.18 16.87 17.10 16.89 16.16 14.91 15.85 15.97 15.63 16.17 16.57 16.53 16.67 17.26 17.20 17.03 16.93 16.37 16.22 16.52 16.54 16.52 16.63 16.41 16.96 15.64 15.76 15.53 16.69 16.39 17.13 16.30 17.08 17.15 16.59 17.01 17.15 17.34 17.82 17.62 17.37 16.90 16.29 16.54 17.46 16.63 17.29 17.65 17.39 17.73 17.33 15.93 14.69 14.65 15.00 16.80 17.53 17.62 17.62 17.90 16.99 16.81 17.87 17.52 17.73 17.45 17.72
15.42 14.93 15.78 15.48 15.32 15.97 16.20 16.17 16.28 16.70 16.65 16.43 16.53 17.04 16.96 14.60 15.04 15.26 15.92 16.30 16.60 17.02 16.22 16.55 17.07 17.15 16.64 16.14 15.99 16.61 16.79 16.78 16.89 16.74 17.00 16.55 16.40 16.55 16.05 16.85 17.30 16.32 16.81 17.31 17.12 16.73 16.97 16.49 17.15 17.76 16.98 17.06 17.25 17.28 17.75 17.13 17.83 17.27 17.05 17.63 17.08 16.81 15.20 16.70 16.48 17.33 17.60 17.05 17.61 17.56 17.17 16.92 16.50 17.90 17.66 16.51 16.75
15.13 14.76 15.40 15.69 15.58 16.10 15.76 16.06 15.87 16.60 16.64 16.61 16.61 16.22 16.26 15.04 14.99 15.02 15.58 16.50 16.66 16.75 16.50 16.78 16.74 16.81 16.89 15.94 15.51 16.40 16.95 16.79 17.11 17.00 16.37 16.42 16.72 16.77 17.03 17.39 17.27 16.57 17.06 16.64 17.23 17.07 16.33 15.92 17.56 17.34 17.34 17.29 17.01 17.56 17.78 16.90 17.43 16.74 17.01 17.59 17.16 16.78 17.12 16.67 16.81 15.92 16.86 17.12 17.75 17.97 17.11 16.85 16.38 17.26 17.32 17.38 16.05
15.26 15.50 15.40 15.42 16.06 15.84 15.85 15.92 15.46 15.91 16.40 16.87 16.70 16.18 15.83 15.69 15.51 15.72 15.24 16.37 16.53 16.61 16.62 16.40 16.54 16.58 16.85 16.25 15.51 16.61 17.02 17.19 17.37 17.32 15.80 16.51 17.20 16.45 17.46 16.99 16.42 16.97 16.35 16.01 16.75 15.94 16.77 16.89 16.72 17.14 17.41 17.46 17.09 16.87 17.48 17.01 17.00 16.59 17.64 17.81 17.29 16.82 16.08 16.82 16.14 16.20 16.26 17.33 17.53 17.47 17.48 17.23 17.01 16.04 17.39 17.34 16.24
15.34 15.66 15.21 15.30 16.07 15.97 16.10 15.68 16.33 15.65 15.93 16.33 15.77 16.14 15.46 15.53 15.66 15.58 15.24 16.15 16.24 16.11 15.85 15.97 16.37 16.95 17.46 17.21 16.46 16.82 16.58 16.48 17.10 16.90 16.65 16.59 17.08 17.13 17.03 17.46 16.56 16.77 16.17 16.83 17.06 16.16 16.80 17.00 16.32 16.58 17.06 17.41 16.68 17.00 17.06 16.36 16.77 17.32 17.53 17.51 17.17 16.57 16.38 14.44 15.85 16.92 15.39 16.62 17.14 17.70 17.36 17.15 17.89 16.71 17.41 17.03 16.33
15.42 15.73 15.15 15.49 15.87 15.75 15.74 15.59 15.68 15.75 15.86 15.64 15.25 15.70 15.01 15.33 15.53 15.93 15.29 15.54 15.86 15.61 15.32 15.63 16.34 16.38 17.16 17.49 17.41 17.31 16.84 16.55 16.66 16.24 17.00 16.99 16.66 17.24 16.83 16.86 16.81 15.77 15.98 16.97 16.63 16.10 16.50 16.69 15.96 16.46 16.79 16.93 17.22 16.90 16.13 16.07 16.87 16.59 16.75 17.33 16.95 16.70 17.08 15.27 16.89 15.93 15.93 15.39 17.00 17.48 17.70 16.56 17.84 17.41 16.82 17.07 17.38
15.39 15.23 15.27 15.01 15.86 16.09 15.48 15.88 15.73 15.43 15.52 15.68 15.06 15.34 15.50 15.77 14.91 15.60 16.26 15.95 16.06 15.18 15.37 15.13 15.33 16.17 16.57 17.21 17.51 17.26 16.82 16.91 16.71 16.41 16.79 17.06 17.17 17.05 16.93 16.87 16.27 15.60 16.42 16.07 15.81 16.39 15.50 15.74 16.37 16.42 16.90 17.31 16.70 17.07 16.74 16.86 15.89 15.66 15.72 16.44 16.85 15.99 17.29 16.48 15.67 16.27 16.17 15.98 17.26 17.14 17.25 17.43 17.26 17.15 16.50 17.16 16.69
15.55 15.52 15.48 14.84 15.51 16.09 16.00 16.23 15.92 15.71 15.40 15.43 15.06 14.99 15.29 15.62 15.44 15.62 16.09 15.73 15.83 15.59 16.03 15.25 15.55 16.44 16.18 16.91 17.46 17.23 17.18 16.96 16.95 17.02 17.13 17.05 17.05 16.79 16.60 17.05 16.82 16.30 16.90 15.42 15.56 15.92 16.42 16.13 16.42 16.64 16.92 16.68 16.64 17.04 16.77 16.01 16.19 16.18 15.56 16.07 16.69 16.42 16.76 16.39 16.28 16.07 16.30 16.63 16.12 17.35 16.54 17.00 17.24 17.33 17.58 16.88 16.28
15.99 15.77 15.45 15.60 15.92 15.73 15.76 16.21 15.90 15.09 15.38 15.46 15.07 14.95 14.92 15.66 15.45 15.86 15.53 15.72 16.14 15.88 15.65 15.47 16.21 16.26 15.65 16.34 17.03 17.22 17.09 16.63 16.92 16.63 16.86 16.84 16.98 16.64 17.16 16.93 16.59 16.92 16.76 16.39 15.05 15.91 14.62 15.67 16.81 16.76 16.68 16.42 16.24 16.48 15.89 15.77 16.82 16.50 15.91 16.26 17.00 16.32 16.67 16.84 16.96 15.74 16.52 16.67 16.39 17.38 17.25 17.20 16.70 16.57 17.43 17.05 16.28
15.75 16.02 15.19 16.10 16.39 15.81 15.94 15.59 15.72 15.98 15.05 15.28 14.84 15.55 15.05 15.25 15.04 15.21 15.23 16.00 16.41 16.23 16.01 15.81 16.38 16.13 16.09 15.99 16.62 16.51 17.08 16.70 16.90 16.59 16.46 16.88 17.03 16.81 17.22 17.05 16.96 16.96 16.75 16.57 14.89 15.20 14.55 15.84 15.88 16.33 16.05 15.09 16.21 16.08 15.42 16.04 16.40 16.03 15.88 15.74 15.93 16.63 16.36 17.26 16.66 15.53 16.95 16.94 16.95 17.14 17.65 17.58 16.45 16.93 17.54 16.90 16.32
15.87 15.96 15.64 15.65 16.34 16.19 15.87 15.57 15.42 15.61 15.62 15.32 15.39 15.41 15.18 15.09 15.12 15.02 15.01 15.45 16.10 15.89 16.07 16.47 15.85 16.18 16.64 16.55 16.33 16.10 16.52 17.12 17.06 16.91 16.86 16.44 17.22 17.36 17.16 16.79 17.01 16.41 16.88 15.84 16.87 16.51 16.36 15.67 16.08 16.26 15.55 15.42 16.43 15.49 15.28 15.90 15.41 15.49 15.92 14.43 15.72 16.21 16.35 16.80 15.17 15.06 16.70 16.52 16.34 16.60 17.49 17.74 17.19 15.89 16.48 16.79 15.95
16.21 15.56 15.69 15.61 16.05 16.07 15.70 15.97 15.53 15.49 15.06 15.77 15.81 15.33 14.99 14.66 14.78 14.78 14.53 15.19 15.82 16.02 16.10 16.34 16.17 16.33 16.80 16.86 16.56 16.52 16.21 16.95 17.15 16.90 16.93 16.72 16.94 16.99 17.09 17.18 17.01 16.99 16.59 16.50 16.73 16.29 16.96 16.66 15.88 16.19 15.06 15.17 15.91 14.88 15.43 15.31 14.50 15.28 15.40 14.98 16.02 15.63 15.92 16.88 15.68 15.75 16.71 16.41 15.91 16.16 17.49 17.46 17.07 16.23 16.88 15.83 16.38
15.85 16.17 16.14 15.68 15.49 15.67 14.94 15.89 15.87 15.59 15.49 15.46 14.94 15.66 15.54 14.77 14.69 14.77 14.75 15.19 15.44 15.56 16.28 16.22 16.36 16.70 16.65 16.28 16.66 16.35 16.80 16.77 16.85 16.48 16.91 16.86 17.19 17.02 16.86 17.19 17.27 16.93 15.95 16.89 16.63 16.60 16.84 16.09 16.56 15.39 15.24 14.58 14.93 15.34 15.78 15.25 14.97 15.05 15.08 15.42 14.63 14.60 16.05 16.69 14.90 15.99 16.48 16.67 16.80 15.71 17.38 17.30 17.03 16.71 17.04 15.96 15.48
15.09 15.47 16.06 16.12 15.63 14.92 15.15 15.50 16.02 15.48 15.53 15.31 14.90 15.05 15.62 15.26 14.99 15.50 15.54 15.24 15.77 15.49 15.41 15.93 16.34 16.05 16.16 16.15 16.38 16.33 17.03 16.79 16.53 16.27 16.50 16.47 16.90 16.78 16.79 17.10 17.08 16.61 16.76 15.95 15.65 16.43 16.22 16.42 15.33 14.36 14.61 14.22 13.63 14.82 15.62 15.91 15.20 14.81 14.89 15.39 14.50 14.73 15.34 15.02 16.10 16.50 17.05 16.05 16.97 16.30 16.57 17.38 17.47 16.36 16.44 16.75 16.42
14.97 14.70 15.65 16.18 16.11 15.74 15.54 15.21 15.86 15.87 15.43 15.52 15.45 15.13 15.59 15.42 15.49 15.86 14.62 14.76 15.30 15.45 15.44 16.21 16.61 16.47 16.50 16.20 16.58 16.28 16.93 16.55 16.54 16.54 16.59 16.55 16.29 16.75 16.80 16.82 16.38 16.61 16.47 15.72 16.13 15.06 16.06 16.14 14.99 14.95 14.32 14.17 14.13 14.44 14.90 15.91 15.36 15.22 14.81 14.84 14.26 15.03 15.33 14.24 15.95 16.57 16.41 16.94 17.12 17.11 17.12 17.25 17.45 17.32 16.86 16.54 16.92
14.38 14.89 15.22 15.03 15.61 15.43 15.44 15.72 15.47 16.10 15.84 15.61 15.54 15.29 15.18 15.69 15.94 16.57 15.82 15.59 15.03 15.39 15.74 15.53 16.11 16.53 16.73 16.52 16.47 16.81 16.78 16.47 16.45 16.30 16.33 16.49 16.46 16.38 16.79 16.51 16.71 16.51 15.62 16.18 16.12 16.00 16.12 15.99 15.90 16.29 14.60 14.43 14.43 14.04 15.06 15.09 14.19 16.52 14.41 15.37 15.96 16.23 15.09 14.41 16.02 15.61 15.74 16.59 16.65 16.56 17.27 17.07 17.34 17.09 16.83 16.85 16.47
14.98 15.34 14.44 14.88 14.43 15.08 15.54 15.77 15.17 16.06 16.16 16.11 15.71 14.79 14.72 15.30 15.93 16.74 15.81 15.12 15.49 15.49 15.30 15.84 16.10 16.39 16.67 16.78 16.72 16.59 16.46 16.50 16.44 16.16 16.36 16.16 16.09 16.56 16.73 16.02 16.45 16.34 15.68 15.51 16.22 15.86 15.21 15.99 15.34 14.31 15.30 14.49 14.84 13.97 15.23 15.43 15.34 16.14 14.33 16.47 16.01 16.06 14.18 15.56 15.84 14.82 15.32 16.45 16.78 16.83 17.04 17.15 17.20 17.29 17.11 17.01 16.75
15.17 14.90 14.85 15.11 15.15 14.85 15.04 15.11 15.72 15.53 15.23 15.42 16.16 15.69 14.92 14.79 15.14 16.39 16.69 16.45 16.22 15.64 16.07 16.09 15.95 16.08 16.46 16.66 17.13 16.88 16.80 16.32 16.56 16.38 16.38 16.13 16.28 16.47 16.28 16.12 16.28 15.73 15.23 15.82 16.23 15.10 15.78 15.70 14.22 14.98 15.37 15.23 14.68 15.10 14.77 15.14 15.56 15.85 15.70 15.49 15.31 15.14 15.10 15.81 14.96 14.27 15.24 16.30 16.34 16.85 17.27 17.06 17.47 16.72 16.21 17.09 16.81
14.19 14.58 14.89 14.97 15.25 14.69 14.50 15.66 15.54 15.25 14.37 14.57 15.20 15.76 15.35 15.18 15.61 15.85 16.06 16.14 16.72 15.80 15.86 16.14 15.96 16.24 16.11 16.31 16.70 17.22 16.91 16.55 16.51 16.46 16.58 16.34 16.04 15.71 15.74 16.21 15.71 15.47 15.78 15.98 16.35 16.03 15.01 15.41 14.09 15.06 15.75 15.11 15.54 16.34 15.98 15.55 15.70 14.90 15.32 15.32 15.23 15.39 15.74 15.05 14.47 15.08 16.27 16.34 16.12 16.74 16.97 17.04 17.21 17.53 16.56 17.01 16.85
14.05 14.50 15.02 15.17 15.31 15.23 14.99 15.09 15.34 15.18 14.64 13.82 14.30 14.80 15.13 15.25 15.46 15.84 16.11 16.27 16.52 16.14 15.97 16.04 16.60 16.16 15.82 15.97 16.48 17.23 17.03 16.46 16.63 16.74 16.56 16.29 15.95 15.42 16.01 16.38 15.46 15.51 15.86 15.56 15.49 15.55 14.72 14.08 14.49 15.13 15.69 16.04 15.47 16.12 15.69 15.51 15.35 14.94 15.11 15.44 15.60 15.91 15.91 15.66 15.57 15.31 15.76 16.24 16.23 16.49 16.91 17.11 16.92 16.93 17.20 17.01 17.16
14.32 14.64 15.35 14.82 14.95 15.50 15.85 15.35 15.44 15.40 14.87 14.41 13.78 14.12 14.22 14.94 14.97 15.41 16.09 16.51 15.73 16.09 16.04 16.42 16.59 16.13 16.16 16.18 16.55 16.89 16.99 16.49 16.30 16.56 16.64 16.39 15.92 16.01 15.85 16.40 15.90 15.43 15.25 15.11 15.35 15.42 14.87 14.06 14.75 14.02 14.67 15.90 15.53 15.60 15.23 14.67 14.86 14.51 15.31 15.46 15.19 15.56 15.67 14.99 15.80 15.94 15.53 16.15 16.13 16.09 16.46 16.76 17.00 16.90 16.79 16.94 17.01
13.22 14.92 15.52 15.53 14.98 15.04 15.89 15.28 15.61 15.48 14.86 15.05 14.17 14.19 14.25 13.78 14.04 14.74 15.51 16.28 15.61 15.95 15.97 16.41 16.52 16.31 16.10 16.27 16.71 16.50 16.50 16.32 16.18 16.35 16.20 16.10 16.27 15.82 15.81 15.75 15.60 15.76 15.10 14.19 14.12 13.63 14.24 13.15 14.04 14.75 15.59 15.44 15.33 15.15 14.29 14.73 15.09 14.74 15.08 14.75 15.55 15.28 15.00 15.35 15.76 15.59 15.60 16.01 15.86 15.93 16.19 16.44 16.73 16.83 16.60 16.70 16.99
13.61 14.42 14.38 15.03 15.10 14.55 15.17 14.83 15.18 15.03 15.12 14.72 14.42 14.81 14.14 13.54 14.09 14.35 14.55 14.77 15.05 16.01 16.07 15.87 15.82 15.92 15.96 16.32 16.80 16.88 16.75 16.24 16.45 16.35 16.15 15.95 16.19 15.95 15.75 15.47 15.44 15.26 14.51 14.69 14.97 12.49 11.21 13.13 14.09 14.60 14.81 14.22 14.26 14.47 14.61 15.69 15.63 15.24 14.80 15.35 15.05 14.85 14.74 15.13 15.74 15.65 15.57 15.82 15.73 16.15 15.95 16.29 15.87 16.43 16.65 16.29 16.66
14.14 14.18 13.48 14.42 14.53 14.45 14.43 14.92 14.23 14.73 15.05 14.60 14.19 14.41 14.26 14.69 15.10 14.14 14.32 15.16 15.35 15.79 16.06 15.98 15.86 15.92 15.93 16.18 16.51 16.72 16.45 16.35 16.15 16.55 16.11 15.93 15.40 15.94 16.11 16.09 15.90 15.45 14.36 14.97 14.74 13.30 13.30 14.44 15.28 15.44 13.58 13.20 13.31 14.09 14.55 15.60 15.13 15.09 15.33 15.65 13.93 13.58 15.26 15.78 15.15 15.57 15.49 15.08 15.22 16.06 15.80 15.77 16.04 16.07 15.82 16.31 16.54
14.55 13.85 14.45 15.11 13.82 14.22 14.83 14.15 13.71 14.69 14.85 14.70 15.17 14.45 14.25 15.66 15.61 14.79 14.54 14.80 15.40 15.20 15.66 15.85 16.22 16.38 16.20 15.79 16.00 16.43 16.22 16.39 16.78 16.79 15.73 15.73 14.68 15.76 15.89 15.47 15.21 15.64 14.46 12.92 13.57 14.36 15.04 15.80 14.68 13.99 13.21 12.69 12.66 14.72 15.16 15.16 14.84 14.82 15.98 15.32 14.37 14.79 15.46 15.50 15.13 15.38 15.29 15.04 15.89 15.79 16.04 15.99 16.01 15.38 16.30 16.61 16.84
14.81 14.44 14.94 14.37 13.84 14.38 14.02 14.02 14.33 14.44 14.17 14.96 14.90 14.86 15.37 16.08 15.19 14.87 14.76 15.11 15.14 15.02 15.50 15.79 16.07 16.38 16.52 16.17 15.76 16.11 16.01 16.38 16.95 16.57 16.42 16.46 15.37 15.09 14.93 14.94 14.82 15.38 13.84 12.90 14.56 16.05 16.02 14.32 12.82 14.00 13.64 13.40 13.29 14.44 15.15 15.12 15.00 15.80 16.52 15.18 15.16 15.54 15.89 15.56 15.40 15.03 14.81 16.08 15.76 15.65 16.14 15.16 15.81 15.66 16.20 16.37 16.83
14.15 14.20 14.15 14.95 14.63 14.81 14.98 14.47 14.49 13.67 14.13 14.98 15.30 14.76 14.99 15.37 15.49 13.95 14.98 14.70 14.82 15.13 14.88 15.35 15.98 16.30 16.17 16.02 15.77 15.01 15.34 16.53 16.24 16.22 16.03 16.59 16.35 16.14 15.40 15.49 15.01 14.77 13.61 13.73 16.29 14.66 13.97 13.28 14.00 13.29 14.99 14.77 14.30 14.10 13.62 14.23 14.96 15.71 16.19 15.68 15.08 15.09 15.35 15.58 15.47 15.34 14.34 15.29 15.64 15.92 15.97 15.34 14.93 15.53 15.66 16.02 16.84
13.92 14.62 14.54 15.07 14.59 13.26 14.42 13.90 14.26 14.36 14.29 14.90 14.60 14.07 13.51 14.22 14.53 14.49 15.64 15.73 15.12 14.59 15.01 15.27 15.98 16.11 15.95 16.29 16.23 15.17 15.37 15.96 16.22 16.11 16.63 16.46 16.32 15.87 15.42 15.31 14.60 14.45 15.44 15.22 15.43 14.86 14.09 13.84 13.04 14.14 15.26 14.75 13.70 13.17 13.41 13.98 14.63 15.28 15.39 15.33 14.39 14.83 15.03 15.34 15.27 16.14 15.26 15.24 15.28 15.05 15.53 14.95 15.32 15.03 15.26 15.62 16.27
13.45 14.29 14.83 14.59 13.45 13.64 14.08 14.01 13.36 14.63 14.20 13.97 13.76 13.82 13.72 14.72 14.78 14.42 15.02 15.45 14.54 14.65 14.53 15.40 15.45 15.86 16.29 16.20 16.03 15.62 16.10 16.32 16.43 16.42 16.67 16.32 16.31 16.47 15.65 15.82 16.17 16.04 15.55 15.52 16.10 15.70 13.77 15.34 14.99 14.79 14.30 13.68 13.31 13.65 14.92 14.69 14.88 15.27 15.02 14.38 13.50 15.00 14.96 15.33 15.16 15.28 15.78 15.60 15.34 14.64 14.50 14.81 14.95 14.80 15.25 15.74 15.97
13.06 13.50 13.25 13.36 13.19 13.73 13.26 12.47 13.38 14.60 13.92 13.86 12.98 12.87 13.90 14.30 14.25 14.71 15.00 14.25 14.53 15.87 15.34 15.78 15.32 15.41 15.72 15.49 15.83 16.28 16.43 16.64 16.45 16.03 16.49 16.16 15.30 15.35 16.05 16.67 16.89 16.42 16.12 15.62 16.03 15.51 16.30 16.36 14.42 14.65 14.42 14.59 14.67 15.10 15.36 15.10 14.98 14.98 13.75 13.66 14.47 14.90 15.22 14.92 15.06 15.51 15.45 14.37 14.40 14.28 14.94 14.19 14.89 15.10 14.69 15.32 15.36
