files/bom_datasets/05.18.18.txt
ncols 839
nrows 679
xllcenter 112.0500
yllcenter -43.9500
cellsize 0.0500
nodata_value 99999.90
[rows 374 to 407 of 679, columns 539 to 615 of 839]
14.70 14.77 14.74 14.77 14.78 14.78 14.79 14.71 14.77 14.81 14.84 14.85 14.79 14.81 14.81 14.82 14.75 14.74 14.80 14.82 14.82 14.85 14.81 14.75 14.87 14.86 14.81 14.82 14.82 14.80 14.81 14.80 14.77 14.78 14.83 14.84 14.83 14.86 14.83 14.82 14.77 14.80 14.80 14.80 14.81 14.81 14.80 14.81 14.81 14.84 14.82 14.79 14.78 14.78 14.79 14.82 14.78 14.80 14.80 14.79 14.78 14.73 14.75 14.72 14.74 14.74 14.73 14.56 14.69 14.55 14.65 14.79 14.83 14.85 14.87 14.86 14.88
14.66 14.77 14.74 14.74 14.73 14.77 14.76 14.76 14.77 14.80 14.83 14.69 14.82 14.76 14.76 14.79 14.65 14.71 14.76 14.84 14.80 14.82 14.81 14.84 14.84 14.82 14.81 14.79 14.78 14.78 14.78 14.77 14.76 14.74 14.75 14.76 14.78 14.82 14.81 14.81 14.78 14.77 14.75 14.83 14.80 14.74 14.79 14.79 14.80 14.81 14.80 14.80 14.80 14.79 14.77 14.73 14.76 14.78 14.77 14.78 14.79 14.75 14.76 14.77 14.77 14.74 14.75 14.65 14.65 14.61 14.74 14.63 14.72 14.76 14.76 14.84 14.84
14.60 14.69 14.76 14.70 14.68 14.71 14.74 14.78 14.73 14.67 14.78 14.79 14.85 14.80 14.79 14.81 14.79 14.83 14.84 14.84 14.84 14.83 14.83 14.81 14.81 14.79 14.75 14.74 14.73 14.73 14.76 14.77 14.79 14.76 14.72 14.77 14.78 14.81 14.81 14.79 14.75 14.70 14.77 14.79 14.80 14.78 14.78 14.76 14.76 14.75 14.76 14.79 14.77 14.78 14.78 14.74 14.74 14.76 14.78 14.77 14.76 14.77 14.76 14.76 14.74 14.74 14.71 14.71 14.68 14.66 14.65 14.67 14.71 14.70 14.79 14.79 14.83
14.50 14.33 14.75 14.73 14.68 14.70 14.75 14.75 14.78 14.58 14.74 14.76 14.79 14.74 14.75 14.69 14.62 14.77 14.80 14.83 14.79 14.79 14.80 14.79 14.78 14.75 14.75 14.70 14.69 14.66 14.68 14.72 14.70 14.76 14.71 14.78 14.77 14.82 14.78 14.77 14.75 14.75 14.72 14.73 14.74 14.73 14.77 14.76 14.73 14.72 14.75 14.78 14.77 14.76 14.76 14.73 14.71 14.73 14.76 14.75 14.70 14.72 14.72 14.70 14.77 14.80 14.80 14.81 14.85 14.73 14.67 14.66 14.75 14.77 14.78 14.80 14.82
14.54 14.58 14.73 14.68 14.75 14.63 14.70 14.72 14.74 14.67 14.70 14.68 14.74 14.76 14.71 14.66 14.71 14.74 14.79 14.81 14.82 14.79 14.76 14.76 14.73 14.73 14.71 14.70 14.67 14.67 14.65 14.68 14.71 14.73 14.75 14.70 14.75 14.83 14.78 14.74 14.74 14.73 14.77 14.78 14.76 14.74 14.73 14.72 14.70 14.70 14.73 14.70 14.68 14.69 14.69 14.69 14.69 14.65 14.68 14.70 14.65 14.70 14.68 14.67 14.63 14.71 14.75 14.81 14.72 14.67 14.67 14.56 14.72 14.72 14.78 14.80 14.75
14.52 14.46 14.77 14.60 14.72 14.71 14.64 14.71 14.73 14.69 14.74 14.68 14.64 14.73 14.74 14.70 14.71 14.76 14.79 14.78 14.77 14.77 14.77 14.75 14.71 14.67 14.67 14.68 14.64 14.64 14.64 14.64 14.70 14.72 14.75 14.69 14.64 14.70 14.70 14.73 14.74 14.71 14.77 14.75 14.76 14.75 14.75 14.72 14.69 14.68 14.70 14.67 14.66 14.68 14.70 14.69 14.68 14.67 14.60 14.67 14.71 14.71 14.70 14.69 14.70 14.70 14.71 14.41 14.58 14.55 14.73 14.60 14.65 14.71 14.75 14.78 14.68
14.65 14.62 14.70 14.68 14.55 14.59 14.66 14.69 14.65 14.62 14.64 14.69 14.71 14.73 14.72 14.73 14.70 14.75 14.71 14.74 14.74 14.75 14.76 14.75 14.71 14.70 14.64 14.70 14.65 14.64 14.63 14.66 14.67 14.67 14.67 14.67 14.71 14.73 14.72 14.70 14.71 14.74 14.68 14.75 14.75 14.74 14.73 14.74 14.71 14.72 14.72 14.61 14.64 14.64 14.70 14.67 14.68 14.69 14.63 14.64 14.67 14.67 14.65 14.61 14.64 14.65 14.66 14.59 14.60 14.67 14.77 14.64 14.59 14.58 14.72 14.76 14.76
14.68 14.68 14.70 14.68 14.65 14.57 14.72 14.65 14.54 14.53 14.63 14.66 14.68 14.69 14.73 14.72 14.69 14.70 14.71 14.74 14.72 14.70 14.66 14.71 14.71 14.71 14.68 14.69 14.64 14.64 14.59 14.61 14.65 14.66 14.65 14.64 14.65 14.68 14.71 14.69 14.69 14.72 14.65 14.72 14.72 14.70 14.68 14.69 14.69 14.71 14.69 14.66 14.61 14.64 14.65 14.66 14.67 14.70 14.66 14.65 14.65 14.63 14.57 14.60 14.59 14.61 14.50 14.51 14.50 14.29 14.42 14.65 14.72 14.67 14.67 14.72 14.72
14.63 14.66 14.67 14.68 14.67 14.63 14.63 14.59 14.53 14.50 14.48 14.52 14.63 14.46 14.58 14.69 14.68 14.58 14.65 14.68 14.71 14.69 14.68 14.69 14.67 14.68 14.57 14.66 14.62 14.64 14.60 14.62 14.63 14.61 14.63 14.65 14.66 14.69 14.67 14.65 14.68 14.68 14.66 14.67 14.63 14.66 14.65 14.68 14.65 14.67 14.68 14.66 14.64 14.60 14.61 14.63 14.62 14.65 14.65 14.64 14.60 14.54 14.61 14.60 14.60 14.59 14.47 14.51 14.38 14.44 14.57 14.53 14.51 14.53 14.55 14.69 14.71
14.62 14.62 14.62 14.64 14.66 14.61 14.63 14.61 14.54 14.49 14.22 14.34 14.49 14.24 14.41 14.50 14.64 14.66 14.63 14.62 14.69 14.66 14.66 14.66 14.64 14.66 14.62 14.59 14.63 14.62 14.61 14.63 14.62 14.60 14.61 14.64 14.70 14.64 14.60 14.62 14.67 14.63 14.66 14.67 14.66 14.64 14.57 14.57 14.61 14.64 14.68 14.66 14.65 14.60 14.59 14.60 14.61 14.62 14.64 14.60 14.61 14.59 14.58 14.60 14.60 14.54 14.56 14.58 14.56 14.56 14.59 14.50 14.59 14.53 14.64 14.61 14.56
14.60 14.59 14.61 14.63 14.63 14.63 14.59 14.57 14.58 14.52 14.46 14.48 14.47 14.47 14.43 14.35 14.56 14.61 14.58 14.62 14.63 14.63 14.64 14.63 14.60 14.60 14.63 14.62 14.62 14.62 14.64 14.63 14.61 14.56 14.58 14.64 14.66 14.64 14.62 14.61 14.63 14.64 14.64 14.64 14.64 14.59 14.61 14.64 14.63 14.62 14.64 14.64 14.65 14.62 14.60 14.59 14.60 14.63 14.63 14.62 14.61 14.58 14.54 14.62 14.57 14.52 14.59 14.55 14.57 14.63 14.62 14.65 14.56 14.61 14.63 14.62 14.40
14.57 14.58 14.55 14.60 14.60 14.57 14.57 14.58 14.60 14.58 14.56 14.54 14.53 14.48 14.45 14.50 14.50 14.26 14.52 14.55 14.56 14.59 14.60 14.61 14.58 14.60 14.58 14.57 14.57 14.61 14.56 14.61 14.59 14.58 14.59 14.62 14.61 14.58 14.61 14.60 14.64 14.63 14.62 14.64 14.61 14.57 14.63 14.63 14.62 14.62 14.63 14.62 14.60 14.60 14.61 14.62 14.58 14.60 14.54 14.56 14.57 14.57 14.54 14.54 14.54 14.52 14.53 14.41 14.45 14.56 14.58 14.64 14.62 14.63 14.62 14.64 14.61
14.52 14.52 14.56 14.54 14.57 14.55 14.54 14.58 14.56 14.56 14.53 14.52 14.55 14.53 14.51 14.47 14.56 14.54 14.55 14.50 14.47 14.53 14.56 14.57 14.57 14.58 14.56 14.54 14.52 14.55 14.57 14.57 14.55 14.56 14.54 14.58 14.58 14.54 14.53 14.56 14.55 14.59 14.51 14.53 14.55 14.56 14.60 14.59 14.57 14.52 14.57 14.57 14.55 14.56 14.59 14.60 14.55 14.57 14.55 14.57 14.51 14.54 14.49 14.48 14.49 14.51 14.45 14.45 14.41 14.46 14.44 14.54 14.58 14.52 14.51 14.62 14.60
14.54 14.49 14.56 14.53 14.53 14.56 14.53 14.56 14.57 14.56 14.54 14.53 14.52 14.53 14.55 14.49 14.45 14.45 14.57 14.51 14.42 14.46 14.49 14.56 14.56 14.56 14.52 14.48 14.55 14.54 14.55 14.53 14.54 14.54 14.51 14.53 14.54 14.52 14.53 14.54 14.50 14.53 14.50 14.54 14.53 14.54 14.55 14.58 14.57 14.57 14.54 14.54 14.51 14.57 14.58 14.57 14.54 14.51 14.52 14.53 14.51 14.53 14.52 14.52 14.51 14.52 14.50 14.44 14.43 14.48 14.37 14.36 14.50 14.54 14.61 14.63 14.61
14.52 14.53 14.52 14.49 14.50 14.56 14.53 14.54 14.55 14.56 14.55 14.49 14.47 14.48 14.52 14.44 14.40 14.36 14.43 14.32 14.38 14.47 14.50 14.54 14.50 14.54 14.51 14.53 14.52 14.51 14.50 14.50 14.54 14.54 14.44 14.53 14.50 14.53 14.50 14.51 14.53 14.55 14.53 14.54 14.55 14.56 14.52 14.55 14.57 14.54 14.55 14.55 14.53 14.55 14.56 14.54 14.53 14.54 14.53 14.52 14.52 14.51 14.54 14.55 14.51 14.49 14.41 14.44 14.50 14.49 14.42 14.45 14.53 14.61 14.59 14.58 14.61
14.45 14.46 14.48 14.49 14.49 14.47 14.49 14.50 14.48 14.50 14.50 14.49 14.48 14.50 14.47 14.49 14.44 14.41 14.39 14.44 14.42 14.46 14.49 14.51 14.49 14.50 14.48 14.49 14.48 14.47 14.50 14.50 14.49 14.51 14.49 14.50 14.45 14.50 14.46 14.48 14.47 14.49 14.53 14.48 14.49 14.53 14.52 14.52 14.52 14.49 14.52 14.51 14.47 14.54 14.53 14.52 14.49 14.48 14.52 14.50 14.50 14.51 14.47 14.48 14.47 14.48 14.45 14.48 14.50 14.49 14.40 14.42 14.55 14.60 14.59 14.60 14.58
14.47 14.49 14.45 14.44 14.45 14.44 14.47 14.46 14.45 14.46 14.46 14.45 14.48 14.48 14.44 14.41 14.43 14.45 14.43 14.43 14.49 14.48 14.49 14.47 14.46 14.40 14.46 14.45 14.45 14.44 14.44 14.48 14.47 14.47 14.44 14.46 14.47 14.47 14.42 14.48 14.48 14.50 14.48 14.48 14.48 14.48 14.50 14.52 14.50 14.47 14.46 14.36 14.41 14.42 14.46 14.47 14.47 14.47 14.47 14.48 14.43 14.46 14.44 14.45 14.45 14.44 14.41 14.42 14.47 14.48 14.45 14.42 14.54 14.56 14.59 14.58 14.49
14.45 14.43 14.40 14.43 14.42 14.41 14.43 14.44 14.46 14.46 14.41 14.44 14.45 14.46 14.46 14.46 14.47 14.47 14.46 14.35 14.33 14.21 14.23 14.33 14.40 14.45 14.46 14.44 14.45 14.46 14.44 14.49 14.48 14.47 14.42 14.43 14.46 14.44 14.43 14.47 14.46 14.49 14.48 14.46 14.43 14.42 14.46 14.42 14.48 14.45 14.45 14.45 14.47 14.44 14.48 14.47 14.44 14.45 14.45 14.46 14.39 14.44 14.42 14.44 14.41 14.41 14.38 14.40 14.45 14.45 14.42 14.36 14.49 14.52 14.55 14.51 14.35
14.37 14.40 14.39 14.40 14.42 14.41 14.40 14.42 14.44 14.42 14.42 14.45 14.41 14.44 14.42 14.42 14.44 14.45 14.44 14.33 13.45 13.26 13.97 14.31 14.42 14.44 14.44 14.46 14.44 14.44 14.44 14.46 14.46 14.44 14.40 14.41 14.41 14.42 14.42 14.44 14.45 14.47 14.46 14.45 14.44 14.41 14.42 14.42 14.42 14.41 14.43 14.40 14.42 14.38 14.47 14.45 14.44 14.45 14.44 14.43 14.43 14.43 14.40 14.41 14.39 14.38 14.40 14.41 14.41 14.43 14.39 14.45 14.43 14.52 14.55 14.49 14.20
14.38 14.37 14.36 14.38 14.37 14.37 14.40 14.37 14.39 14.38 14.39 14.39 14.42 14.41 14.41 14.39 14.41 14.38 14.41 14.36 13.43 13.78 14.15 14.34 14.36 14.38 14.39 14.42 14.41 14.42 14.43 14.42 14.42 14.41 14.39 14.39 14.39 14.39 14.37 14.41 14.39 14.37 14.44 14.44 14.43 14.43 14.42 14.41 14.39 14.39 14.40 14.40 14.37 14.37 14.40 14.41 14.40 14.44 14.43 14.41 14.43 14.40 14.36 14.33 14.35 14.43 14.41 14.40 14.43 14.41 14.43 14.40 14.28 14.45 14.40 14.23 14.36
14.35 14.35 14.35 14.37 14.38 14.36 14.34 14.36 14.36 14.36 14.37 14.30 14.38 14.38 14.39 14.40 14.39 14.39 14.37 14.34 14.23 14.31 14.35 14.24 14.38 14.39 14.38 14.37 14.38 14.37 14.37 14.39 14.38 14.41 14.38 14.39 14.37 14.37 14.36 14.40 14.41 14.42 14.43 14.39 14.39 14.38 14.36 14.37 14.36 14.37 14.37 14.38 14.37 14.34 14.38 14.35 14.38 14.39 14.38 14.32 14.34 14.37 14.34 14.31 14.31 14.37 14.42 14.41 14.39 14.39 14.39 14.39 14.38 14.25 14.30 14.28 14.35
14.31 14.32 14.31 14.33 14.32 14.33 14.32 14.31 14.31 14.25 14.33 14.30 14.34 14.35 14.33 14.34 14.37 14.35 14.33 14.34 14.28 13.96 14.20 14.11 14.27 14.36 14.34 14.35 14.34 14.34 14.34 14.36 14.36 14.36 14.33 14.35 14.33 14.32 14.35 14.36 14.39 14.39 14.39 14.39 14.38 14.35 14.35 14.35 14.35 14.34 14.34 14.34 14.36 14.34 14.32 14.32 14.35 14.29 14.35 14.31 14.34 14.31 14.36 14.39 14.35 14.37 14.27 14.39 14.37 14.34 14.38 14.35 14.32 14.29 14.33 14.26 14.37
14.31 14.29 14.28 14.31 14.29 14.27 14.31 14.29 14.30 14.26 14.27 14.18 14.22 14.28 14.32 14.31 14.34 14.34 14.32 14.31 14.33 14.34 14.30 13.87 14.24 14.30 14.30 14.31 14.32 14.30 14.30 14.32 14.34 14.34 14.34 14.29 14.31 14.32 14.26 14.31 14.37 14.38 14.37 14.37 14.36 14.33 14.34 14.32 14.31 14.32 14.32 14.30 14.34 14.33 14.33 14.31 14.30 14.32 14.29 14.36 14.30 14.34 14.31 14.35 14.36 14.36 14.35 14.37 14.31 14.32 14.33 14.33 14.30 14.31 14.30 14.24 14.33
14.29 14.29 14.29 14.28 14.27 14.27 14.26 14.27 14.27 14.28 14.29 14.28 14.27 14.28 14.24 14.25 14.30 14.30 14.30 14.22 14.21 14.27 14.24 14.16 14.26 14.25 14.23 14.28 14.26 14.26 14.31 14.31 14.32 14.30 14.29 14.28 14.30 14.27 14.27 14.28 14.35 14.35 14.35 14.35 14.34 14.34 14.33 14.30 14.29 14.28 14.28 14.27 14.27 14.28 14.33 14.28 14.29 14.31 14.28 14.32 14.26 14.22 14.31 14.34 14.33 14.31 14.22 14.32 14.31 14.30 14.26 14.29 14.26 14.31 14.33 14.30 14.30
14.26 14.25 14.28 14.28 14.26 14.26 14.25 14.25 14.26 14.25 14.26 14.24 14.24 14.25 14.22 14.29 14.24 14.18 14.16 14.08 14.10 14.20 14.16 13.93 14.23 14.18 14.15 14.22 14.27 14.29 14.28 14.27 14.28 14.24 14.21 14.24 14.24 14.20 14.22 14.27 14.31 14.32 14.31 14.32 14.31 14.30 14.29 14.26 14.26 14.30 14.29 14.30 14.29 14.30 14.30 14.26 14.27 14.32 14.31 14.33 14.33 14.31 14.32 14.31 14.33 14.30 14.32 14.28 14.31 14.24 14.21 14.25 14.24 14.31 14.29 14.29 14.26
14.21 14.23 14.26 14.26 14.25 14.25 14.24 14.21 14.20 14.19 14.21 14.21 14.21 14.19 14.19 14.19 14.20 14.13 14.04 14.10 14.09 14.07 13.99 13.59 14.08 14.10 14.19 14.26 14.25 14.24 14.23 14.23 14.23 14.16 14.12 14.16 14.13 14.18 14.10 14.15 14.24 14.28 14.28 14.29 14.30 14.29 14.30 14.28 14.29 14.27 14.26 14.26 14.25 14.26 14.28 14.21 14.24 14.27 14.23 14.30 14.32 14.31 14.30 14.29 14.29 14.27 14.22 14.32 14.27 14.22 14.23 14.27 14.27 14.28 14.28 14.26 14.26
14.25 14.23 14.21 14.21 14.22 14.21 14.18 14.14 14.16 14.16 14.15 14.14 14.16 14.19 14.21 14.15 14.10 13.94 13.92 13.93 14.05 14.05 13.85 13.91 13.94 14.00 14.12 14.14 14.17 14.22 14.20 14.20 14.20 14.14 14.12 14.15 14.13 14.08 14.16 14.17 14.15 14.11 14.16 14.22 14.25 14.23 14.26 14.24 14.25 14.27 14.24 14.24 14.23 14.25 14.24 14.23 14.21 14.25 14.26 14.26 14.29 14.28 14.28 14.33 14.25 14.17 14.20 14.19 14.25 14.27 14.25 14.23 14.24 14.21 14.23 14.25 14.22
14.20 14.20 14.19 14.20 14.20 14.21 14.19 14.14 14.11 14.13 14.14 14.16 14.16 14.17 14.12 14.11 14.00 13.82 13.69 13.55 13.65 13.92 13.56 13.74 13.75 13.81 13.93 13.96 14.05 14.18 14.19 14.16 14.16 14.16 14.13 14.14 14.14 14.16 14.06 14.09 14.14 14.16 14.09 14.08 14.09 14.14 14.12 14.14 14.20 14.23 14.24 14.22 14.20 14.17 14.16 14.19 14.18 14.22 14.26 14.28 14.29 14.27 14.31 14.36 14.28 14.22 14.23 14.22 14.20 14.22 14.21 14.21 14.20 14.19 14.22 14.18 14.21
14.17 14.17 14.15 14.14 14.16 14.15 14.15 14.12 14.12 14.14 14.17 14.15 14.13 14.11 14.08 13.89 13.76 13.70 13.33 13.27 13.32 13.47 13.61 13.62 13.63 13.62 13.74 13.88 13.95 14.03 14.14 14.17 14.15 14.16 14.16 14.14 14.12 14.11 14.13 14.08 14.08 14.11 14.11 14.06 14.03 13.99 13.98 13.98 14.00 14.05 14.11 14.16 14.16 14.16 14.18 14.18 14.20 14.20 14.25 14.25 14.22 14.23 14.25 14.28 14.25 14.23 14.23 14.23 14.19 14.21 14.20 14.19 14.18 14.16 14.10 14.07 14.12
14.17 14.14 14.13 14.13 14.13 14.10 14.08 14.08 14.08 14.15 14.15 14.13 14.07 14.03 13.96 13.82 13.77 13.60 13.23 13.09 13.03 13.17 13.36 13.46 13.44 13.47 13.57 13.71 13.85 13.94 13.95 14.05 14.12 14.11 14.09 14.09 14.08 14.06 14.06 14.05 14.14 14.13 14.08 14.04 14.03 14.00 13.95 13.89 13.94 13.94 13.99 14.00 14.08 14.13 14.16 14.13 14.18 14.20 14.13 14.22 14.10 14.17 14.18 14.15 14.19 14.18 14.14 14.16 14.15 14.16 14.17 14.17 14.16 14.16 14.14 14.08 14.10
14.14 14.13 14.12 14.12 14.10 14.08 14.07 14.07 14.06 14.10 14.12 14.12 14.04 13.93 13.77 13.69 13.59 13.31 12.73 12.66 12.70 12.97 13.17 13.31 13.15 13.21 13.32 13.50 13.69 13.73 13.79 13.84 13.87 13.98 14.02 13.98 13.95 13.92 13.88 13.90 13.96 14.05 14.04 13.99 13.94 13.90 13.86 13.83 13.86 13.90 13.94 13.97 14.00 14.02 14.04 14.11 14.17 14.16 14.17 14.19 14.19 14.13 14.14 14.12 14.16 14.18 14.17 14.17 14.16 14.13 14.15 14.14 14.14 14.14 14.12 14.05 14.08
14.08 14.09 14.08 14.07 14.07 14.07 14.06 14.05 14.05 14.04 14.10 14.10 14.05 13.82 13.54 13.47 13.27 12.84 12.29 11.80 12.62 12.70 12.88 12.82 12.78 12.97 12.91 13.01 13.32 13.39 13.53 13.68 13.69 13.73 13.77 13.86 13.86 13.79 13.76 13.78 13.83 13.84 13.92 13.89 13.79 13.70 13.76 13.81 13.79 13.82 13.84 13.93 13.95 14.02 14.08 14.01 14.10 14.15 14.16 14.15 14.12 14.12 14.12 14.09 14.11 14.09 14.04 14.12 14.10 14.09 14.14 14.11 14.12 14.11 14.12 14.11 14.12
14.07 14.06 14.05 14.05 14.05 14.05 14.05 14.04 14.03 14.03 14.06 14.02 13.85 13.53 13.35 13.19 12.59 11.99 11.44 10.94 11.21 12.39 12.48 12.36 12.42 12.47 12.41 12.56 12.61 13.04 13.08 13.28 13.30 13.35 13.32 13.37 13.46 13.53 13.67 13.57 13.65 13.81 13.86 13.84 13.89 13.84 13.68 13.67 13.77 13.81 13.88 13.93 13.97 14.03 14.08 14.07 14.08 14.10 14.12 14.15 14.11 14.07 14.07 13.96 14.03 14.03 13.94 14.06 14.01 14.05 14.06 14.08 14.09 14.06 14.08 14.09 14.09
14.03 14.02 14.01 13.99 14.00 14.01 14.03 14.04 14.02 14.01 13.95 13.83 13.62 13.19 12.81 12.26 11.86 11.45 10.72 10.57 10.59 11.64 12.15 12.00 12.05 11.98 11.88 11.97 12.05 12.44 12.58 12.66 12.69 12.72 12.84 12.97 12.97 13.06 13.09 13.16 13.24 13.53 13.72 13.74 13.89 13.90 13.81 13.86 13.85 13.93 13.99 13.95 13.96 14.02 14.06 14.06 14.04 14.01 14.11 14.02 14.05 13.99 14.05 13.97 14.05 13.95 13.96 14.00 14.06 13.98 14.01 14.01 14.05 14.06 14.06 14.06 14.06
