files/bom_datasets/05.17.18.txt
ncols 839
nrows 679
xllcenter 112.0500
yllcenter -43.9500
cellsize 0.0500
nodata_value 99999.90
[rows 204 to 237 of 679, columns 539 to 615 of 839]
18.50 18.51 18.53 18.50 18.47 18.51 18.53 18.51 18.48 18.46 18.50 18.46 18.52 18.51 18.51 18.44 18.43 18.40 18.43 18.44 18.42 18.34 18.42 18.48 18.38 18.49 18.39 18.14 18.01 17.19 17.37 17.62 17.53 17.01 17.36 17.67 18.08 18.18 17.88 18.27 18.00 17.91 18.18 17.68 16.65 16.37 16.99 17.56 17.42 17.19 16.21 17.14 17.62 17.19 16.82 16.80 17.60 17.33 17.28 16.29 17.36 17.42 17.14 16.66 16.65 16.65 16.40 16.54 16.84 16.91 17.19 17.54 17.31 17.45 17.48 17.70 17.94
18.45 18.45 18.48 18.47 18.43 18.48 18.53 18.50 18.47 18.46 18.49 18.44 18.45 18.49 18.49 18.47 18.36 18.30 18.37 18.50 18.43 18.43 18.30 18.37 18.38 18.40 18.31 18.12 17.57 17.70 17.72 17.65 17.47 17.31 17.31 16.74 17.76 18.25 18.17 17.76 17.90 18.04 17.66 17.64 16.52 16.69 17.01 17.02 16.54 17.00 16.22 16.78 17.38 17.00 16.42 17.00 17.20 17.34 17.01 17.14 17.29 17.25 16.95 16.93 16.47 16.82 16.73 16.31 16.44 16.16 16.13 16.66 16.47 17.59 17.73 17.79 18.02
18.44 18.43 18.45 18.42 18.44 18.45 18.50 18.48 18.43 18.47 18.42 18.36 18.33 18.45 18.48 18.43 18.35 18.37 18.36 18.39 18.32 18.29 18.26 18.39 18.41 18.41 18.28 18.03 17.94 18.04 17.67 17.56 17.49 17.49 17.10 17.10 17.59 18.21 18.07 17.63 17.19 16.89 17.22 17.04 16.94 17.20 16.99 15.51 16.33 17.00 15.94 17.15 16.23 17.06 16.84 16.81 16.97 17.47 16.46 17.02 16.97 17.15 16.98 17.03 16.88 16.64 16.51 16.07 15.92 15.94 16.48 16.43 16.38 17.00 17.54 17.96 17.33
18.40 18.41 18.41 18.36 18.41 18.41 18.46 18.46 18.45 18.39 18.38 18.40 18.40 18.42 18.46 18.43 18.37 18.32 18.32 18.29 18.37 18.32 18.18 18.30 18.21 18.21 18.21 18.10 17.51 18.07 17.60 17.14 17.18 16.99 16.92 16.96 17.53 18.01 17.86 17.73 17.34 17.76 17.17 17.19 17.20 17.09 16.98 17.18 16.97 17.15 16.76 17.08 17.13 16.73 16.14 16.51 16.92 16.22 16.35 16.82 16.47 17.10 17.40 17.49 17.06 16.64 16.12 16.44 16.22 15.91 16.37 16.35 16.86 16.70 17.64 17.19 17.34
18.33 18.37 18.38 18.41 18.41 18.45 18.44 18.47 18.44 18.36 18.42 18.40 18.39 18.37 18.47 18.41 18.35 18.37 18.41 18.34 18.31 18.30 18.22 18.16 18.14 18.24 18.13 17.97 17.99 17.51 17.42 16.93 16.90 16.86 16.78 17.28 17.19 17.84 17.83 18.12 18.04 17.65 16.50 16.60 17.38 16.91 16.31 16.79 17.04 16.93 16.56 17.00 16.61 16.04 16.44 16.44 16.91 16.69 16.90 16.07 17.10 16.26 17.19 17.39 16.79 16.59 16.79 16.81 16.22 16.31 15.92 16.09 16.63 16.46 16.26 16.61 17.33
18.37 18.37 18.37 18.43 18.39 18.43 18.43 18.44 18.49 18.42 18.43 18.41 18.38 18.36 18.40 18.40 18.37 18.40 18.38 18.32 18.15 18.31 18.36 18.29 18.30 18.34 18.06 18.16 17.73 17.59 17.61 17.19 17.40 16.73 16.54 17.19 17.19 17.97 18.18 17.96 17.65 17.54 16.24 16.54 16.83 17.27 16.98 16.79 16.73 16.81 17.01 16.68 16.08 16.63 16.24 16.66 16.51 16.66 16.68 16.27 16.93 17.22 16.86 17.12 17.14 17.13 17.04 16.61 16.74 16.85 16.82 16.72 16.77 16.40 16.13 16.13 16.29
18.31 18.36 18.39 18.41 18.39 18.40 18.38 18.34 18.45 18.42 18.37 18.33 18.26 18.32 18.30 18.33 18.38 18.38 18.36 18.34 18.33 18.29 18.29 18.30 18.25 18.19 18.13 18.15 18.01 18.25 18.07 18.15 17.90 17.65 17.87 17.26 17.21 17.47 17.73 17.59 17.35 17.29 16.60 17.52 17.31 17.61 17.45 17.32 16.67 16.50 15.83 15.94 15.09 15.76 15.85 15.70 15.18 16.25 16.60 16.39 16.91 17.04 17.06 16.61 16.79 16.42 17.00 17.01 17.22 17.44 16.50 16.26 16.54 16.07 16.69 16.24 16.68
18.31 18.33 18.39 18.38 18.41 18.39 18.38 18.09 18.11 18.38 18.35 18.31 18.26 18.24 18.31 18.35 18.36 18.36 18.35 18.34 18.36 18.30 18.21 18.35 18.30 18.10 18.10 18.14 18.05 18.12 18.05 17.87 17.72 17.99 17.75 17.52 17.37 17.04 16.94 17.20 17.13 17.28 17.55 17.76 17.32 17.11 16.82 16.70 17.18 15.66 16.36 15.63 14.62 16.11 15.88 15.46 16.04 16.44 16.12 16.04 15.95 15.79 16.29 16.81 16.94 17.22 17.45 17.32 17.54 17.56 17.51 16.91 16.68 16.88 16.48 15.93 16.86
18.32 18.36 18.36 18.37 18.33 18.28 18.33 18.32 18.22 18.32 18.29 18.31 18.21 18.19 18.27 18.31 18.29 18.31 18.33 18.35 18.32 18.28 18.27 18.32 18.12 18.18 18.13 17.97 18.07 18.19 17.75 17.62 17.83 17.88 17.79 17.29 16.82 16.88 16.71 16.93 16.67 16.90 17.58 17.49 17.07 17.36 17.37 17.32 16.78 17.20 16.87 15.70 16.53 16.74 16.19 16.62 15.62 15.40 15.93 15.50 16.01 15.44 15.63 16.49 16.50 16.30 16.51 16.61 16.88 16.62 17.12 16.41 16.83 17.16 17.23 17.06 17.16
18.32 18.37 18.34 18.35 18.33 18.36 18.35 18.34 18.27 18.36 18.27 18.27 18.26 18.30 18.24 18.30 18.26 18.29 18.30 18.32 18.31 18.31 18.29 18.22 18.26 18.27 18.04 18.01 18.15 18.05 17.87 17.93 17.91 18.06 17.97 17.46 17.44 17.29 17.25 16.35 16.91 17.81 17.60 16.82 17.39 17.49 17.42 17.16 17.19 16.97 16.20 16.20 16.43 16.11 16.37 16.57 15.94 16.36 16.49 15.87 15.10 15.89 16.21 16.11 16.21 16.04 16.38 16.65 16.99 17.10 16.82 16.83 16.39 16.08 16.64 16.65 16.51
18.37 18.35 18.30 18.33 18.31 18.35 18.33 18.15 18.28 17.98 18.27 18.24 18.34 18.28 18.23 18.24 18.19 18.25 18.26 18.32 18.33 18.30 18.20 18.15 18.14 18.18 18.21 18.07 17.98 18.07 18.03 17.45 18.03 17.75 17.88 17.62 17.47 17.66 17.41 17.10 17.08 17.44 16.77 17.00 17.52 17.35 16.78 16.64 16.26 16.06 15.62 16.51 16.52 17.23 16.84 16.50 16.05 16.32 15.69 15.35 15.53 15.15 15.32 15.73 15.44 15.68 16.06 16.18 16.69 16.83 16.50 15.79 16.32 16.12 16.09 15.81 16.22
18.35 18.32 18.32 18.36 18.33 18.33 18.30 18.17 18.28 18.01 18.22 18.22 18.31 18.29 18.27 18.24 18.12 18.27 18.29 18.30 18.30 18.30 18.23 18.21 18.26 18.29 18.26 18.20 18.20 18.04 17.70 17.86 17.87 17.65 17.80 17.66 18.08 17.44 17.53 17.01 16.67 16.22 16.74 16.85 17.43 16.81 16.49 16.61 16.51 17.03 17.07 15.98 16.65 16.78 16.17 16.23 15.33 14.47 14.85 15.97 14.60 13.87 14.23 14.03 14.96 15.41 15.45 15.40 15.84 16.25 16.13 16.74 17.38 17.06 16.03 15.45 16.06
18.36 18.32 18.32 18.30 18.33 18.34 18.31 18.29 18.30 18.30 18.24 18.22 18.28 18.28 18.27 18.27 18.17 18.23 18.24 18.26 18.28 18.26 18.26 18.28 18.27 18.21 18.17 18.26 18.20 17.85 17.84 17.77 17.91 17.98 18.05 17.72 18.02 17.54 17.67 17.48 17.53 16.98 16.87 16.67 16.85 16.81 17.08 17.23 17.24 16.75 16.30 15.99 15.70 15.94 16.25 16.19 14.91 14.56 15.64 16.02 14.33 13.50 14.09 14.16 14.18 14.66 14.83 15.34 16.01 15.55 15.81 15.93 16.25 16.32 16.18 15.92 16.15
18.29 18.29 18.28 18.30 18.30 18.29 18.29 18.27 18.26 18.26 18.20 18.22 18.27 18.28 18.25 18.26 18.22 18.23 18.27 18.24 18.26 18.24 18.25 18.27 18.25 18.22 18.16 18.08 18.14 17.98 17.96 17.86 18.08 17.78 17.91 17.80 17.99 17.20 17.40 17.29 17.61 16.84 16.55 16.88 17.33 17.45 17.64 17.44 16.73 16.00 15.07 15.81 15.75 15.82 16.77 16.38 15.75 15.90 15.59 15.98 14.78 15.50 15.06 13.66 14.43 15.03 14.52 14.63 16.05 16.03 15.12 14.77 14.34 15.65 15.14 15.79 15.91
18.29 18.28 18.26 18.26 18.26 18.26 18.25 18.25 18.26 18.27 18.21 18.22 18.26 18.27 18.23 18.22 18.22 18.24 18.26 18.26 18.26 18.24 18.19 18.10 18.21 18.20 18.18 18.17 18.15 18.17 18.00 18.16 17.94 17.90 17.95 18.00 17.70 17.66 17.72 17.95 17.63 17.43 17.24 17.41 17.75 17.57 17.34 17.37 16.39 16.31 16.88 16.57 15.93 16.42 14.96 14.42 15.47 16.29 16.12 16.19 15.36 14.85 14.33 13.76 15.46 15.83 15.70 15.68 16.35 15.67 15.77 15.42 15.61 15.82 15.25 15.53 15.42
18.28 18.23 18.23 18.23 18.24 18.24 18.24 18.20 18.23 18.21 18.20 18.22 18.24 18.24 18.25 18.23 18.23 18.23 18.26 18.24 18.24 18.22 18.20 18.08 18.11 18.14 18.16 18.20 18.18 18.12 18.15 17.85 18.05 18.01 17.88 17.72 17.61 17.97 17.88 17.78 17.37 17.81 17.63 17.59 17.90 17.05 17.49 17.52 16.85 16.96 16.52 16.86 16.57 15.60 16.25 15.85 17.17 16.73 16.26 15.89 16.05 15.38 15.32 15.60 14.81 15.59 14.69 14.87 15.73 15.83 16.82 16.07 16.19 15.82 16.08 16.58 16.28
18.15 18.22 18.24 18.24 18.24 18.21 18.20 18.16 18.18 18.16 18.19 18.21 18.22 18.24 18.23 18.23 18.22 18.23 18.22 18.21 18.22 18.22 18.18 18.08 17.98 17.87 18.11 18.03 18.17 18.10 18.17 17.91 17.98 18.00 17.88 17.66 17.66 17.73 17.32 17.57 17.73 17.66 17.84 17.95 17.87 17.72 17.44 17.01 16.72 16.61 16.41 16.76 16.00 16.58 16.86 16.43 16.66 16.46 14.80 15.55 15.96 15.55 15.72 14.50 14.63 13.92 14.75 14.80 15.63 16.30 16.30 16.37 16.49 16.72 16.29 16.81 16.13
18.23 18.24 18.21 18.22 18.21 18.13 18.13 18.13 18.18 18.18 18.22 18.22 18.21 18.22 18.20 18.20 18.21 18.21 18.21 18.20 18.21 18.20 18.13 17.98 17.84 18.06 18.09 18.08 18.13 18.14 18.16 18.04 17.96 17.99 17.91 17.84 17.32 17.60 17.61 17.33 17.16 17.80 17.65 17.83 17.75 17.79 17.31 17.02 16.87 16.14 16.72 16.07 16.56 16.50 15.88 15.65 16.35 16.60 15.84 16.56 15.23 14.24 12.72 13.49 14.60 14.25 13.86 15.52 16.27 16.16 15.69 15.78 16.16 16.88 16.52 17.11 16.76
18.26 18.23 18.20 18.20 18.12 18.10 18.12 18.12 18.15 18.19 18.22 18.21 18.21 18.21 18.19 18.20 18.20 18.18 18.18 18.18 18.17 18.17 18.08 17.94 17.56 17.84 18.07 17.99 18.11 18.16 18.09 17.98 17.87 18.03 17.75 17.98 17.67 17.45 17.08 17.81 17.41 17.39 17.37 17.56 17.49 17.58 17.00 16.55 16.64 16.15 16.57 16.10 16.76 15.91 15.89 16.02 15.66 16.21 16.69 16.00 15.55 15.04 14.86 15.08 15.77 14.46 14.98 15.76 16.00 16.03 15.63 15.72 15.96 16.53 16.75 16.80 16.67
18.20 18.21 18.17 18.05 18.08 18.09 18.13 18.13 18.12 18.15 18.19 18.17 18.12 18.18 18.19 18.17 18.16 18.15 18.15 18.15 18.12 18.07 18.03 18.07 17.84 17.48 18.08 17.93 17.95 18.10 18.08 18.03 17.75 17.97 18.03 17.96 17.76 17.44 17.65 17.64 17.43 16.76 16.73 17.15 17.33 17.35 17.15 16.69 17.06 16.80 16.45 15.79 16.91 16.04 15.54 15.69 16.08 16.85 16.76 16.10 15.88 16.13 16.51 15.36 15.41 14.89 15.63 15.55 15.89 15.80 15.42 16.56 16.15 16.00 16.30 16.37 16.60
18.17 18.09 17.75 18.10 18.12 18.10 18.09 18.10 18.11 18.15 18.16 18.15 18.07 18.13 18.13 18.15 18.14 18.13 18.12 18.10 18.12 17.93 18.11 18.07 17.69 17.80 18.07 18.04 18.05 18.05 18.10 18.05 18.02 17.94 17.82 17.90 17.86 17.52 17.91 17.41 17.37 17.39 17.20 17.04 17.02 17.21 16.96 17.09 17.13 17.17 16.80 16.42 16.99 15.84 16.81 15.87 16.75 16.45 16.13 16.84 16.65 16.29 15.10 15.21 15.58 15.54 15.96 15.02 16.05 15.34 15.49 15.56 14.73 15.08 15.02 16.20 16.94
18.02 17.93 17.77 18.12 18.12 18.08 18.07 18.06 18.09 18.11 18.12 18.11 18.11 18.14 18.08 18.08 18.08 18.05 18.03 18.07 18.07 18.06 18.13 18.14 18.00 17.97 17.99 17.96 18.05 17.99 17.99 18.00 18.04 18.05 17.98 17.96 17.58 17.82 17.83 17.67 17.39 17.26 16.50 16.81 16.87 16.80 16.88 16.90 16.76 16.64 16.72 16.80 16.90 17.16 16.31 16.69 16.09 16.24 16.11 16.47 16.75 16.37 16.03 15.84 14.80 13.77 15.22 15.90 16.50 15.98 15.36 15.38 15.60 15.66 15.42 15.62 16.07
17.92 17.73 17.80 18.09 18.07 18.05 18.02 18.03 18.07 18.08 18.11 18.10 18.08 18.11 18.07 18.06 18.04 18.01 17.94 17.93 17.95 17.84 18.07 18.05 17.98 17.99 17.99 17.97 17.96 17.97 17.94 17.97 18.05 18.04 17.87 17.77 17.87 17.85 17.83 17.43 16.85 17.16 16.66 16.82 17.05 16.31 16.57 16.02 16.49 16.85 16.96 17.00 17.02 16.90 16.21 16.23 16.23 15.27 15.66 16.28 16.35 16.72 15.39 15.14 15.69 15.32 15.00 14.85 16.11 15.59 15.31 15.83 15.60 15.36 15.14 15.22 15.31
18.07 17.80 18.06 18.03 18.05 18.01 17.98 17.96 17.93 18.05 18.08 18.06 17.98 18.03 18.04 18.03 17.93 18.00 17.92 17.95 17.92 17.74 18.05 17.90 17.74 18.01 17.99 17.97 18.01 17.85 17.90 18.00 18.03 17.99 17.96 18.00 17.94 17.82 17.81 17.71 17.29 17.19 17.10 16.73 16.48 15.60 16.40 16.30 16.83 17.03 17.04 16.79 16.54 16.93 16.46 16.33 15.65 16.00 16.52 16.13 15.44 16.17 15.58 15.70 14.29 14.22 14.95 15.22 14.48 14.51 15.43 15.09 15.73 15.00 14.64 15.21 15.64
18.07 18.07 18.06 18.09 18.10 18.02 18.01 17.96 17.89 17.97 18.04 18.06 18.01 18.00 17.91 17.97 17.95 17.92 17.93 17.98 18.05 17.93 17.77 17.89 17.89 17.99 17.99 18.03 18.04 17.95 17.93 18.03 18.07 18.00 17.95 17.98 17.86 17.87 17.73 17.62 17.27 16.84 16.61 16.80 16.31 16.22 16.26 16.66 16.66 16.76 16.34 16.87 16.83 17.07 16.58 15.86 16.08 16.05 15.82 16.18 16.01 16.40 15.83 16.28 15.90 15.63 14.77 14.63 15.61 15.13 15.53 15.48 16.01 15.72 14.95 14.44 14.86
18.07 18.07 18.07 18.01 18.08 18.02 17.99 17.98 17.95 17.93 17.97 18.02 18.01 18.00 17.89 17.78 17.96 17.92 17.78 17.90 18.00 18.02 17.90 17.39 17.67 17.97 17.98 18.04 18.04 18.01 18.01 18.04 18.02 18.02 18.02 17.98 17.96 17.81 17.69 17.70 16.92 16.64 16.54 16.99 16.43 16.49 16.19 16.76 16.99 16.66 16.91 17.08 17.08 17.02 16.24 15.52 16.44 15.89 15.68 15.88 16.01 16.71 16.76 15.89 14.68 15.19 14.75 14.89 15.41 15.23 15.34 15.25 15.21 14.65 14.98 15.14 14.39
18.00 17.99 18.03 17.92 18.02 18.03 17.99 17.93 17.90 17.92 17.94 17.98 17.91 17.95 17.85 17.71 17.82 17.96 17.86 17.86 17.90 17.94 17.68 17.77 17.82 17.93 17.96 17.99 17.99 18.01 18.00 18.00 18.00 18.01 18.00 17.96 17.94 17.89 17.85 17.51 17.10 16.31 16.80 16.58 16.53 16.59 15.65 16.73 17.20 16.33 16.54 16.75 16.63 17.36 16.31 16.07 16.00 15.58 16.16 15.97 15.76 16.48 16.18 16.07 15.22 15.03 14.24 14.18 14.74 14.72 14.57 14.39 14.85 14.44 14.61 14.85 15.01
17.93 17.82 17.82 17.93 17.91 17.94 17.93 17.91 17.92 17.92 17.95 17.95 17.86 17.88 17.74 17.79 17.72 17.85 17.81 17.92 17.83 17.77 17.73 17.93 17.97 17.95 17.96 17.92 17.95 17.93 17.97 17.98 18.00 17.99 17.98 17.96 17.91 17.79 17.87 17.68 17.13 16.98 17.40 17.02 16.55 16.49 17.20 17.42 17.28 17.44 16.84 16.76 16.99 17.37 16.65 17.20 16.43 16.29 16.61 16.62 16.59 15.81 16.29 16.67 16.24 15.03 14.77 14.00 14.90 15.43 14.42 14.03 14.02 14.29 15.07 14.19 13.59
18.08 17.95 17.88 17.89 17.94 17.91 17.82 17.82 17.90 17.90 17.93 17.94 17.82 17.78 17.66 17.68 17.72 17.83 17.61 17.80 17.77 17.66 17.83 17.96 17.98 17.97 17.93 17.89 17.90 17.92 17.93 17.93 17.90 17.97 17.97 17.94 17.88 17.74 17.80 17.79 17.44 17.47 16.84 17.22 16.90 17.37 17.55 17.44 17.61 17.17 17.46 16.79 16.41 17.02 16.92 16.65 16.42 16.50 16.23 16.33 15.44 15.53 16.10 16.27 15.97 16.58 15.84 14.78 14.59 15.49 15.47 14.42 15.35 14.81 13.50 13.73 14.09
18.05 17.95 17.93 17.90 17.87 17.87 17.79 17.81 17.86 17.88 17.81 17.80 17.80 17.79 17.77 17.77 17.66 17.75 17.75 17.64 17.63 17.55 17.63 17.58 17.89 17.92 17.89 17.88 17.89 17.93 17.91 17.79 17.89 17.92 17.93 17.91 17.89 17.89 17.75 17.47 17.46 17.14 17.65 17.42 17.36 17.25 17.53 17.66 17.60 17.16 17.54 17.07 17.08 17.47 17.02 16.72 16.85 16.34 16.45 16.59 16.20 15.59 15.66 15.71 16.06 16.11 16.36 14.93 15.05 14.10 14.95 13.77 14.98 14.38 13.97 13.51 14.28
17.97 17.96 17.85 17.86 17.80 17.86 17.80 17.83 17.86 17.88 17.85 17.67 17.79 17.68 17.67 17.81 17.75 17.58 17.72 17.77 17.63 17.20 17.26 17.48 17.76 17.90 17.86 17.89 17.91 17.92 17.89 17.85 17.89 17.89 17.82 17.84 17.89 17.85 17.70 16.99 17.30 17.63 17.45 17.46 17.66 17.38 17.08 17.63 17.51 17.51 17.40 17.63 17.34 17.27 17.19 16.66 16.95 16.32 16.68 16.44 16.28 15.92 15.77 16.34 16.41 16.08 16.25 15.87 15.53 14.10 14.22 13.93 14.95 15.55 14.43 14.61 13.30
17.95 17.95 17.88 17.82 17.78 17.80 17.79 17.83 17.84 17.85 17.81 17.57 17.73 17.70 17.74 17.79 17.72 17.66 17.76 17.75 17.68 17.38 17.27 17.40 17.49 17.55 17.87 17.82 17.89 17.88 17.87 17.89 17.88 17.85 17.79 17.76 17.89 17.83 17.50 16.66 16.78 17.52 17.41 17.59 17.41 17.40 17.24 17.61 17.48 17.44 17.54 17.32 17.64 17.23 17.41 16.95 17.44 17.26 17.23 16.84 16.79 16.00 16.45 15.35 16.88 16.33 16.32 15.98 15.48 14.84 15.31 15.28 15.63 15.31 14.30 12.85 13.74
17.93 17.92 17.85 17.84 17.80 17.79 17.81 17.77 17.75 17.81 17.68 17.65 17.64 17.73 17.70 17.81 17.77 17.76 17.63 17.29 17.42 17.28 17.16 17.29 17.14 17.47 17.81 17.84 17.80 17.82 17.88 17.87 17.87 17.87 17.83 17.83 17.90 17.63 17.19 16.77 16.93 17.12 17.51 17.51 17.61 17.04 17.27 17.58 17.11 17.56 17.55 17.44 17.38 17.62 17.53 17.55 17.28 17.30 17.41 17.24 17.39 17.30 16.65 15.81 16.59 16.44 15.81 15.91 15.07 14.28 14.23 14.86 14.44 14.27 14.86 12.25 12.67
17.92 17.90 17.88 17.84 17.81 17.82 17.78 17.76 17.74 17.65 17.77 17.74 17.66 17.68 17.64 17.79 17.78 17.76 17.81 17.58 17.49 17.22 17.04 17.24 17.20 17.43 17.68 17.76 17.86 17.84 17.84 17.88 17.81 17.73 17.88 17.57 17.76 17.35 17.10 16.78 17.11 17.34 17.77 17.55 17.63 17.20 17.32 17.27 16.92 17.42 17.13 17.61 17.39 17.42 17.46 17.36 17.48 16.95 17.16 16.95 16.57 16.98 17.21 17.11 16.97 16.47 15.91 16.39 16.03 15.36 14.71 14.89 14.79 14.42 14.88 13.46 10.50
