files/bom_datasets/05.16.18.txt
ncols 839
nrows 679
xllcenter 112.0500
yllcenter -43.9500
cellsize 0.0500
nodata_value 99999.90
[rows 612 to 645 of 679, columns 693 to 769 of 839]
7.05 7.05 7.05 7.05 7.05 7.32 7.15 6.91 7.54 7.54 7.54 7.54 7.38 7.27 7.83 7.83 7.83 7.83 7.83 8.04 8.13 8.03 8.57 8.57 8.57 8.57 8.57 8.60 8.60 8.60 8.24 8.24 8.24 8.24 8.26 8.26 8.26 8.26 8.26 8.26 8.26 8.26 8.26 8.26 8.26 99999.90 99999.90 99999.90 99999.90 99999.90 99999.90 99999.90 99999.90 99999.90 99999.90 99999.90 99999.90 99999.90 99999.90 99999.90 99999.90 99999.90 99999.90 99999.90 99999.90 99999.90 99999.90 99999.90 99999.90 99999.90 99999.90 99999.90 99999.90 99999.90 99999.90 99999.90 99999.90
7.05 7.05 7.05 7.05 7.05 7.32 7.15 6.91 7.54 7.54 7.54 7.54 7.38 7.27 7.83 7.83 7.83 7.83 7.83 8.04 8.13 8.03 8.03 8.57 8.57 8.57 8.57 8.52 8.52 8.52 8.24 8.24 8.24 8.24 8.26 8.26 8.26 8.26 8.26 8.26 8.26 8.26 8.26 8.26 8.26 99999.90 99999.90 99999.90 99999.90 99999.90 99999.90 99999.90 99999.90 99999.90 99999.90 99999.90 99999.90 99999.90 99999.90 99999.90 99999.90 99999.90 99999.90 99999.90 99999.90 99999.90 99999.90 99999.90 99999.90 99999.90 99999.90 99999.90 99999.90 99999.90 99999.90 99999.90 99999.90
6.19 7.05 7.05 7.05 7.05 7.32 7.15 6.91 7.54 7.54 7.54 7.54 7.38 7.27 7.83 7.83 7.83 7.83 7.83 8.04 8.13 8.03 8.03 8.48 8.57 8.57 8.57 8.52 8.52 8.52 8.52 8.61 8.61 8.61 8.61 8.65 8.26 8.26 8.26 8.26 8.26 8.26 8.26 8.26 8.26 99999.90 99999.90 99999.90 99999.90 99999.90 99999.90 99999.90 99999.90 99999.90 99999.90 99999.90 99999.90 99999.90 99999.90 99999.90 99999.90 99999.90 99999.90 99999.90 99999.90 99999.90 99999.90 99999.90 99999.90 99999.90 99999.90 99999.90 99999.90 99999.90 99999.90 99999.90 99999.90
6.19 7.05 7.05 7.05 7.05 7.32 7.15 6.91 7.54 7.54 7.54 7.54 7.38 7.27 7.27 7.83 7.83 7.83 7.83 8.04 8.13 8.03 8.03 8.48 8.48 8.57 8.57 8.52 8.52 8.52 8.61 8.61 8.61 8.61 8.65 8.65 8.41 8.41 8.41 8.41 8.41 8.41 8.26 8.26 8.26 99999.90 99999.90 99999.90 99999.90 99999.90 99999.90 99999.90 99999.90 99999.90 99999.90 99999.90 99999.90 99999.90 99999.90 99999.90 99999.90 99999.90 99999.90 99999.90 99999.90 99999.90 99999.90 99999.90 99999.90 99999.90 99999.90 99999.90 99999.90 99999.90 99999.90 99999.90 99999.90
6.19 7.05 7.05 7.05 7.05 7.32 7.15 6.91 6.84 7.54 7.54 7.54 7.38 7.27 7.27 7.58 7.83 7.83 7.83 8.04 8.13 8.03 8.03 8.20 8.48 8.48 8.38 8.57 8.52 8.52 8.61 8.61 8.61 8.65 8.65 8.41 8.41 8.41 8.41 8.41 8.41 8.41 8.41 8.26 8.26 99999.90 99999.90 99999.90 99999.90 99999.90 99999.90 99999.90 99999.90 99999.90 99999.90 99999.90 99999.90 99999.90 99999.90 99999.90 99999.90 99999.90 99999.90 99999.90 99999.90 99999.90 99999.90 99999.90 99999.90 99999.90 99999.90 99999.90 99999.90 99999.90 99999.90 99999.90 99999.90
6.19 6.19 7.05 7.05 7.05 7.32 7.15 6.91 6.84 7.54 7.54 7.54 7.38 7.27 7.27 7.58 7.58 7.83 7.83 8.04 8.13 8.03 8.03 8.20 8.20 8.36 8.39 8.38 8.67 8.67 8.61 8.61 8.65 8.65 8.41 8.41 8.41 8.41 8.41 8.41 8.41 8.41 8.41 8.26 8.26 99999.90 99999.90 99999.90 99999.90 99999.90 99999.90 99999.90 99999.90 99999.90 99999.90 99999.90 99999.90 99999.90 99999.90 99999.90 99999.90 99999.90 99999.90 99999.90 99999.90 99999.90 99999.90 99999.90 99999.90 99999.90 99999.90 99999.90 99999.90 99999.90 99999.90 99999.90 99999.90
6.19 6.19 7.05 7.05 7.05 7.32 7.15 6.91 6.84 6.55 7.54 7.54 7.38 7.27 7.27 7.22 7.58 7.58 7.93 8.32 8.00 7.93 8.00 7.92 8.11 8.16 8.12 8.07 8.29 8.83 8.88 8.65 8.65 8.41 8.41 8.41 8.41 8.41 8.41 8.41 8.41 8.41 8.41 8.26 8.26 99999.90 99999.90 99999.90 99999.90 99999.90 99999.90 99999.90 99999.90 99999.90 99999.90 99999.90 99999.90 99999.90 99999.90 99999.90 99999.90 99999.90 99999.90 99999.90 99999.90 99999.90 99999.90 99999.90 99999.90 99999.90 99999.90 99999.90 99999.90 99999.90 99999.90 99999.90 99999.90
6.19 6.19 7.05 7.05 7.05 7.32 7.15 6.91 6.84 6.55 7.54 7.54 7.38 7.27 7.27 7.22 7.22 7.34 7.67 7.93 7.90 7.97 8.32 8.30 7.96 8.07 8.06 8.21 8.36 8.75 8.78 8.57 8.41 8.41 8.41 8.41 8.41 8.41 8.41 8.41 8.41 8.41 8.41 99999.90 99999.90 99999.90 99999.90 99999.90 99999.90 99999.90 99999.90 99999.90 99999.90 99999.90 99999.90 99999.90 99999.90 99999.90 99999.90 99999.90 99999.90 99999.90 99999.90 99999.90 99999.90 99999.90 99999.90 99999.90 99999.90 99999.90 99999.90 99999.90 99999.90 99999.90 99999.90 99999.90 99999.90
6.19 6.19 6.19 7.05 7.05 7.32 7.15 6.91 6.84 6.55 6.80 6.96 6.96 7.30 7.45 7.75 7.13 7.02 7.55 7.71 7.60 7.90 8.50 8.47 8.18 8.29 8.47 8.52 8.50 8.41 8.43 8.39 8.41 8.41 8.41 8.41 8.41 8.41 8.41 8.41 8.41 8.41 8.41 99999.90 99999.90 99999.90 99999.90 99999.90 99999.90 99999.90 99999.90 99999.90 99999.90 99999.90 99999.90 99999.90 99999.90 99999.90 99999.90 99999.90 99999.90 99999.90 99999.90 99999.90 99999.90 99999.90 99999.90 99999.90 99999.90 99999.90 99999.90 99999.90 99999.90 99999.90 99999.90 99999.90 99999.90
6.19 6.19 6.19 6.60 6.69 7.27 6.96 6.63 6.38 5.94 6.48 6.55 6.98 7.33 7.37 7.32 7.46 7.49 7.63 7.80 7.42 7.63 8.00 8.30 8.36 8.44 8.31 8.21 8.28 8.11 7.98 8.01 8.01 8.01 8.41 8.41 8.41 8.41 8.41 8.41 8.41 8.41 8.41 99999.90 99999.90 99999.90 99999.90 99999.90 99999.90 99999.90 99999.90 99999.90 99999.90 99999.90 99999.90 99999.90 99999.90 99999.90 99999.90 99999.90 99999.90 99999.90 99999.90 99999.90 99999.90 99999.90 99999.90 99999.90 99999.90 99999.90 99999.90 99999.90 99999.90 99999.90 99999.90 99999.90 99999.90
5.76 6.23 6.23 6.60 6.69 6.98 6.73 6.15 6.09 6.23 6.68 6.80 7.10 7.38 7.14 7.03 7.31 7.62 7.64 7.85 7.88 7.87 7.96 8.10 8.31 8.35 8.26 7.99 7.99 8.03 7.83 7.88 7.88 7.88 7.88 7.88 8.41 8.41 8.41 8.41 8.41 8.41 8.41 99999.90 99999.90 99999.90 99999.90 99999.90 99999.90 99999.90 99999.90 99999.90 99999.90 99999.90 99999.90 99999.90 99999.90 99999.90 99999.90 99999.90 99999.90 99999.90 99999.90 99999.90 99999.90 99999.90 99999.90 99999.90 99999.90 99999.90 99999.90 99999.90 99999.90 99999.90 99999.90 99999.90 99999.90
6.23 6.04 6.29 6.17 6.68 6.49 5.97 5.99 6.02 6.16 6.41 6.57 6.69 6.91 7.07 7.17 7.61 7.55 7.74 7.73 7.86 7.52 7.53 7.72 7.83 7.88 7.92 7.92 7.98 8.22 8.20 7.88 7.88 7.88 7.88 7.88 7.88 7.88 7.88 8.41 8.41 8.41 8.41 99999.90 99999.90 99999.90 99999.90 99999.90 99999.90 99999.90 99999.90 99999.90 99999.90 99999.90 99999.90 99999.90 99999.90 99999.90 99999.90 99999.90 99999.90 99999.90 99999.90 99999.90 99999.90 99999.90 99999.90 99999.90 99999.90 99999.90 99999.90 99999.90 99999.90 99999.90 99999.90 99999.90 99999.90
6.18 6.09 6.07 6.24 6.09 5.71 5.69 5.51 5.84 6.43 6.78 6.65 6.72 6.86 6.95 7.09 7.42 7.42 7.23 7.16 7.52 7.55 7.51 7.74 7.76 7.82 7.99 7.74 7.97 8.25 7.82 7.87 7.87 7.87 7.87 7.87 7.87 7.87 7.87 7.87 7.87 7.87 8.41 99999.90 99999.90 99999.90 99999.90 99999.90 99999.90 99999.90 99999.90 99999.90 99999.90 99999.90 99999.90 99999.90 99999.90 99999.90 99999.90 99999.90 99999.90 99999.90 99999.90 99999.90 99999.90 99999.90 99999.90 99999.90 99999.90 99999.90 99999.90 99999.90 99999.90 99999.90 99999.90 99999.90 99999.90
5.94 6.23 5.81 5.47 5.52 5.42 5.36 5.84 6.00 6.10 6.33 6.43 6.56 6.79 6.67 6.71 6.80 6.80 6.94 6.94 7.19 7.37 7.35 7.38 7.58 7.74 7.70 7.60 7.91 8.05 7.92 7.55 7.55 7.55 7.55 7.55 7.55 7.55 7.55 7.55 7.55 7.55 8.41 99999.90 99999.90 99999.90 99999.90 99999.90 99999.90 99999.90 99999.90 99999.90 99999.90 99999.90 99999.90 99999.90 99999.90 99999.90 99999.90 99999.90 99999.90 99999.90 99999.90 99999.90 99999.90 99999.90 99999.90 99999.90 99999.90 99999.90 99999.90 99999.90 99999.90 99999.90 99999.90 99999.90 99999.90
5.61 5.22 5.11 5.10 5.02 5.14 5.83 6.33 6.43 6.12 5.98 6.38 6.59 6.53 5.94 6.16 6.21 6.41 6.20 6.34 6.91 7.22 7.55 7.62 7.78 7.70 7.62 7.57 7.68 7.87 7.80 7.55 7.55 7.55 7.55 7.55 7.55 7.55 7.55 7.55 7.55 7.55 8.41 99999.90 99999.90 99999.90 99999.90 99999.90 99999.90 99999.90 99999.90 99999.90 99999.90 99999.90 99999.90 99999.90 99999.90 99999.90 99999.90 99999.90 99999.90 99999.90 99999.90 99999.90 99999.90 99999.90 99999.90 99999.90 99999.90 99999.90 99999.90 99999.90 99999.90 99999.90 99999.90 99999.90 99999.90
4.00 4.24 4.45 4.57 4.98 5.68 6.05 6.14 6.23 6.58 6.66 6.16 6.02 6.05 5.75 5.67 5.75 6.02 6.02 6.03 6.15 6.51 7.20 7.61 7.48 7.46 7.48 7.65 7.54 7.56 7.72 7.87 7.87 7.87 7.87 7.87 7.87 7.87 7.87 7.87 7.87 7.87 8.41 99999.90 99999.90 99999.90 99999.90 99999.90 99999.90 99999.90 99999.90 99999.90 99999.90 99999.90 99999.90 99999.90 99999.90 99999.90 99999.90 99999.90 99999.90 99999.90 99999.90 99999.90 99999.90 99999.90 99999.90 99999.90 99999.90 99999.90 99999.90 99999.90 99999.90 99999.90 99999.90 99999.90 99999.90
3.63 3.85 4.34 4.81 4.84 5.13 5.66 5.50 5.55 5.91 6.21 5.98 5.64 5.39 5.49 5.59 5.62 5.77 6.09 6.09 5.63 5.83 6.81 7.09 6.91 6.94 7.11 7.45 7.38 7.41 7.58 7.80 7.80 7.80 7.80 7.80 7.80 7.80 7.80 7.80 7.80 7.80 8.41 99999.90 99999.90 99999.90 99999.90 99999.90 99999.90 99999.90 99999.90 99999.90 99999.90 99999.90 99999.90 99999.90 99999.90 99999.90 99999.90 99999.90 99999.90 99999.90 99999.90 99999.90 99999.90 99999.90 99999.90 99999.90 99999.90 99999.90 99999.90 99999.90 99999.90 99999.90 99999.90 99999.90 99999.90
4.33 4.92 5.01 4.47 4.42 4.74 5.24 5.31 5.49 5.60 5.23 5.51 5.73 5.53 5.60 5.78 5.84 5.92 6.21 6.27 5.81 5.52 6.28 6.84 6.77 6.79 6.66 6.90 7.00 6.93 6.99 7.31 7.31 7.31 7.31 7.31 7.31 7.31 7.31 7.31 7.31 7.31 8.41 99999.90 99999.90 99999.90 99999.90 99999.90 99999.90 99999.90 99999.90 99999.90 99999.90 99999.90 99999.90 99999.90 99999.90 99999.90 99999.90 99999.90 99999.90 99999.90 99999.90 99999.90 99999.90 99999.90 99999.90 99999.90 99999.90 99999.90 99999.90 99999.90 99999.90 99999.90 99999.90 99999.90 99999.90
4.70 5.11 4.70 4.70 5.01 5.03 5.02 5.24 5.30 5.35 5.27 5.44 5.74 5.68 5.53 5.35 5.56 5.92 6.02 6.35 5.99 5.45 6.09 6.38 6.05 6.20 6.58 6.73 6.80 6.91 6.80 6.76 6.76 6.76 6.76 6.76 6.76 6.76 6.76 6.76 6.76 6.76 99999.90 99999.90 99999.90 99999.90 99999.90 99999.90 99999.90 99999.90 99999.90 99999.90 99999.90 99999.90 99999.90 99999.90 99999.90 99999.90 99999.90 99999.90 99999.90 99999.90 99999.90 99999.90 99999.90 99999.90 99999.90 99999.90 99999.90 99999.90 99999.90 99999.90 99999.90 99999.90 99999.90 99999.90 99999.90
3.97 4.07 4.29 5.13 5.25 5.09 5.19 5.12 5.09 5.09 5.07 5.25 5.31 5.42 5.46 5.53 5.54 5.46 5.82 6.46 6.31 5.61 5.63 6.16 6.21 6.32 6.70 6.58 6.63 6.68 6.79 6.80 6.80 6.80 6.80 6.80 6.80 6.80 6.80 6.80 6.80 6.80 5.26 99999.90 99999.90 99999.90 99999.90 99999.90 99999.90 99999.90 99999.90 99999.90 99999.90 99999.90 99999.90 99999.90 99999.90 99999.90 99999.90 99999.90 99999.90 99999.90 99999.90 99999.90 99999.90 99999.90 99999.90 99999.90 99999.90 99999.90 99999.90 99999.90 99999.90 99999.90 99999.90 99999.90 99999.90
3.25 3.94 4.48 4.48 4.39 4.60 4.89 4.87 4.58 4.55 4.74 4.83 4.99 5.31 5.55 5.86 5.70 5.67 5.88 6.18 6.53 6.12 5.80 5.74 5.85 6.23 6.52 6.67 6.73 6.80 6.90 7.13 7.13 7.13 7.13 7.13 7.13 7.13 7.13 7.13 7.13 7.13 5.26 99999.90 99999.90 99999.90 99999.90 99999.90 99999.90 99999.90 99999.90 99999.90 99999.90 99999.90 99999.90 99999.90 99999.90 99999.90 99999.90 99999.90 99999.90 99999.90 99999.90 99999.90 99999.90 99999.90 99999.90 99999.90 99999.90 99999.90 99999.90 99999.90 99999.90 99999.90 99999.90 99999.90 99999.90
3.67 4.01 3.64 3.28 3.68 4.10 4.29 4.46 4.42 4.47 4.74 4.83 5.04 4.98 5.29 5.68 5.53 5.74 5.92 5.89 5.86 5.85 5.57 5.63 5.87 5.60 5.98 6.56 6.37 6.27 6.66 7.24 7.24 7.24 7.24 7.24 7.24 7.24 7.24 7.24 7.24 7.24 5.26 99999.90 99999.90 99999.90 99999.90 99999.90 99999.90 99999.90 99999.90 99999.90 99999.90 99999.90 99999.90 99999.90 99999.90 99999.90 99999.90 99999.90 99999.90 99999.90 99999.90 99999.90 99999.90 99999.90 99999.90 99999.90 99999.90 99999.90 99999.90 99999.90 99999.90 99999.90 99999.90 99999.90 99999.90
3.22 3.42 3.05 2.93 2.99 3.01 3.19 3.51 4.33 4.74 4.76 4.93 4.91 4.73 4.95 5.33 5.33 5.52 5.49 5.56 5.33 5.66 5.86 5.73 5.58 5.59 5.93 6.18 5.78 5.88 6.38 6.89 6.89 6.89 6.89 6.89 6.89 6.89 6.89 6.89 6.89 6.89 5.26 99999.90 99999.90 99999.90 99999.90 99999.90 99999.90 99999.90 99999.90 99999.90 99999.90 99999.90 99999.90 99999.90 99999.90 99999.90 99999.90 99999.90 99999.90 99999.90 99999.90 99999.90 99999.90 99999.90 99999.90 99999.90 99999.90 99999.90 99999.90 99999.90 99999.90 99999.90 99999.90 99999.90 99999.90
3.22 2.92 2.88 2.93 2.55 2.58 3.06 3.68 4.36 4.33 4.34 4.54 4.35 4.38 4.80 4.90 4.84 4.74 4.73 4.81 4.70 5.06 5.41 5.55 5.39 6.01 5.81 5.46 5.52 5.72 6.18 6.89 6.89 6.89 6.89 6.89 6.89 6.89 6.89 6.89 6.89 6.89 5.26 99999.90 99999.90 99999.90 99999.90 99999.90 99999.90 99999.90 99999.90 99999.90 99999.90 99999.90 99999.90 99999.90 99999.90 99999.90 99999.90 99999.90 99999.90 99999.90 99999.90 99999.90 99999.90 99999.90 99999.90 99999.90 99999.90 99999.90 99999.90 99999.90 99999.90 99999.90 99999.90 99999.90 99999.90
2.74 2.92 2.88 2.17 2.29 2.57 3.40 4.13 4.24 4.07 3.97 3.92 3.72 4.00 4.22 4.47 4.43 4.30 4.27 4.18 4.68 5.10 5.20 5.40 5.27 5.42 5.27 5.33 5.21 5.41 5.92 6.19 6.19 6.19 6.19 6.19 6.19 6.19 6.19 6.19 6.19 6.19 5.26 99999.90 99999.90 99999.90 99999.90 99999.90 99999.90 99999.90 99999.90 99999.90 99999.90 99999.90 99999.90 99999.90 99999.90 99999.90 99999.90 99999.90 99999.90 99999.90 99999.90 99999.90 99999.90 99999.90 99999.90 99999.90 99999.90 99999.90 99999.90 99999.90 99999.90 99999.90 99999.90 99999.90 99999.90
2.61 2.20 2.20 2.50 2.79 2.93 3.38 3.31 3.71 4.10 3.49 2.83 3.47 4.24 4.48 4.41 4.06 3.65 3.86 3.84 4.32 4.79 5.12 5.04 5.04 5.11 5.13 5.36 5.50 5.58 5.93 5.94 5.94 5.94 5.94 5.94 5.94 5.94 5.94 5.94 5.26 5.26 5.26 99999.90 99999.90 99999.90 99999.90 99999.90 99999.90 99999.90 99999.90 99999.90 99999.90 99999.90 99999.90 99999.90 99999.90 99999.90 99999.90 99999.90 99999.90 99999.90 99999.90 99999.90 99999.90 99999.90 99999.90 99999.90 99999.90 99999.90 99999.90 99999.90 99999.90 99999.90 99999.90 99999.90 99999.90
3.80 2.63 2.63 3.01 2.79 2.93 3.82 3.15 3.23 3.50 2.83 3.09 3.71 3.94 3.64 4.11 3.98 3.81 3.90 4.01 4.05 4.33 4.53 4.34 4.47 5.01 5.24 5.83 5.71 5.55 5.93 6.21 6.21 6.21 6.21 6.21 6.21 5.26 5.26 5.26 5.26 5.26 5.26 99999.90 99999.90 99999.90 99999.90 99999.90 99999.90 99999.90 99999.90 99999.90 99999.90 99999.90 99999.90 99999.90 99999.90 99999.90 99999.90 99999.90 99999.90 99999.90 99999.90 99999.90 99999.90 99999.90 99999.90 99999.90 99999.90 99999.90 99999.90 99999.90 99999.90 99999.90 99999.90 99999.90 99999.90
3.62 2.02 3.09 3.01 3.97 4.18 4.18 3.63 3.34 3.02 2.86 2.95 3.12 3.48 3.35 3.38 3.45 3.95 4.07 4.13 4.15 4.21 4.01 4.19 4.43 4.65 4.86 5.47 5.62 5.55 5.45 5.45 5.45 5.45 5.26 5.26 5.26 5.26 5.26 5.26 5.26 5.26 5.26 99999.90 99999.90 99999.90 99999.90 99999.90 99999.90 99999.90 99999.90 99999.90 99999.90 99999.90 99999.90 99999.90 99999.90 99999.90 99999.90 99999.90 99999.90 99999.90 99999.90 99999.90 99999.90 99999.90 99999.90 99999.90 99999.90 99999.90 99999.90 99999.90 99999.90 99999.90 99999.90 99999.90 99999.90
0.85 2.54 4.16 4.20 3.97 3.73 3.44 3.23 2.72 2.79 3.02 2.79 3.36 3.13 3.20 3.53 3.93 4.13 4.14 4.10 4.22 4.15 4.11 4.25 4.20 3.98 4.17 4.59 4.92 4.92 5.12 5.12 5.12 5.26 5.26 5.26 5.26 5.26 5.26 5.26 5.26 5.26 5.26 99999.90 99999.90 99999.90 99999.90 99999.90 99999.90 99999.90 99999.90 99999.90 99999.90 99999.90 99999.90 99999.90 99999.90 99999.90 99999.90 99999.90 99999.90 99999.90 99999.90 99999.90 99999.90 99999.90 99999.90 99999.90 99999.90 99999.90 99999.90 99999.90 99999.90 99999.90 99999.90 99999.90 99999.90
2.11 3.60 3.60 3.04 3.49 4.06 2.91 2.85 2.72 2.79 3.02 2.81 2.96 3.38 3.57 3.34 3.43 3.74 3.77 4.17 4.34 4.07 3.96 4.14 3.73 3.57 4.17 4.50 4.92 4.92 5.12 5.12 5.26 5.26 5.26 5.26 5.26 5.26 5.26 5.26 5.26 5.26 5.26 99999.90 99999.90 99999.90 99999.90 99999.90 99999.90 99999.90 99999.90 99999.90 99999.90 99999.90 99999.90 99999.90 99999.90 99999.90 99999.90 99999.90 99999.90 99999.90 99999.90 99999.90 99999.90 99999.90 99999.90 99999.90 99999.90 99999.90 99999.90 99999.90 99999.90 99999.90 99999.90 99999.90 99999.90
3.76 2.59 2.16 1.83 2.67 3.70 3.67 3.33 2.69 2.69 2.80 2.87 3.07 3.25 3.27 3.19 3.03 3.57 4.03 4.11 4.10 4.06 3.91 3.49 3.09 3.32 3.54 4.34 4.34 4.34 5.12 5.26 5.26 5.26 5.26 5.26 5.26 5.26 5.26 5.26 5.26 5.26 5.26 99999.90 99999.90 99999.90 99999.90 99999.90 99999.90 99999.90 99999.90 99999.90 99999.90 99999.90 99999.90 99999.90 99999.90 99999.90 99999.90 99999.90 99999.90 99999.90 99999.90 99999.90 99999.90 99999.90 99999.90 99999.90 99999.90 99999.90 99999.90 99999.90 99999.90 99999.90 99999.90 99999.90 99999.90
4.71 2.59 1.99 2.71 3.48 3.87 3.85 3.62 2.76 2.76 2.76 2.65 2.85 3.34 3.51 3.60 3.58 3.85 4.17 4.09 3.74 3.56 3.26 3.29 3.27 3.38 4.05 4.37 4.37 4.37 4.81 4.81 4.81 4.81 4.81 4.81 4.81 4.81 4.81 4.81 4.81 4.81 4.81 99999.90 99999.90 99999.90 99999.90 99999.90 99999.90 99999.90 99999.90 99999.90 99999.90 99999.90 99999.90 99999.90 99999.90 99999.90 99999.90 99999.90 99999.90 99999.90 99999.90 99999.90 99999.90 99999.90 99999.90 99999.90 99999.90 99999.90 99999.90 99999.90 99999.90 99999.90 99999.90 99999.90 99999.90
4.47 2.13 1.99 3.03 3.68 3.68 3.50 3.83 3.68 3.52 3.13 2.89 3.54 3.60 3.73 3.82 3.92 4.33 4.30 3.73 3.39 3.29 3.51 3.55 3.56 3.74 4.05 4.37 4.37 4.37 4.81 4.81 4.81 4.81 4.81 4.81 4.81 4.81 4.81 4.81 4.81 4.81 4.81 99999.90 99999.90 99999.90 99999.90 99999.90 99999.90 99999.90 99999.90 99999.90 99999.90 99999.90 99999.90 99999.90 99999.90 99999.90 99999.90 99999.90 99999.90 99999.90 99999.90 99999.90 99999.90 99999.90 99999.90 99999.90 99999.90 99999.90 99999.90 99999.90 99999.90 99999.90 99999.90 99999.90 99999.90
4.47 0.90 1.86 2.72 3.39 2.74 2.33 2.78 3.56 3.48 3.11 3.42 3.74 3.40 3.20 3.22 3.72 3.64 3.65 3.62 3.71 4.30 4.39 4.00 3.34 3.47 4.05 4.05 4.37 4.37 4.81 4.81 4.81 4.81 4.81 4.81 4.81 4.81 4.81 4.81 4.81 4.81 4.81 99999.90 99999.90 99999.90 99999.90 99999.90 99999.90 99999.90 99999.90 99999.90 99999.90 99999.90 99999.90 99999.90 99999.90 99999.90 99999.90 99999.90 99999.90 99999.90 99999.90 99999.90 99999.90 99999.90 99999.90 99999.90 99999.90 99999.90 99999.90 99999.90 99999.90 99999.90 99999.90 99999.90 99999.90
