files/bom_datasets/05.17.18.txt
ncols 839
nrows 679
xllcenter 112.0500
yllcenter -43.9500
cellsize 0.0500
nodata_value 99999.90
[rows 272 to 305 of 679, columns 0 to 76 of 839]
99999.90 99999.90 99999.90 99999.90 99999.90 99999.90 99999.90 99999.90 99999.90 99999.90 99999.90 99999.90 99999.90 99999.90 99999.90 99999.90 99999.90 99999.90 16.09 16.06 16.06 16.06 16.11 16.11 16.11 16.11 16.11 15.32 15.32 15.32 15.32 15.65 15.65 15.08 14.90 15.06 14.90 15.12 15.52 15.42 15.51 15.29 15.31 15.26 15.30 15.58 15.76 15.43 15.03 15.32 15.48 15.69 15.65 15.88 15.79 15.44 15.71 15.88 15.68 16.08 16.22 16.24 16.21 16.35 16.35 16.22 16.08 15.95 16.16 15.85 15.95 16.08 16.14 15.89 16.15 16.40 16.61
99999.90 99999.90 99999.90 99999.90 99999.90 99999.90 99999.90 99999.90 99999.90 99999.90 99999.90 99999.90 99999.90 99999.90 99999.90 99999.90 99999.90 99999.90 16.09 16.06 16.06 16.06 16.06 16.06 16.11 16.11 16.11 16.11 16.11 15.32 15.32 15.32 15.82 15.26 15.30 15.32 15.00 14.98 15.35 15.29 15.48 15.00 15.19 15.53 15.40 15.58 15.71 15.41 14.50 15.40 15.74 15.97 15.87 15.98 16.15 15.65 15.30 15.69 15.59 15.63 15.92 16.15 16.30 16.30 16.36 16.48 16.15 16.22 16.22 15.88 15.92 16.04 16.17 16.00 15.98 16.26 16.41
99999.90 99999.90 99999.90 99999.90 99999.90 99999.90 99999.90 99999.90 99999.90 99999.90 99999.90 99999.90 99999.90 99999.90 99999.90 99999.90 99999.90 16.31 16.09 16.06 16.06 16.06 16.06 16.06 16.06 16.06 16.11 16.11 16.11 16.11 15.71 15.71 16.14 15.48 15.60 15.44 15.42 15.49 15.57 15.37 15.37 15.12 14.97 15.29 15.12 15.41 15.66 15.84 15.20 15.37 15.69 15.62 16.00 16.06 16.28 15.77 15.15 15.65 15.75 15.75 15.63 16.08 16.20 16.19 16.26 16.35 16.32 16.35 16.27 16.21 15.96 15.97 16.12 16.17 16.27 16.24 16.10
99999.90 99999.90 99999.90 99999.90 99999.90 99999.90 99999.90 99999.90 99999.90 99999.90 99999.90 99999.90 99999.90 99999.90 99999.90 99999.90 99999.90 16.31 16.09 16.06 16.06 16.06 16.06 16.06 16.06 16.06 16.06 16.06 16.11 16.11 16.11 15.84 16.17 15.77 15.82 15.56 15.68 15.33 15.72 15.79 15.50 15.26 15.03 15.48 15.30 15.26 15.51 15.92 15.74 15.49 16.01 16.09 16.22 16.03 16.14 15.76 15.49 15.59 15.59 15.70 15.98 16.07 15.94 16.02 15.99 16.27 16.20 16.21 16.35 16.32 16.35 16.24 16.18 16.19 16.26 16.42 16.13
99999.90 99999.90 99999.90 99999.90 99999.90 99999.90 99999.90 99999.90 99999.90 99999.90 99999.90 99999.90 99999.90 99999.90 99999.90 99999.90 99999.90 16.31 16.09 16.09 16.09 16.06 16.06 16.06 16.06 16.06 16.06 16.06 16.06 16.00 16.00 15.61 15.63 16.38 16.24 15.75 15.88 15.93 15.80 15.69 15.78 15.44 15.21 15.56 15.27 15.27 15.39 15.71 15.46 15.76 15.94 16.00 16.03 16.17 16.12 16.15 16.00 15.89 15.72 15.69 15.94 16.12 15.82 16.10 15.82 16.15 16.17 16.22 16.31 16.40 16.44 16.46 16.43 16.40 16.37 16.33 16.33
99999.90 99999.90 99999.90 99999.90 99999.90 99999.90 99999.90 99999.90 99999.90 99999.90 99999.90 99999.90 99999.90 99999.90 99999.90 99999.90 99999.90 16.31 16.09 16.09 16.09 16.09 16.09 16.09 16.06 16.06 16.06 16.06 16.06 16.06 15.98 15.99 15.88 16.26 16.30 16.16 16.09 15.88 16.04 15.79 15.71 15.49 15.42 15.41 15.50 15.65 15.84 15.83 15.49 15.55 15.89 15.77 16.17 16.16 16.39 16.39 16.34 16.38 16.32 16.24 16.06 16.44 16.09 16.13 16.04 16.27 16.14 16.12 16.18 16.12 16.38 16.51 16.39 16.43 16.38 16.45 16.29
99999.90 99999.90 99999.90 99999.90 99999.90 99999.90 99999.90 99999.90 99999.90 99999.90 99999.90 99999.90 99999.90 99999.90 99999.90 99999.90 99999.90 16.31 16.09 16.09 16.09 16.09 16.09 16.09 16.09 16.09 16.09 16.16 16.16 16.16 16.31 16.61 16.24 16.19 16.30 16.37 16.11 16.08 16.10 15.83 15.60 15.57 15.50 15.46 15.71 15.80 15.88 16.27 15.98 15.69 16.02 15.59 15.71 15.98 16.43 16.60 16.31 16.03 16.29 16.25 16.12 16.18 16.60 16.56 16.26 16.23 16.27 16.41 16.40 16.35 16.44 16.58 16.49 16.44 16.35 16.29 16.35
99999.90 99999.90 99999.90 99999.90 99999.90 99999.90 99999.90 99999.90 99999.90 99999.90 99999.90 99999.90 99999.90 99999.90 99999.90 99999.90 99999.90 16.31 16.09 16.09 16.09 16.09 16.09 16.09 16.09 16.09 16.09 16.09 16.14 16.14 16.28 16.51 15.98 16.57 16.31 15.88 16.03 15.94 16.37 16.07 15.78 15.66 15.79 15.94 16.13 16.04 15.90 16.20 16.44 16.33 16.12 15.68 15.65 15.94 16.18 16.58 16.35 16.17 16.07 16.13 16.23 16.24 16.40 16.58 16.43 16.25 16.06 16.28 16.46 16.34 16.49 16.56 16.56 16.39 16.46 16.31 16.41
99999.90 99999.90 99999.90 99999.90 99999.90 99999.90 99999.90 99999.90 99999.90 99999.90 99999.90 99999.90 99999.90 99999.90 99999.90 99999.90 99999.90 16.31 16.31 16.31 16.09 16.09 16.09 16.09 16.09 16.09 16.09 16.09 16.09 15.92 16.22 16.51 16.38 16.03 16.35 16.22 15.77 15.92 16.12 16.19 15.95 15.92 16.02 16.15 16.14 16.17 16.05 16.11 16.46 16.33 16.10 15.74 15.82 15.84 16.05 16.19 16.21 16.09 15.97 16.17 16.16 16.26 16.40 16.35 16.42 16.30 16.21 16.26 16.20 16.40 16.54 16.53 16.20 16.38 16.62 16.50 16.30
99999.90 99999.90 99999.90 99999.90 99999.90 99999.90 99999.90 99999.90 99999.90 99999.90 99999.90 99999.90 99999.90 99999.90 99999.90 99999.90 99999.90 16.31 16.31 16.31 16.31 16.31 16.31 16.56 16.56 16.56 16.56 16.56 16.56 15.78 16.60 17.02 15.92 15.90 16.24 15.67 15.66 16.04 16.38 16.18 15.99 15.81 16.03 16.11 16.06 16.01 15.97 15.81 15.99 16.14 16.03 15.81 15.76 15.93 15.96 15.92 15.93 15.97 16.18 16.16 16.20 16.31 16.49 16.45 16.51 16.52 16.49 16.32 16.46 16.49 16.58 16.60 16.64 16.58 16.53 16.55 16.44
99999.90 99999.90 99999.90 99999.90 99999.90 99999.90 99999.90 99999.90 99999.90 99999.90 99999.90 99999.90 99999.90 99999.90 99999.90 99999.90 99999.90 16.31 16.31 16.31 16.31 16.31 16.31 16.31 16.31 16.31 16.25 16.25 16.25 15.91 16.27 16.26 15.52 15.34 15.73 15.79 15.77 16.06 16.24 16.17 15.97 15.78 16.02 16.15 16.12 15.98 15.90 16.02 16.15 16.13 16.12 15.86 15.85 15.95 16.16 16.03 15.90 15.84 15.96 16.06 16.22 16.31 16.23 16.44 16.58 16.59 16.56 16.56 16.47 16.51 16.42 16.28 16.70 16.73 16.62 16.58 16.58
99999.90 99999.90 99999.90 99999.90 99999.90 99999.90 99999.90 99999.90 99999.90 99999.90 99999.90 99999.90 99999.90 99999.90 99999.90 99999.90 99999.90 16.31 16.31 16.31 16.31 16.31 16.31 16.31 16.31 16.31 16.31 16.25 16.25 16.12 15.45 15.10 15.08 15.55 15.95 16.14 16.12 16.31 16.13 16.33 16.14 15.98 16.08 16.11 16.22 16.12 16.00 16.03 15.95 16.16 16.26 15.97 15.98 16.03 16.22 16.13 16.14 15.98 15.86 16.00 16.35 16.27 16.21 16.30 16.57 16.73 16.70 16.64 16.50 16.48 16.50 16.40 16.54 16.64 16.59 16.60 16.51
99999.90 99999.90 99999.90 99999.90 99999.90 99999.90 99999.90 99999.90 99999.90 99999.90 99999.90 99999.90 99999.90 99999.90 99999.90 99999.90 99999.90 16.31 16.31 16.31 16.31 16.31 16.31 16.31 16.31 16.31 16.31 16.31 16.49 16.29 16.09 15.24 15.27 15.99 16.04 16.17 16.25 16.44 16.16 16.31 16.30 16.40 16.26 16.25 16.28 16.30 16.21 16.09 15.88 16.06 16.15 16.09 15.93 15.91 16.23 16.26 16.28 16.15 15.84 16.04 16.08 16.12 16.29 16.38 16.50 16.53 16.60 16.55 16.38 16.32 16.45 16.49 16.49 16.54 16.40 16.38 16.38
99999.90 99999.90 99999.90 99999.90 99999.90 99999.90 99999.90 99999.90 99999.90 99999.90 99999.90 99999.90 99999.90 99999.90 99999.90 99999.90 99999.90 16.16 16.16 16.16 16.16 16.16 16.16 16.16 16.16 16.16 16.16 16.16 16.49 16.37 15.85 15.79 15.31 15.82 16.14 16.00 16.45 16.50 16.33 16.42 16.50 16.37 16.39 16.29 16.17 16.30 16.32 16.29 15.98 16.13 16.16 16.11 16.15 16.09 16.25 16.25 16.27 16.31 16.07 16.07 16.16 16.14 16.16 16.31 16.44 16.34 16.24 16.38 16.40 16.46 16.44 16.43 16.41 16.57 16.47 16.41 16.42
99999.90 99999.90 99999.90 99999.90 99999.90 99999.90 99999.90 99999.90 99999.90 99999.90 99999.90 99999.90 99999.90 99999.90 99999.90 99999.90 99999.90 16.16 16.16 16.16 16.16 16.16 16.16 16.16 16.16 16.16 16.16 16.16 16.51 16.34 16.01 16.10 16.00 16.30 16.34 16.40 16.39 16.42 16.46 16.43 16.47 16.30 16.17 16.14 16.08 16.12 16.11 16.31 16.14 16.13 16.16 16.04 16.23 16.07 16.05 16.24 16.33 16.31 16.18 16.06 16.09 15.96 16.01 16.18 16.32 16.26 16.19 16.19 16.38 16.57 16.48 16.53 16.49 16.47 16.46 16.45 16.40
99999.90 99999.90 99999.90 99999.90 99999.90 99999.90 99999.90 99999.90 99999.90 99999.90 99999.90 99999.90 99999.90 99999.90 99999.90 99999.90 99999.90 16.16 16.16 16.16 16.16 16.16 16.16 16.16 16.16 16.16 16.45 16.45 16.45 16.33 16.37 16.22 16.18 16.28 16.33 16.24 16.30 16.25 16.39 16.43 16.43 16.25 16.13 16.13 16.12 16.10 16.17 16.24 16.24 16.24 16.18 15.92 16.13 16.28 16.32 16.31 16.34 16.30 16.03 16.11 16.12 15.93 16.04 16.01 16.13 16.20 16.08 16.22 16.26 16.45 16.54 16.49 16.53 16.59 16.47 16.48 16.45
99999.90 99999.90 99999.90 99999.90 99999.90 99999.90 99999.90 99999.90 99999.90 99999.90 99999.90 99999.90 99999.90 99999.90 99999.90 99999.90 99999.90 16.16 16.16 16.16 16.16 16.16 16.16 16.16 16.41 16.41 16.41 16.41 16.41 16.03 16.31 16.32 16.31 16.39 16.39 16.25 16.36 16.49 16.59 16.52 16.52 16.49 16.45 16.25 16.24 16.32 16.30 16.37 16.46 16.45 16.37 16.35 16.27 16.32 16.44 16.47 16.47 16.38 16.20 16.15 16.09 16.07 15.86 15.90 16.02 16.17 16.16 16.25 16.34 16.32 16.33 16.45 16.39 16.50 16.48 16.52 16.47
99999.90 99999.90 99999.90 99999.90 99999.90 99999.90 99999.90 99999.90 99999.90 99999.90 99999.90 99999.90 99999.90 99999.90 99999.90 99999.90 99999.90 16.16 16.16 16.16 16.40 16.40 16.40 16.40 16.40 16.40 16.40 16.40 16.40 16.18 15.83 16.01 16.38 16.55 16.32 16.34 16.46 16.53 16.59 16.53 16.59 16.56 16.51 16.54 16.45 16.38 16.23 16.30 16.37 16.36 16.41 16.32 16.24 16.36 16.33 16.43 16.61 16.53 16.39 16.15 16.25 16.13 15.96 16.03 16.14 16.15 16.17 16.32 16.37 16.33 16.41 16.43 16.59 16.61 16.51 16.56 16.62
99999.90 99999.90 99999.90 99999.90 99999.90 99999.90 99999.90 99999.90 99999.90 99999.90 99999.90 99999.90 99999.90 99999.90 99999.90 99999.90 99999.90 16.16 16.40 16.40 16.40 16.40 16.40 16.40 16.40 16.40 16.40 16.40 16.40 16.52 16.08 16.50 16.42 16.42 16.52 16.39 16.31 16.46 16.49 16.39 16.50 16.34 16.39 16.42 16.52 16.41 16.28 16.29 16.34 16.39 16.43 16.45 16.29 16.36 16.29 16.25 16.44 16.34 16.35 16.12 16.18 16.07 16.02 16.17 16.06 16.20 16.30 16.23 16.38 16.46 16.39 16.28 16.27 16.28 16.35 16.44 16.53
99999.90 99999.90 99999.90 99999.90 99999.90 99999.90 99999.90 99999.90 99999.90 99999.90 99999.90 99999.90 99999.90 99999.90 99999.90 99999.90 99999.90 16.16 16.40 16.40 16.40 16.40 16.40 16.40 16.40 16.40 16.40 16.40 16.52 16.52 16.15 16.62 16.53 16.52 16.59 16.50 16.29 16.36 16.36 16.34 16.50 16.37 16.27 16.34 16.44 16.43 16.30 16.40 16.40 16.39 16.44 16.40 16.31 16.34 16.26 16.13 16.24 16.23 16.24 16.22 16.35 16.26 16.04 16.01 16.15 16.13 16.16 16.11 16.26 16.27 16.45 16.35 16.23 16.04 16.12 16.36 16.47
99999.90 99999.90 99999.90 99999.90 99999.90 99999.90 99999.90 99999.90 99999.90 99999.90 99999.90 99999.90 99999.90 99999.90 99999.90 99999.90 99999.90 16.16 16.40 16.40 16.40 16.40 16.40 16.40 16.40 16.40 16.40 16.52 16.52 16.15 16.15 16.56 16.50 16.52 16.55 16.55 16.51 16.43 16.39 16.48 16.50 16.46 16.40 16.32 16.39 16.47 16.23 16.28 16.29 16.21 16.31 16.33 16.16 16.13 16.07 15.94 15.99 16.11 16.24 16.12 16.29 16.35 16.15 16.06 16.07 16.03 16.13 16.18 16.21 16.30 16.32 16.42 16.28 16.12 15.91 15.93 16.19
99999.90 99999.90 99999.90 99999.90 99999.90 99999.90 99999.90 99999.90 99999.90 99999.90 99999.90 99999.90 99999.90 99999.90 99999.90 99999.90 99999.90 16.16 16.40 16.40 16.40 16.40 16.40 16.40 16.40 16.40 16.52 16.52 16.15 16.35 16.35 16.35 16.43 16.52 16.59 16.55 16.50 16.52 16.43 16.51 16.48 16.39 16.30 16.29 16.27 16.31 16.17 16.09 16.12 16.17 16.21 16.28 16.08 16.17 16.09 16.09 15.95 16.05 16.15 16.08 16.30 16.30 16.00 16.16 16.10 16.16 16.20 16.36 16.33 16.36 16.39 16.25 16.21 16.23 16.07 15.77 15.90
99999.90 99999.90 99999.90 99999.90 99999.90 99999.90 99999.90 99999.90 99999.90 99999.90 99999.90 99999.90 99999.90 99999.90 99999.90 99999.90 99999.90 16.16 16.40 16.40 16.40 16.40 16.40 16.40 16.40 16.52 16.52 16.35 16.35 16.35 16.35 16.35 16.50 16.56 16.49 16.50 16.51 16.48 16.38 16.40 16.41 16.39 16.36 16.27 16.34 16.31 16.24 16.12 16.12 16.15 16.23 16.16 16.14 16.27 16.30 16.32 16.24 16.22 16.22 16.07 16.29 16.31 16.31 16.32 16.33 16.32 16.32 16.22 16.24 16.42 16.41 16.26 16.10 16.07 16.04 15.92 15.92
99999.90 99999.90 99999.90 99999.90 99999.90 99999.90 99999.90 99999.90 99999.90 99999.90 99999.90 99999.90 99999.90 99999.90 99999.90 99999.90 99999.90 16.16 16.40 16.40 16.40 16.40 16.40 16.40 16.52 16.35 16.35 16.35 16.35 16.35 16.48 16.48 16.48 16.50 16.48 16.45 16.37 16.39 16.32 16.45 16.48 16.37 16.38 16.36 16.39 16.34 16.30 16.24 16.29 16.31 16.39 16.31 16.29 16.34 16.25 16.34 16.32 16.31 16.27 16.23 16.32 16.39 16.42 16.37 16.38 16.38 16.39 16.33 16.30 16.36 16.37 16.35 16.32 16.11 16.13 16.04 16.04
99999.90 99999.90 99999.90 99999.90 99999.90 99999.90 99999.90 99999.90 99999.90 99999.90 99999.90 99999.90 99999.90 99999.90 99999.90 99999.90 99999.90 99999.90 16.40 16.40 16.40 16.40 16.40 16.52 16.35 16.35 16.35 16.35 16.50 16.50 16.50 16.50 16.50 16.49 16.48 16.46 16.49 16.41 16.45 16.43 16.41 16.42 16.40 16.34 16.35 16.32 16.32 16.35 16.33 16.27 16.31 16.42 16.43 16.38 16.32 16.29 16.30 16.27 16.35 16.34 16.32 16.40 16.42 16.41 16.48 16.41 16.38 16.28 16.32 16.17 16.14 16.25 16.31 16.21 16.25 16.26 16.17
99999.90 99999.90 99999.90 99999.90 99999.90 99999.90 99999.90 99999.90 99999.90 99999.90 99999.90 99999.90 99999.90 99999.90 99999.90 99999.90 99999.90 99999.90 16.40 16.40 16.40 16.40 16.35 16.35 16.35 16.50 16.50 16.50 16.50 16.50 16.50 16.50 16.50 16.51 16.44 16.44 16.46 16.45 16.44 16.36 16.36 16.43 16.41 16.34 16.31 16.33 16.33 16.34 16.39 16.39 16.31 16.33 16.40 16.36 16.40 16.40 16.35 16.37 16.42 16.42 16.41 16.42 16.40 16.36 16.42 16.39 16.45 16.42 16.27 16.19 16.11 16.16 16.31 16.32 16.35 16.33 16.22
99999.90 99999.90 99999.90 99999.90 99999.90 99999.90 99999.90 99999.90 99999.90 99999.90 99999.90 99999.90 99999.90 99999.90 99999.90 99999.90 99999.90 99999.90 16.40 16.40 16.40 16.35 16.50 16.50 16.50 16.50 16.50 16.50 16.50 16.50 16.50 16.46 16.46 16.46 16.41 16.32 16.37 16.41 16.40 16.35 16.38 16.41 16.40 16.39 16.39 16.40 16.35 16.36 16.39 16.39 16.33 16.35 16.31 16.34 16.33 16.37 16.40 16.37 16.40 16.43 16.38 16.37 16.31 16.34 16.36 16.36 16.45 16.47 16.42 16.29 16.15 16.20 16.34 16.32 16.30 16.23 16.21
99999.90 99999.90 99999.90 99999.90 99999.90 99999.90 99999.90 99999.90 99999.90 99999.90 99999.90 99999.90 99999.90 99999.90 99999.90 99999.90 99999.90 99999.90 16.40 16.40 16.52 16.35 16.50 16.50 16.50 16.50 16.50 16.50 16.50 16.40 16.40 16.40 16.40 16.40 16.37 16.37 16.39 16.37 16.32 16.36 16.39 16.40 16.41 16.39 16.38 16.35 16.32 16.29 16.31 16.32 16.35 16.35 16.32 16.30 16.31 16.33 16.35 16.29 16.31 16.40 16.30 16.39 16.38 16.37 16.28 16.31 16.38 16.39 16.39 16.37 16.38 16.24 16.19 16.22 16.29 16.26 16.06
99999.90 99999.90 99999.90 99999.90 99999.90 99999.90 99999.90 99999.90 16.23 16.23 16.23 16.23 16.23 16.23 16.23 16.23 16.23 16.23 16.23 16.23 16.23 16.23 16.50 16.50 16.50 16.34 16.34 16.34 16.34 16.34 16.34 16.34 16.34 16.34 16.41 16.41 16.39 16.39 16.39 16.38 16.38 16.39 16.38 16.38 16.37 16.36 16.33 16.27 16.33 16.29 16.27 16.29 16.32 16.30 16.32 16.35 16.30 16.36 16.29 16.26 16.28 16.22 16.27 16.27 16.30 16.31 16.26 16.28 16.30 16.33 16.16 16.11 16.19 16.20 16.27 16.31 16.08
99999.90 99999.90 99999.90 99999.90 99999.90 99999.90 99999.90 99999.90 16.23 16.23 16.23 16.23 16.23 16.23 16.23 16.23 16.23 16.23 16.23 16.23 16.23 16.23 16.23 16.29 16.29 16.29 16.29 16.29 16.29 16.29 16.29 16.29 16.29 16.29 16.43 16.39 16.37 16.37 16.36 16.38 16.38 16.38 16.36 16.34 16.32 16.34 16.31 16.28 16.30 16.29 16.25 16.26 16.25 16.28 16.32 16.31 16.31 16.28 16.26 16.13 16.28 16.30 16.23 16.22 16.26 16.29 16.32 16.32 16.23 16.25 16.22 16.07 16.21 16.26 16.24 16.06 16.10
99999.90 99999.90 99999.90 99999.90 99999.90 99999.90 99999.90 99999.90 16.23 16.23 16.23 16.23 16.23 16.23 16.23 16.23 16.23 16.23 16.23 16.23 16.23 16.23 16.23 16.23 16.29 16.29 16.29 16.29 16.29 16.29 16.29 16.29 16.29 16.29 16.43 16.38 16.36 16.34 16.34 16.36 16.35 16.35 16.32 16.31 16.31 16.28 16.29 16.32 16.29 16.27 16.26 16.26 16.25 16.29 16.28 16.25 16.32 16.27 16.30 16.24 16.15 16.21 16.15 16.10 16.21 16.19 16.27 16.32 16.24 16.26 16.30 16.28 16.17 16.20 16.19 16.12 16.21
99999.90 99999.90 99999.90 99999.90 99999.90 99999.90 99999.90 99999.90 16.23 16.23 16.23 16.23 16.23 16.23 16.23 16.23 16.23 16.23 16.23 16.23 16.23 16.23 16.23 16.23 15.97 16.29 16.29 16.29 16.29 16.29 16.29 16.29 16.29 16.29 16.38 16.38 16.38 16.32 16.32 16.33 16.33 16.33 16.32 16.31 16.30 16.29 16.29 16.28 16.28 16.27 16.25 16.22 16.23 16.29 16.25 16.19 16.23 16.22 16.27 16.30 16.32 16.24 16.24 16.26 16.20 16.27 16.27 16.23 16.23 16.24 16.33 16.34 16.22 16.07 15.94 16.10 16.21
99999.90 99999.90 99999.90 99999.90 99999.90 99999.90 99999.90 99999.90 16.23 16.23 16.23 16.23 16.23 16.23 16.23 16.23 16.23 16.23 16.23 16.23 16.23 16.23 16.23 16.23 15.97 15.97 15.97 16.29 16.29 16.29 16.29 16.29 16.29 16.38 16.32 16.32 16.32 16.28 16.30 16.31 16.32 16.30 16.28 16.29 16.29 16.29 16.27 16.24 16.22 16.24 16.22 16.21 16.23 16.25 16.22 16.22 16.21 16.19 16.12 16.25 16.27 16.26 16.26 16.25 16.24 16.23 16.14 16.17 16.30 16.23 16.10 16.15 16.11 16.18 16.02 16.08 16.21
99999.90 99999.90 99999.90 99999.90 99999.90 99999.90 99999.90 99999.90 16.23 16.23 16.23 16.23 16.23 16.23 16.23 16.23 16.23 16.23 16.23 16.23 16.23 16.23 16.23 16.23 15.97 15.97 15.97 15.97 15.97 16.29 16.29 16.29 16.29 16.32 16.32 16.32 16.32 16.32 16.29 16.29 16.30 16.30 16.28 16.28 16.26 16.24 16.23 16.21 16.21 16.22 16.20 16.21 16.24 16.24 16.16 16.20 16.16 16.22 16.22 16.30 16.27 16.19 16.25 16.18 16.24 16.23 16.25 16.28 16.23 16.12 16.11 16.05 16.14 16.22 16.07 16.08 16.16
