files/bom_datasets/05.17.18.txt
ncols 839
nrows 679
xllcenter 112.0500
yllcenter -43.9500
cellsize 0.0500
nodata_value 99999.90
[rows 272 to 305 of 679, columns 616 to 692 of 839]
16.66 16.39 16.91 16.55 16.84 16.79 16.44 16.49 16.14 16.04 16.42 16.01 16.15 16.26 15.86 15.83 16.31 16.43 16.47 15.58 14.71 15.12 14.61 14.01 14.80 14.70 14.95 15.11 15.08 14.69 15.53 14.92 14.70 14.95 14.98 15.19 15.31 14.97 15.05 14.71 14.60 14.33 13.99 14.46 14.63 14.90 15.15 15.40 15.43 15.54 15.24 14.62 14.78 15.29 14.73 14.15 14.26 13.20 12.04 11.72 10.49 10.83 10.83 9.81 9.68 10.12 9.14 9.03 8.71 8.32 8.21 8.45 8.73 7.56 6.28 6.26 5.48
16.57 16.53 16.69 16.78 16.74 16.67 16.40 16.61 16.44 16.70 16.10 15.94 15.94 16.45 16.49 16.43 16.36 16.35 16.06 15.93 16.08 15.96 15.03 15.32 15.24 15.07 15.52 15.93 15.06 15.49 14.86 14.52 14.42 14.50 13.67 13.65 13.39 15.41 15.54 15.07 15.08 15.10 14.63 14.10 15.43 15.10 14.37 14.24 14.98 15.40 15.12 15.37 15.04 15.56 15.35 14.55 13.85 15.00 13.34 13.06 11.68 11.20 11.14 10.85 10.31 10.42 9.85 8.91 8.78 8.31 8.95 8.47 9.49 7.99 7.67 6.68 5.90
16.37 16.37 16.80 16.43 16.78 16.91 16.46 16.45 16.99 16.42 16.39 16.76 16.88 16.69 16.58 16.04 16.08 15.86 15.42 15.84 15.87 15.76 16.16 15.37 15.61 15.02 15.79 15.79 15.67 14.95 15.17 14.90 14.50 14.53 15.07 14.17 14.56 15.13 15.83 15.08 15.54 15.63 15.33 13.68 14.54 13.70 14.16 14.60 14.53 15.01 14.93 14.92 15.23 15.02 14.49 14.06 14.66 14.60 13.54 13.71 13.56 11.79 11.06 10.62 10.08 9.56 10.20 9.18 8.22 7.19 7.27 6.63 7.93 8.00 7.65 7.88 7.82
16.62 16.44 16.57 16.45 16.73 16.60 16.66 16.57 16.84 16.36 16.10 15.40 15.93 15.16 15.27 15.83 15.69 16.07 15.30 15.43 15.83 15.50 16.15 15.73 16.16 16.46 15.98 16.06 15.94 15.40 15.51 15.42 15.26 15.69 15.47 15.02 15.09 15.36 15.49 15.53 15.15 16.02 15.14 14.38 15.23 14.64 14.48 14.72 14.74 14.77 14.70 15.16 14.81 14.68 13.76 14.03 14.81 14.69 13.98 13.83 14.51 12.47 11.40 11.28 10.77 11.95 10.72 9.33 9.03 9.08 8.05 7.22 7.71 7.79 7.86 7.47 6.92
16.37 16.46 16.50 16.70 16.37 16.94 16.45 16.96 16.55 16.50 16.77 16.50 16.00 16.15 16.15 16.19 16.41 15.76 15.53 15.11 15.97 16.36 16.47 16.60 16.06 15.06 15.28 15.60 15.73 15.14 14.53 15.25 15.46 15.14 15.14 14.92 15.38 15.90 15.15 15.89 16.27 15.83 15.60 15.26 15.43 15.21 15.07 14.78 14.46 14.33 14.46 14.84 14.44 14.52 14.31 14.23 14.12 15.15 15.43 14.60 14.83 14.14 12.67 10.57 11.82 11.41 12.03 10.40 9.60 9.53 9.56 7.87 7.56 7.52 7.81 8.23 8.18
16.47 16.70 16.18 16.61 16.44 16.45 16.18 16.30 16.55 16.21 16.16 16.02 15.74 15.72 16.03 15.56 15.11 15.16 15.57 15.61 15.64 15.83 15.41 15.92 16.12 15.73 15.79 15.76 15.61 15.26 15.04 15.72 16.38 14.47 14.89 14.86 15.54 15.38 15.32 15.83 15.68 14.77 15.23 15.19 14.70 14.45 13.69 13.81 14.64 14.29 14.04 14.86 14.29 14.30 14.99 14.21 14.89 15.04 15.90 15.04 15.64 15.22 14.18 11.58 11.59 11.14 10.83 11.14 10.48 10.40 10.00 9.05 7.46 7.79 7.86 8.15 8.12
16.61 16.70 16.84 16.33 16.03 16.26 16.39 16.64 16.17 16.20 16.36 16.10 16.20 15.47 14.91 15.68 15.24 15.59 15.92 15.50 15.25 16.31 15.94 16.31 15.36 15.34 15.20 14.56 14.27 15.78 15.38 15.95 15.81 15.69 15.64 15.81 15.30 15.61 14.71 15.28 15.08 14.60 15.36 15.59 15.18 14.72 15.12 14.64 14.18 14.97 14.77 14.64 15.04 14.63 14.52 13.64 15.17 15.66 15.50 14.57 14.21 15.66 15.77 14.35 12.21 12.71 11.77 11.53 11.46 11.41 11.82 10.80 9.39 8.36 8.24 8.67 8.55
16.69 16.17 16.60 16.40 16.67 16.39 15.76 16.81 15.99 16.21 16.23 16.31 15.48 15.83 14.98 16.12 15.51 15.85 15.68 15.63 15.60 16.17 15.99 15.79 15.82 14.90 15.43 15.14 15.46 15.48 15.68 16.14 15.94 15.77 15.37 15.29 15.44 15.20 15.64 15.16 15.15 15.34 14.97 15.13 15.91 15.09 14.63 14.63 14.72 13.05 14.04 13.30 13.91 15.15 13.60 13.41 13.34 13.96 13.86 13.69 12.90 14.30 15.14 14.26 14.14 13.59 13.85 12.25 11.94 11.63 12.18 11.36 10.63 8.50 8.12 7.18 8.16
16.35 16.36 16.57 16.78 16.69 16.57 16.09 16.51 15.82 15.96 15.97 15.52 15.99 15.36 15.31 15.30 15.11 15.21 15.64 15.92 15.59 15.72 14.99 15.56 15.86 15.11 15.75 15.83 15.66 15.45 15.78 16.28 15.91 16.06 15.53 15.73 14.72 16.20 16.10 15.21 15.56 15.94 15.01 14.25 14.36 14.56 14.82 14.43 14.35 15.21 15.43 14.52 13.40 14.20 14.58 14.55 14.79 14.01 13.83 13.02 13.68 13.15 13.64 14.41 14.34 15.02 15.07 13.72 12.41 10.84 11.40 11.65 11.17 9.42 8.86 8.34 8.60
16.33 16.64 16.36 16.59 16.40 16.23 16.04 16.33 16.09 16.02 15.93 15.50 16.18 15.86 15.22 15.42 15.41 15.92 15.51 15.51 15.85 15.36 15.02 15.90 15.52 14.91 16.52 14.87 15.43 14.82 15.70 15.87 14.91 15.22 15.27 15.35 15.50 16.23 15.54 14.35 14.52 14.99 14.48 14.23 15.10 14.97 14.00 13.79 14.63 15.83 15.94 15.11 15.03 15.08 15.28 15.34 14.18 13.82 13.43 14.21 13.74 12.90 13.58 13.39 14.32 14.45 15.27 14.54 13.33 9.94 10.90 10.46 10.72 10.19 8.94 8.63 8.67
16.48 16.45 16.57 16.57 16.45 16.66 16.31 16.67 16.68 16.35 15.98 15.65 15.98 15.52 15.71 15.90 15.49 15.86 15.48 15.34 15.91 15.09 15.11 14.88 15.07 15.04 15.95 15.32 16.08 16.03 15.70 15.17 15.80 16.04 15.35 15.31 15.85 15.07 15.42 15.20 14.98 15.37 14.29 14.52 13.90 14.10 13.79 15.10 15.39 15.80 15.73 16.33 15.88 15.77 15.38 14.16 14.66 15.23 14.69 14.53 14.10 13.81 12.68 14.09 13.81 14.49 15.49 14.99 14.87 11.90 10.09 9.75 9.33 9.70 7.82 8.59 7.96
16.30 16.60 16.51 16.68 16.61 16.33 16.58 16.08 16.23 16.15 16.28 15.57 15.77 15.18 15.61 15.80 14.99 15.57 15.71 16.14 15.69 15.40 15.62 15.29 15.92 15.92 15.62 15.98 16.17 15.29 15.99 15.96 15.99 15.29 15.15 15.11 15.14 15.31 15.23 14.76 15.46 14.97 14.66 14.38 14.82 14.74 14.30 13.86 14.49 13.92 14.49 14.67 15.23 15.58 15.13 15.38 15.86 15.11 14.66 14.82 15.03 13.82 12.70 13.24 13.30 13.78 15.08 15.18 14.41 13.79 11.72 10.73 9.35 9.65 9.02 7.69 8.46
16.38 16.40 16.65 16.67 16.67 16.58 16.55 16.58 16.54 15.82 16.10 16.08 16.03 15.80 16.13 15.63 15.72 15.91 15.75 15.94 15.68 15.88 15.82 15.38 15.38 14.57 15.84 15.47 16.09 15.64 15.76 15.12 15.31 14.54 14.87 14.27 15.43 14.96 15.30 15.25 15.39 15.45 13.76 13.97 14.45 13.57 13.50 13.38 13.04 13.40 14.49 15.36 15.49 15.38 15.31 15.85 16.07 14.80 14.39 14.64 15.32 14.57 12.38 13.88 13.04 12.58 12.76 14.46 13.88 13.16 13.52 12.19 10.06 10.32 10.89 10.04 8.87
16.26 16.23 16.45 16.43 16.36 16.64 16.54 16.47 16.11 16.32 15.70 16.35 16.35 16.14 15.41 15.37 15.31 15.72 15.09 15.20 16.03 16.48 15.85 16.01 14.80 15.60 16.02 15.94 15.82 15.82 15.84 15.35 15.64 14.96 15.01 14.52 14.73 15.13 15.18 14.82 15.10 15.14 13.83 14.14 14.21 12.74 13.18 13.31 13.85 14.00 14.57 14.50 14.35 13.85 15.10 15.47 14.66 14.54 14.92 15.73 15.10 15.41 15.46 14.84 13.91 13.53 13.04 13.39 13.74 13.42 13.66 13.52 12.06 11.88 11.81 12.09 11.23
16.04 15.97 16.05 16.14 16.31 16.57 16.20 16.18 16.17 16.28 16.02 16.23 15.95 15.72 15.78 15.65 15.76 15.72 15.56 15.93 16.11 16.00 15.82 15.95 15.87 15.66 15.21 15.20 15.37 15.79 15.67 15.32 15.04 14.93 14.93 13.78 15.10 15.36 15.23 14.39 14.94 15.58 14.84 14.37 14.04 13.03 13.29 13.81 13.70 13.16 13.41 14.24 13.55 13.63 15.49 14.67 14.36 14.97 15.22 15.28 15.10 15.71 15.73 14.45 14.41 14.25 13.14 12.94 13.85 14.57 14.53 14.11 13.17 12.73 12.87 13.31 11.89
16.39 16.08 16.05 16.54 16.33 16.58 16.24 15.83 16.35 15.84 16.28 16.31 16.29 15.74 15.22 15.42 15.44 15.28 15.16 15.93 15.86 15.92 15.89 15.82 14.97 14.29 15.07 15.12 15.76 15.49 15.61 16.01 15.75 16.07 15.64 15.07 14.96 15.17 14.85 14.24 15.34 16.03 15.45 15.21 13.70 14.67 15.74 13.60 13.13 13.39 12.66 13.92 14.64 15.22 14.66 13.68 14.02 15.34 14.51 14.31 14.66 15.10 14.33 14.96 15.05 14.73 13.71 14.01 13.35 13.23 13.41 14.10 13.78 13.55 13.33 13.99 12.17
16.49 16.57 16.44 16.31 16.20 16.26 16.52 16.29 16.12 15.81 16.67 16.19 16.00 15.79 15.47 15.17 15.15 15.04 15.44 15.23 15.60 15.63 15.70 15.52 15.76 15.65 15.86 15.49 15.79 15.33 15.43 15.90 15.26 15.35 14.58 15.42 15.73 15.56 14.30 15.02 14.71 14.70 15.45 15.10 14.84 15.34 15.06 14.09 13.24 12.54 14.02 15.00 13.87 14.23 13.13 13.65 14.27 14.39 14.11 14.07 14.06 14.60 14.80 15.55 15.53 15.21 15.30 15.27 13.28 13.92 13.09 12.82 13.30 13.32 12.91 12.46 12.09
16.33 16.32 16.70 16.70 16.32 16.65 16.29 16.03 15.60 16.44 16.33 15.84 16.04 16.08 15.85 15.22 15.43 15.91 15.80 15.13 15.47 15.41 15.41 15.62 15.23 15.62 15.49 15.05 15.16 14.87 15.15 15.61 15.49 15.32 15.54 15.51 14.94 14.77 15.21 15.64 14.16 15.21 15.15 15.46 15.31 15.03 14.02 14.45 14.46 14.47 15.16 15.33 14.65 14.40 14.48 15.33 15.02 14.19 14.22 14.75 15.22 15.64 15.86 15.97 15.28 14.47 15.31 15.67 14.49 14.28 14.22 14.25 13.63 13.15 13.41 12.89 12.25
16.30 16.63 16.34 16.62 16.64 16.68 16.59 16.57 16.63 16.58 16.19 16.48 16.58 16.08 16.15 15.98 16.10 16.10 15.89 15.35 15.71 14.91 15.01 15.12 14.99 15.24 15.69 15.21 15.48 15.35 15.52 15.49 15.50 15.67 15.58 15.27 14.94 15.43 15.59 14.35 14.06 15.23 14.27 14.33 14.11 15.65 15.14 15.05 14.94 14.82 14.53 15.34 15.11 15.35 15.38 14.81 14.31 14.87 14.33 14.73 15.24 15.12 15.05 14.81 14.77 14.65 14.83 14.77 14.88 14.41 13.91 13.67 13.25 14.08 13.91 13.25 12.97
16.38 16.63 16.67 16.53 16.50 16.56 16.58 16.32 16.49 16.34 16.34 16.63 16.32 16.48 16.50 16.52 16.08 16.43 16.01 15.62 15.72 14.46 15.49 15.65 15.13 15.56 15.63 15.50 15.69 15.28 14.90 15.37 14.45 14.68 15.06 15.03 15.33 15.19 15.34 14.45 15.60 14.75 13.78 13.53 15.47 14.66 14.02 14.15 14.73 14.74 15.05 15.51 14.78 14.83 15.01 13.61 13.33 14.69 14.09 14.73 15.01 14.15 15.30 14.86 15.03 15.31 14.15 13.80 15.56 15.45 15.02 13.76 12.76 13.14 13.18 13.15 13.69
16.37 16.65 16.66 16.61 16.62 16.53 16.53 16.60 16.56 16.46 16.61 16.51 16.42 16.55 16.62 16.48 16.31 16.38 15.66 15.89 15.88 15.43 15.70 15.07 14.46 14.96 15.07 15.41 15.08 14.61 14.63 15.23 15.47 15.74 14.80 13.70 14.92 15.27 15.39 14.19 14.73 14.56 13.64 13.68 14.49 13.53 14.56 14.75 15.07 15.00 15.03 14.84 15.21 15.18 14.69 15.06 15.38 15.12 14.63 15.54 13.84 15.08 15.08 15.56 15.91 15.57 15.35 14.58 15.22 15.01 14.60 14.50 13.20 13.08 12.85 13.48 13.87
16.60 16.63 16.59 16.59 16.65 16.59 16.45 16.53 16.42 16.21 16.34 16.28 16.53 16.54 16.51 16.53 16.45 16.22 16.15 16.10 15.95 15.42 14.78 14.43 15.57 15.18 14.22 14.61 15.64 15.37 15.72 15.89 15.70 13.87 14.29 14.81 15.88 15.50 15.36 14.77 14.64 13.47 14.58 14.27 15.02 14.41 14.34 14.62 15.06 15.62 14.81 14.66 14.52 15.34 14.11 13.91 15.00 14.71 13.60 14.75 14.86 14.92 14.84 14.84 14.43 14.91 14.03 14.87 14.48 14.58 14.07 15.10 15.07 13.27 13.97 13.69 13.93
16.61 16.60 16.62 16.61 16.58 16.52 16.49 16.49 16.51 16.27 16.18 16.35 16.46 16.24 16.43 16.43 16.33 16.32 15.96 15.83 16.15 15.85 15.83 14.69 15.40 14.94 14.84 15.90 15.79 14.50 14.50 15.26 14.44 14.37 15.52 14.31 14.85 14.97 15.72 15.48 14.32 13.82 13.77 14.49 14.86 14.04 14.68 15.13 14.95 15.28 14.33 14.74 14.93 15.80 14.81 14.90 14.91 14.72 15.20 15.20 15.30 15.41 15.13 13.95 13.72 14.31 14.71 15.18 14.93 15.56 15.24 14.92 14.85 14.18 14.10 13.71 13.81
16.57 16.57 16.55 16.52 16.52 16.54 16.53 16.56 16.47 16.42 16.36 16.46 16.44 16.37 16.40 16.47 16.29 16.07 16.14 16.31 16.46 16.17 15.47 15.46 15.38 15.68 15.01 14.84 13.69 14.45 14.11 14.73 14.80 14.37 15.29 14.86 15.83 15.63 15.31 15.75 14.17 14.40 14.88 15.23 14.40 15.01 15.37 14.06 14.68 15.73 14.96 15.75 14.92 15.02 15.08 14.61 13.65 13.75 15.07 13.51 14.69 14.45 14.14 14.58 14.58 15.03 14.53 14.90 14.77 15.27 15.81 15.31 15.41 14.57 14.53 14.12 13.51
16.57 16.58 16.55 16.41 16.52 16.59 16.56 16.53 16.55 16.54 16.44 16.25 16.40 16.49 16.44 16.29 16.21 15.91 16.17 16.07 16.35 16.15 15.83 15.71 15.84 15.27 14.79 14.63 15.10 15.91 14.96 15.73 15.06 14.76 14.79 15.28 15.36 15.24 15.97 15.93 15.26 15.01 15.04 14.35 14.10 15.22 14.34 15.05 15.93 15.32 14.47 15.57 14.51 15.56 15.00 14.02 13.81 14.15 15.43 15.12 14.88 14.66 14.43 15.03 15.03 14.34 14.23 14.80 15.58 15.38 15.07 15.15 15.58 15.56 15.70 14.82 13.62
16.53 16.26 16.43 16.50 16.55 16.54 16.53 16.55 16.55 16.47 16.51 16.45 16.50 16.37 16.26 16.27 16.05 15.93 15.89 15.85 15.78 16.18 16.10 16.26 16.15 16.11 16.09 15.66 15.38 14.96 15.22 14.47 14.42 13.48 14.08 15.31 15.43 14.90 15.37 14.98 16.11 15.99 14.98 15.31 14.96 15.49 14.94 14.67 15.40 14.92 16.03 15.03 15.38 15.10 14.50 14.49 15.21 14.21 15.43 14.09 14.84 14.90 14.52 14.09 13.50 13.71 14.24 14.78 14.91 14.90 15.52 15.34 15.62 15.01 14.45 14.05 13.79
16.42 16.19 16.16 16.49 16.50 16.49 16.48 16.51 16.54 16.54 16.53 16.49 16.49 16.48 16.47 16.06 16.21 16.17 15.58 15.38 15.52 16.18 16.14 16.12 16.28 16.38 16.24 15.55 15.36 16.03 16.11 16.18 15.11 14.58 15.16 15.13 15.42 15.00 15.59 15.66 15.78 16.03 15.47 15.83 15.31 15.67 14.85 15.39 15.44 15.73 14.84 15.24 15.69 15.67 15.06 14.99 15.28 14.68 14.67 14.63 14.63 14.27 14.29 14.50 14.76 14.16 15.39 14.38 15.10 14.37 14.40 15.67 15.56 15.45 15.09 14.20 13.32
16.27 16.22 16.23 16.51 16.43 16.44 16.46 16.47 16.51 16.51 16.50 16.49 16.48 16.47 16.47 16.40 16.45 16.41 15.87 15.93 15.99 15.88 15.87 16.15 16.16 16.29 16.15 16.16 16.39 15.90 15.93 15.49 14.84 15.79 14.83 15.35 15.82 15.97 15.08 15.88 15.72 16.06 15.57 15.80 15.77 15.98 15.61 15.63 15.52 16.05 15.67 15.67 15.35 15.06 15.48 14.82 15.30 14.92 14.60 15.13 15.32 14.34 15.35 15.32 14.99 14.92 14.85 14.20 14.43 14.60 14.76 15.00 15.65 15.59 15.92 15.30 14.85
16.22 16.27 16.31 16.48 16.43 16.42 16.45 16.47 16.50 16.49 16.47 16.46 16.48 16.45 16.46 16.32 16.27 15.96 15.66 15.73 16.00 15.90 16.20 16.07 16.11 16.21 16.20 16.35 16.16 15.65 16.35 15.63 16.25 15.76 15.37 15.42 15.74 15.66 15.89 15.84 16.01 16.26 16.04 16.09 16.00 15.59 16.01 15.80 15.63 15.69 15.79 15.33 15.10 15.64 15.68 15.48 15.99 15.54 15.37 15.42 14.54 14.89 15.15 15.26 14.60 14.00 14.19 14.43 14.88 15.15 15.53 15.24 15.63 15.52 15.82 15.71 15.98
16.30 16.37 16.40 16.49 16.39 16.37 16.40 16.45 16.41 16.41 16.46 16.45 16.40 16.28 16.02 15.97 16.15 16.22 16.08 15.92 16.08 16.20 16.03 16.23 16.11 16.24 16.31 15.99 16.04 16.26 15.97 15.78 15.50 16.08 16.09 15.57 15.53 16.03 15.95 15.91 16.02 15.94 16.14 16.27 16.18 16.13 15.99 15.81 15.86 15.42 15.79 15.45 15.70 15.78 15.16 15.63 15.92 15.74 15.75 14.48 14.84 14.48 14.50 14.36 14.93 14.23 14.09 14.94 15.23 15.52 15.22 15.53 15.60 15.47 15.62 15.26 15.80
16.32 16.31 16.43 16.36 16.31 16.30 16.36 16.27 16.23 16.33 16.36 16.08 16.12 16.07 16.01 16.06 16.06 16.05 16.17 16.04 15.79 16.20 16.26 16.23 16.39 16.26 16.20 16.37 16.16 16.00 16.13 16.10 15.89 16.01 15.98 15.92 16.04 15.98 15.88 16.01 16.27 16.10 16.03 16.00 16.25 15.93 16.08 15.97 15.64 15.59 15.74 15.73 15.84 15.63 15.55 15.70 15.46 15.37 15.75 15.15 15.01 14.98 14.72 15.18 15.06 14.90 14.95 14.92 15.29 15.41 15.32 15.43 15.39 15.31 14.93 15.23 15.14
16.39 16.32 16.30 16.29 16.18 16.12 16.26 16.08 16.18 16.30 16.38 16.23 16.31 16.13 16.11 15.95 16.05 15.97 16.17 16.26 16.19 16.24 16.36 16.34 16.29 16.23 16.34 16.32 16.21 16.30 16.21 16.20 16.14 16.12 16.27 16.01 15.76 15.78 15.94 15.95 16.26 16.05 16.02 16.01 16.15 16.17 16.15 15.97 15.69 15.70 15.17 15.94 15.64 15.90 16.04 16.18 16.00 16.23 15.60 14.94 15.33 14.96 15.16 15.22 15.15 14.72 14.31 15.01 13.87 15.02 14.82 15.38 14.79 15.51 15.43 15.33 14.91
15.90 15.71 16.10 16.20 16.17 16.01 16.00 16.11 16.24 16.39 16.39 16.37 16.40 16.20 16.12 16.21 16.06 15.96 16.04 16.34 16.28 16.33 16.36 16.37 16.38 16.33 16.36 16.25 16.34 16.32 16.31 16.24 16.13 15.93 16.27 16.24 16.23 16.15 16.10 16.18 16.28 16.20 16.05 16.15 16.12 15.73 15.83 15.92 15.90 15.84 15.93 15.61 15.88 16.14 16.22 16.18 16.26 16.21 16.09 16.01 15.29 14.80 14.02 14.81 14.82 14.67 14.64 14.44 15.18 15.36 15.19 14.76 14.85 15.46 15.37 15.20 15.16
15.76 15.76 15.94 16.10 16.11 15.96 16.05 16.29 16.37 16.37 16.37 16.39 16.37 16.36 16.17 16.32 16.32 16.23 16.13 16.12 16.20 16.34 16.35 16.34 16.35 16.36 16.20 16.34 16.31 16.30 16.29 16.28 16.15 16.16 16.13 16.16 16.28 16.04 16.06 16.12 16.15 16.15 16.10 16.17 16.08 15.75 15.86 15.76 15.79 16.05 16.06 16.04 15.74 16.02 16.10 15.98 16.11 16.24 16.07 15.92 15.15 14.98 14.95 15.06 15.29 14.44 15.09 15.00 15.13 15.02 15.19 14.94 14.85 15.62 15.31 15.15 15.26
