files/bom_datasets/05.10.18.txt
ncols 839
nrows 679
xllcenter 112.0500
yllcenter -43.9500
cellsize 0.0500
nodata_value 99999.90
[rows 544 to 577 of 679, columns 539 to 615 of 839]
99999.90 99999.90 99999.90 99999.90 99999.90 8.61 8.61 8.61 9.69 9.69 9.69 9.69 9.69 9.69 9.69 9.69 9.69 9.62 9.15 9.35 8.71 6.78 5.11 3.90 5.40 5.69 5.57 6.90 5.05 6.04 7.30 7.86 8.28 7.31 6.47 5.80 6.26 4.98 5.64 6.37 6.39 6.07 5.84 5.93 5.81 5.61 4.78 5.04 6.04 6.09 5.94 5.33 5.89 6.88 6.60 5.98 6.89 8.04 7.38 8.14 8.06 7.69 6.51 6.74 6.98 6.65 5.00 5.28 5.85 5.62 4.28 6.57 6.22 7.50 8.54 7.18 8.08
99999.90 99999.90 99999.90 99999.90 99999.90 8.61 9.69 9.69 9.69 9.69 9.69 9.69 9.69 9.69 9.69 9.69 9.69 9.69 9.15 8.10 6.40 6.69 6.21 5.34 4.85 6.09 5.28 5.18 5.51 6.18 6.67 7.24 8.38 7.66 7.03 6.63 6.28 5.42 5.43 5.05 6.47 5.53 6.10 6.82 5.51 5.58 5.33 5.89 7.19 6.31 6.65 6.60 5.65 5.34 4.84 4.94 5.07 5.44 5.98 8.13 8.10 7.24 5.72 4.97 4.48 4.50 4.03 4.06 6.27 5.88 4.07 5.12 5.73 7.83 7.16 6.99 7.84
99999.90 99999.90 99999.90 99999.90 99999.90 8.61 9.69 9.69 9.69 9.69 9.69 9.69 9.69 9.69 9.69 9.69 9.69 9.69 8.10 8.10 3.57 4.52 5.42 7.32 6.47 7.73 6.93 6.58 7.04 5.82 6.73 7.17 7.45 8.55 8.26 7.92 5.80 3.95 4.43 4.23 5.63 6.03 6.41 6.89 7.14 6.93 6.18 7.60 8.21 6.91 6.06 6.05 5.41 6.00 5.91 5.31 5.87 5.25 5.65 7.20 7.58 7.41 6.56 4.85 3.82 2.79 3.08 4.92 4.85 5.05 4.52 4.62 5.60 7.92 7.01 6.35 7.11
99999.90 99999.90 99999.90 99999.90 99999.90 8.61 9.69 9.69 9.69 9.69 9.69 9.69 9.69 9.69 9.69 9.69 9.69 8.10 8.10 3.57 3.57 7.45 8.07 7.90 8.21 7.93 9.07 8.24 7.36 6.04 6.45 6.04 5.51 8.06 8.33 8.08 7.26 4.42 4.40 4.31 4.67 5.71 6.37 6.61 7.18 7.17 6.42 7.56 7.86 7.85 6.27 5.31 6.15 6.49 5.83 5.51 5.36 5.40 6.29 7.41 7.39 7.78 7.55 6.46 4.67 4.28 4.82 4.18 5.36 5.78 4.63 5.01 5.89 7.27 7.50 7.22 7.16
99999.90 99999.90 99999.90 99999.90 99999.90 8.61 9.69 9.69 9.69 9.69 9.69 9.69 9.69 9.69 9.69 9.69 9.69 8.10 3.57 9.19 9.19 9.19 9.41 8.83 7.56 7.82 8.67 7.60 6.80 6.83 6.86 5.55 5.36 6.78 7.15 8.41 7.50 5.59 5.34 5.62 6.06 6.38 7.01 7.79 6.76 6.87 7.34 7.05 7.26 7.98 7.50 6.23 6.02 5.46 6.18 5.43 5.03 5.24 5.80 6.87 7.04 7.66 8.15 7.87 6.17 5.14 6.61 6.76 5.89 5.62 5.92 6.39 6.61 6.94 7.20 7.47 7.15
99999.90 99999.90 99999.90 99999.90 99999.90 8.61 9.69 9.69 9.69 9.69 9.69 9.69 9.69 9.69 9.69 9.69 9.69 9.19 9.19 9.19 9.19 9.19 8.83 7.78 7.66 6.06 8.04 8.33 7.68 7.26 6.88 6.77 6.98 6.34 6.82 6.61 6.65 5.59 4.96 3.96 4.52 5.04 5.71 7.11 6.06 6.46 7.93 7.87 7.29 6.24 6.01 6.74 7.03 6.00 7.04 6.78 6.25 6.65 5.82 5.96 7.19 7.22 7.51 8.00 7.18 6.15 8.50 8.10 6.16 5.87 6.77 7.19 6.62 6.16 6.04 7.32 6.40
99999.90 99999.90 99999.90 99999.90 99999.90 8.61 9.69 9.69 9.69 9.69 9.69 9.69 9.69 9.69 9.69 9.69 9.19 9.19 9.19 9.19 9.19 8.83 8.83 7.97 7.35 7.47 7.35 6.73 5.88 3.68 6.57 6.87 8.31 9.54 8.40 6.98 6.27 5.56 4.83 3.80 4.37 5.01 3.90 4.68 5.38 6.32 7.48 7.78 7.05 6.43 6.40 5.55 6.07 6.72 6.25 6.56 6.88 7.99 7.71 7.81 6.82 6.66 7.28 7.85 8.43 7.89 8.01 6.22 4.98 5.68 7.07 8.20 7.53 6.71 6.48 6.42 6.19
99999.90 99999.90 99999.90 99999.90 99999.90 99999.90 9.69 9.69 9.69 9.69 9.69 9.69 9.69 9.69 9.69 9.19 9.19 9.19 9.19 9.19 8.83 8.83 7.97 7.97 5.75 6.56 7.57 7.62 6.22 3.90 6.45 7.97 8.57 9.51 8.01 6.85 5.22 5.14 4.65 4.36 4.50 5.46 3.69 4.77 4.16 4.58 6.14 7.95 6.43 6.36 6.54 6.23 6.33 6.30 5.51 6.19 7.10 7.82 8.09 7.79 7.67 6.78 6.70 6.91 7.53 7.65 7.81 4.97 5.00 5.61 6.90 7.98 8.08 7.58 7.43 7.36 7.21
99999.90 99999.90 99999.90 99999.90 99999.90 99999.90 9.69 9.69 9.69 9.69 9.69 9.69 9.69 9.69 9.19 9.19 9.19 9.19 9.19 8.83 8.83 7.97 7.97 5.75 5.75 7.32 6.90 7.51 5.48 7.63 7.51 8.32 8.10 7.69 7.51 6.73 6.12 5.73 4.44 4.35 5.97 6.72 4.84 4.25 3.23 4.05 5.68 6.67 7.17 6.52 7.87 7.16 7.92 8.01 7.61 7.24 6.38 6.43 7.42 6.74 5.87 5.58 6.07 6.23 6.58 6.62 6.30 6.18 5.74 6.82 6.86 6.99 6.83 7.13 7.45 7.04 6.77
99999.90 99999.90 99999.90 99999.90 99999.90 99999.90 9.69 9.69 9.69 9.69 9.69 9.69 9.69 9.19 9.19 9.19 9.19 9.19 8.83 8.83 7.97 7.97 5.75 5.75 7.32 7.32 5.35 5.15 7.20 8.87 7.79 7.92 8.88 6.85 6.35 6.64 5.98 5.89 6.15 5.56 4.50 6.34 5.52 4.36 4.55 5.36 4.35 5.52 7.03 7.43 7.63 6.79 7.77 7.62 8.85 8.86 7.93 7.58 6.75 6.30 5.64 6.24 6.47 6.18 5.16 5.24 4.61 4.40 4.73 5.47 5.29 5.60 6.71 6.85 7.71 6.90 6.78
99999.90 99999.90 99999.90 99999.90 99999.90 99999.90 9.69 9.69 9.69 9.69 9.69 9.69 9.69 9.19 9.19 9.19 9.19 8.83 8.83 7.97 7.97 5.75 5.75 7.32 3.61 3.61 3.61 4.35 6.55 8.18 8.36 7.57 7.59 4.88 4.98 5.27 5.08 3.80 5.45 6.13 4.86 5.45 4.73 5.19 4.34 3.85 5.32 5.83 5.98 6.03 5.75 5.88 6.06 7.07 7.93 7.18 5.64 6.83 6.75 5.20 4.43 5.10 6.11 6.52 4.88 3.03 3.96 4.06 3.38 3.93 4.88 6.32 6.35 6.31 5.87 6.41 6.47
99999.90 99999.90 99999.90 99999.90 99999.90 99999.90 99999.90 99999.90 99999.90 8.10 8.10 9.19 9.19 9.19 9.19 9.19 8.83 8.83 7.97 7.97 5.75 5.75 3.61 3.61 3.61 3.61 3.61 6.13 6.62 7.03 6.59 6.45 5.50 3.88 4.50 4.73 5.49 4.19 5.97 6.23 6.60 7.20 4.46 3.16 3.57 3.72 4.65 4.85 3.21 2.78 3.31 3.64 3.54 5.76 6.28 5.62 5.34 5.76 6.64 6.25 4.92 4.94 6.13 5.97 4.55 3.31 3.72 4.85 4.16 3.81 4.45 4.32 4.70 4.18 4.35 4.82 4.85
99999.90 99999.90 99999.90 99999.90 99999.90 99999.90 99999.90 99999.90 99999.90 99999.90 3.57 9.19 9.19 9.19 9.19 8.83 8.83 7.97 7.97 5.75 3.61 3.61 3.61 3.61 3.61 3.61 6.13 6.13 4.96 3.39 5.35 5.83 5.78 4.74 4.98 5.82 6.69 5.80 6.18 4.69 6.47 6.20 5.16 4.19 4.24 4.04 4.37 3.46 3.42 3.44 2.80 2.34 3.77 4.87 5.88 6.39 6.84 6.22 6.94 5.58 5.06 5.02 6.03 6.55 4.84 4.58 5.60 5.40 4.75 4.21 3.65 3.13 4.03 4.83 4.59 4.67 4.97
99999.90 99999.90 99999.90 99999.90 99999.90 99999.90 99999.90 99999.90 99999.90 99999.90 99999.90 9.19 9.19 9.19 8.83 8.83 7.97 7.97 5.75 3.61 3.61 3.61 3.61 3.61 3.61 6.13 4.02 4.02 4.02 2.20 4.30 5.96 5.78 5.94 4.71 5.13 6.87 7.28 6.82 6.37 6.53 6.38 5.94 4.83 3.91 3.52 4.30 3.46 4.21 4.46 3.73 3.62 4.46 5.29 4.97 6.40 7.15 7.06 5.79 5.49 5.12 5.39 6.35 7.63 6.78 6.81 6.76 5.94 5.11 4.97 3.81 4.61 5.87 7.00 5.92 4.68 4.53
99999.90 99999.90 99999.90 99999.90 99999.90 99999.90 99999.90 99999.90 99999.90 99999.90 99999.90 9.19 9.19 8.83 8.83 7.97 7.97 3.61 3.61 3.61 3.61 3.61 3.61 3.61 4.02 4.02 4.02 4.02 4.02 2.20 5.81 6.28 4.82 5.25 4.72 5.59 6.48 7.08 6.17 6.32 6.67 5.30 4.14 3.45 4.50 4.01 3.66 3.59 3.42 3.32 3.35 4.06 4.89 4.85 4.65 6.49 7.68 6.11 5.66 5.26 6.65 6.74 7.77 7.69 7.13 6.81 6.61 6.23 6.04 5.63 5.22 6.09 6.12 5.47 4.66 4.49 4.58
99999.90 99999.90 99999.90 99999.90 99999.90 99999.90 99999.90 99999.90 99999.90 99999.90 99999.90 99999.90 8.83 8.83 7.97 7.97 3.61 3.61 3.61 3.61 3.61 3.61 4.02 4.02 4.02 4.02 4.02 4.02 4.02 5.81 5.81 6.28 5.46 6.48 4.15 4.91 5.88 5.81 6.45 5.90 5.65 4.66 5.22 5.33 3.45 3.87 4.23 2.44 4.16 4.11 3.56 4.94 4.64 4.08 3.39 5.26 6.02 5.52 4.48 5.13 5.13 5.26 5.71 5.40 3.95 4.52 5.79 5.11 5.43 4.71 5.53 6.28 5.75 5.39 4.52 4.65 3.80
99999.90 99999.90 99999.90 99999.90 99999.90 99999.90 99999.90 99999.90 99999.90 99999.90 99999.90 99999.90 99999.90 7.97 7.97 5.75 3.61 3.61 3.61 3.61 3.61 4.02 4.02 4.02 4.02 4.02 4.02 4.02 5.81 5.81 5.81 5.46 5.46 6.48 5.97 5.46 4.20 5.81 4.16 4.56 4.97 5.34 5.25 4.76 4.54 5.36 5.84 5.12 5.34 4.92 3.80 4.24 4.82 5.30 4.46 5.09 5.07 5.42 3.91 4.34 4.24 5.15 4.91 4.84 3.95 4.90 5.69 4.79 3.78 3.71 3.71 4.96 4.94 5.69 6.60 7.03 4.29
99999.90 99999.90 99999.90 99999.90 99999.90 99999.90 99999.90 99999.90 99999.90 99999.90 99999.90 99999.90 99999.90 99999.90 5.75 5.75 3.61 3.61 3.61 4.02 4.02 4.02 4.02 4.02 4.02 4.02 4.02 4.02 5.81 5.81 5.46 5.46 5.46 5.97 5.97 5.46 4.20 4.20 4.16 4.56 4.97 5.34 6.92 5.82 6.19 6.74 6.86 6.40 6.78 5.61 4.52 4.40 5.01 5.75 5.68 5.29 5.00 4.45 3.10 3.91 4.01 3.67 4.15 3.37 4.12 4.38 5.00 5.05 5.07 4.98 4.74 5.37 5.14 6.80 7.60 6.71 4.71
99999.90 99999.90 99999.90 99999.90 99999.90 99999.90 99999.90 99999.90 99999.90 99999.90 99999.90 99999.90 99999.90 99999.90 99999.90 7.32 3.61 3.61 4.02 4.02 4.02 4.02 4.02 4.02 4.02 4.02 4.02 5.81 5.81 5.81 5.46 5.46 5.97 5.97 5.97 5.46 4.20 4.20 4.16 4.56 4.97 6.92 6.92 5.82 6.54 6.90 7.16 7.46 7.68 6.45 5.74 4.71 4.96 5.85 7.47 6.97 7.13 5.34 3.78 4.69 5.62 3.85 4.39 4.56 5.55 4.14 3.32 3.53 3.98 4.41 3.97 4.36 5.16 5.71 6.58 5.92 5.25
99999.90 99999.90 99999.90 99999.90 99999.90 99999.90 99999.90 99999.90 99999.90 99999.90 99999.90 99999.90 99999.90 99999.90 99999.90 99999.90 3.61 3.61 4.02 4.02 4.02 4.02 4.02 4.02 4.02 4.02 4.02 5.81 5.81 5.46 5.46 5.46 5.97 5.97 5.97 5.46 4.20 4.20 4.16 4.56 6.92 6.92 6.92 6.54 6.54 6.90 6.59 6.14 7.88 7.37 6.40 4.65 5.93 6.06 7.04 6.79 7.34 6.72 5.84 5.85 5.42 4.68 5.77 6.20 6.01 5.35 4.18 5.03 5.33 3.76 3.40 4.71 5.76 4.31 4.05 5.57 6.45
99999.90 99999.90 99999.90 99999.90 99999.90 99999.90 99999.90 99999.90 99999.90 99999.90 99999.90 99999.90 99999.90 99999.90 99999.90 99999.90 3.61 3.61 4.02 4.02 4.02 4.02 4.02 4.02 4.02 4.02 5.81 5.81 5.81 5.46 5.46 5.97 5.97 5.97 5.97 5.46 4.20 4.20 4.16 4.56 6.92 6.92 6.54 6.54 6.54 6.59 6.59 6.83 6.29 8.05 7.29 6.66 6.50 5.72 6.62 7.27 7.84 7.41 7.72 7.23 5.06 4.15 6.57 7.46 5.69 4.18 3.13 3.71 5.18 4.62 2.99 2.75 4.01 3.10 3.54 4.54 5.32
99999.90 99999.90 99999.90 99999.90 99999.90 99999.90 99999.90 99999.90 99999.90 99999.90 99999.90 99999.90 99999.90 99999.90 99999.90 99999.90 99999.90 6.13 4.02 4.02 4.02 4.02 4.02 4.02 4.02 4.02 5.81 5.81 5.46 5.46 5.46 5.97 5.97 5.97 5.97 5.46 4.20 4.20 4.16 4.56 6.92 6.92 6.54 6.54 6.59 6.59 6.83 6.83 4.96 5.57 5.44 6.18 6.47 5.72 6.62 7.27 7.84 7.41 7.72 7.23 5.35 5.17 7.36 7.32 5.89 2.99 3.22 3.65 5.37 5.88 4.60 3.91 4.43 4.01 3.11 4.28 4.72
99999.90 99999.90 99999.90 99999.90 99999.90 99999.90 99999.90 99999.90 99999.90 99999.90 99999.90 99999.90 99999.90 99999.90 99999.90 99999.90 99999.90 99999.90 4.02 4.02 4.02 4.02 4.02 4.02 4.02 5.81 5.81 5.81 5.46 5.46 5.97 5.97 5.97 5.97 5.97 5.46 4.20 4.20 4.16 6.92 6.92 6.54 6.54 6.54 6.59 6.83 6.83 4.96 4.96 5.26 5.98 6.26 6.47 6.47 6.62 7.27 7.84 7.41 7.72 5.35 5.35 5.17 5.33 5.17 5.27 4.81 5.06 4.51 4.99 4.16 5.05 4.82 3.51 3.04 2.13 2.28 3.52
99999.90 99999.90 99999.90 99999.90 99999.90 99999.90 99999.90 99999.90 99999.90 99999.90 99999.90 99999.90 99999.90 99999.90 99999.90 99999.90 99999.90 99999.90 4.02 4.02 4.02 4.02 4.02 4.02 4.02 5.81 5.81 5.46 5.46 5.46 5.97 5.97 5.97 5.97 5.97 5.46 4.20 4.20 4.16 6.92 6.92 6.54 6.54 6.59 6.83 6.83 4.96 4.96 5.26 5.26 5.98 8.13 8.13 8.13 6.47 7.27 7.84 7.41 5.35 5.35 5.35 5.33 5.33 5.17 5.27 4.81 5.06 4.51 4.99 4.16 5.05 4.13 3.52 3.49 3.00 2.26 2.26
99999.90 99999.90 99999.90 99999.90 99999.90 99999.90 99999.90 99999.90 99999.90 99999.90 99999.90 99999.90 99999.90 99999.90 99999.90 99999.90 99999.90 99999.90 99999.90 99999.90 5.81 5.81 5.81 5.81 5.81 5.81 5.81 5.46 5.46 5.97 5.97 5.97 5.97 5.97 5.97 5.46 4.20 4.20 4.16 6.92 6.54 6.54 6.54 6.83 6.83 4.96 4.96 5.26 5.26 5.26 8.13 8.13 8.13 8.13 8.13 7.27 7.84 7.41 5.35 5.35 5.33 5.33 5.33 5.17 5.27 4.81 5.06 4.51 4.99 4.16 4.13 4.13 3.52 4.35 3.14 3.40 3.25
99999.90 99999.90 99999.90 99999.90 99999.90 99999.90 99999.90 99999.90 99999.90 99999.90 99999.90 99999.90 99999.90 99999.90 99999.90 99999.90 99999.90 99999.90 99999.90 99999.90 99999.90 99999.90 5.46 5.46 5.46 5.46 5.46 5.46 5.46 5.97 5.97 5.97 5.97 5.97 5.97 5.46 4.20 4.20 6.92 6.92 6.54 6.54 6.83 6.83 4.96 4.96 5.26 5.26 5.26 8.13 8.13 8.13 8.13 8.13 8.13 8.13 7.84 7.41 5.35 5.35 5.33 5.33 5.33 5.17 5.27 4.81 5.06 4.51 4.99 4.13 4.13 4.13 4.35 4.35 3.14 2.97 3.44
99999.90 99999.90 99999.90 99999.90 99999.90 99999.90 99999.90 99999.90 99999.90 99999.90 99999.90 99999.90 99999.90 99999.90 99999.90 99999.90 99999.90 99999.90 99999.90 99999.90 99999.90 99999.90 99999.90 99999.90 5.97 5.97 5.97 5.97 5.97 5.97 5.97 5.97 5.97 5.97 5.97 5.46 4.20 4.20 6.92 6.54 6.54 6.83 6.83 4.96 4.96 5.26 5.26 5.26 5.26 8.13 8.13 8.13 8.13 8.13 8.13 8.13 8.13 5.35 5.35 5.33 5.33 5.33 5.33 5.17 5.27 4.81 5.06 4.51 4.99 4.13 4.13 4.35 4.35 4.35 2.97 2.97 2.70
99999.90 99999.90 99999.90 99999.90 99999.90 99999.90 99999.90 99999.90 99999.90 99999.90 99999.90 99999.90 99999.90 99999.90 99999.90 99999.90 99999.90 99999.90 99999.90 99999.90 99999.90 99999.90 99999.90 99999.90 99999.90 99999.90 99999.90 99999.90 99999.90 99999.90 99999.90 99999.90 6.92 6.92 6.92 6.92 6.92 6.92 6.92 6.54 6.54 6.83 4.96 4.96 5.26 5.26 5.26 5.26 8.13 8.13 8.13 8.13 8.13 8.13 8.13 8.13 8.13 5.35 5.35 5.33 5.33 5.33 5.33 5.17 5.27 4.81 5.06 4.51 4.99 4.13 4.13 4.35 4.35 2.97 2.97 2.70 2.70
99999.90 99999.90 99999.90 99999.90 99999.90 99999.90 99999.90 99999.90 99999.90 99999.90 99999.90 99999.90 99999.90 99999.90 99999.90 99999.90 99999.90 99999.90 99999.90 99999.90 99999.90 99999.90 99999.90 99999.90 99999.90 99999.90 99999.90 99999.90 99999.90 99999.90 99999.90 99999.90 99999.90 99999.90 6.54 6.54 6.54 6.54 6.54 6.54 6.83 4.96 4.96 5.26 5.26 5.26 5.26 5.26 8.13 8.13 8.13 8.13 8.13 8.13 8.13 8.13 8.13 5.35 5.33 5.33 5.33 5.33 5.33 5.17 5.27 4.81 5.06 4.51 4.13 4.13 4.35 4.35 4.35 2.97 2.70 2.70 2.70
99999.90 99999.90 99999.90 99999.90 99999.90 99999.90 99999.90 99999.90 99999.90 99999.90 99999.90 99999.90 99999.90 99999.90 99999.90 99999.90 99999.90 99999.90 99999.90 99999.90 99999.90 99999.90 99999.90 99999.90 99999.90 99999.90 99999.90 99999.90 99999.90 99999.90 99999.90 99999.90 99999.90 99999.90 99999.90 99999.90 6.59 6.59 6.83 6.83 4.96 4.96 5.26 5.26 5.26 5.26 5.26 8.13 8.13 8.13 8.13 8.13 8.13 8.13 8.13 8.13 8.13 8.13 5.33 5.33 5.33 5.33 5.33 5.17 5.27 4.81 5.06 4.51 4.13 4.13 4.35 4.35 2.97 2.70 2.70 2.70 2.70
99999.90 99999.90 99999.90 99999.90 99999.90 99999.90 99999.90 99999.90 99999.90 99999.90 99999.90 99999.90 99999.90 99999.90 99999.90 99999.90 99999.90 99999.90 99999.90 99999.90 99999.90 99999.90 99999.90 99999.90 99999.90 99999.90 99999.90 99999.90 99999.90 99999.90 99999.90 99999.90 99999.90 99999.90 99999.90 99999.90 99999.90 6.83 6.83 4.96 4.96 5.26 5.26 5.26 5.26 5.26 5.26 8.13 8.13 8.13 8.13 8.13 8.13 8.13 8.13 8.13 8.13 8.13 5.33 5.33 5.33 5.33 5.33 5.17 5.27 4.81 5.06 4.51 4.13 4.35 4.35 4.35 2.70 2.70 2.70 2.70 2.70
99999.90 99999.90 99999.90 99999.90 99999.90 99999.90 99999.90 99999.90 99999.90 99999.90 99999.90 99999.90 99999.90 99999.90 99999.90 99999.90 99999.90 99999.90 99999.90 99999.90 99999.90 99999.90 99999.90 99999.90 99999.90 99999.90 99999.90 99999.90 99999.90 99999.90 99999.90 99999.90 99999.90 99999.90 99999.90 99999.90 99999.90 99999.90 4.96 4.96 5.26 5.26 5.26 5.26 5.26 5.26 8.13 8.13 8.13 8.13 8.13 8.13 8.13 8.13 8.13 8.13 8.13 8.13 5.33 5.33 5.33 5.33 5.33 5.17 5.27 4.81 5.06 4.13 4.13 4.35 4.35 2.70 2.70 2.70 2.70 2.70 2.70
99999.90 99999.90 99999.90 99999.90 99999.90 99999.90 99999.90 99999.90 99999.90 99999.90 99999.90 99999.90 99999.90 99999.90 99999.90 99999.90 99999.90 99999.90 99999.90 99999.90 99999.90 99999.90 99999.90 99999.90 99999.90 99999.90 99999.90 99999.90 99999.90 99999.90 99999.90 99999.90 99999.90 99999.90 99999.90 99999.90 99999.90 99999.90 99999.90 5.26 5.26 5.26 5.26 5.26 5.26 5.26 8.13 8.13 8.13 8.13 8.13 8.13 8.13 8.13 8.13 8.13 8.13 8.13 5.33 5.33 5.33 5.33 5.33 5.17 5.27 4.81 5.06 4.13 4.35 4.35 2.70 2.70 2.70 2.70 2.70 2.70 4.06
99999.90 99999.90 99999.90 99999.90 99999.90 99999.90 99999.90 99999.90 99999.90 99999.90 99999.90 99999.90 99999.90 99999.90 99999.90 99999.90 99999.90 99999.90 99999.90 99999.90 99999.90 99999.90 99999.90 99999.90 99999.90 99999.90 99999.90 99999.90 99999.90 99999.90 99999.90 99999.90 99999.90 99999.90 99999.90 99999.90 99999.90 99999.90 99999.90 99999.90 99999.90 8.13 8.13 8.13 8.13 8.13 8.13 8.13 8.13 8.13 8.13 8.13 8.13 8.13 8.13 8.13 8.13 8.13 8.13 8.13 8.13 8.13 4.13 4.13 4.13 4.13 4.13 4.13 4.35 4.35 2.70 2.70 2.70 2.70 2.70 2.70 4.06
