files/bom_datasets/05.14.18.txt
ncols 839
nrows 679
xllcenter 112.0500
yllcenter -43.9500
cellsize 0.0500
nodata_value 99999.90
[rows 136 to 169 of 679, columns 385 to 461 of 839]
19.48 19.55 19.59 19.68 19.58 19.78 19.86 19.84 19.87 19.89 19.99 19.91 20.06 20.00 19.98 19.98 19.96 19.98 20.02 19.99 19.92 19.84 19.98 19.95 19.98 19.97 19.93 20.01 20.04 19.89 20.03 20.05 20.06 19.90 19.99 19.69 20.02 19.94 20.01 20.05 19.90 19.51 19.86 20.05 20.06 20.08 20.10 20.09 20.05 20.03 20.07 20.04 20.06 20.03 20.00 20.04 20.06 20.05 20.01 20.03 19.97 19.96 20.02 20.01 19.99 19.98 20.01 20.02 19.98 19.94 20.01 20.02 20.02 19.93 19.89 19.84 19.82
19.63 19.40 19.54 19.74 19.60 19.84 19.91 19.86 19.93 19.93 19.94 19.88 19.93 19.92 19.94 19.99 20.01 20.01 19.99 19.99 19.93 19.95 19.94 19.91 19.98 19.91 19.94 19.99 20.01 19.96 20.01 19.99 20.03 19.98 20.00 19.79 19.77 19.98 20.03 19.86 19.66 19.76 20.03 20.00 19.91 20.02 20.04 20.06 20.05 20.05 20.04 20.03 20.05 20.05 20.04 20.04 20.04 19.99 20.02 20.03 20.00 20.02 20.00 19.99 19.94 19.94 19.99 19.93 19.94 19.94 19.99 19.94 20.01 19.97 19.95 19.92 19.86
19.67 19.55 19.70 19.69 19.76 19.91 19.92 19.95 19.93 19.92 19.95 19.95 19.85 19.96 19.93 19.93 19.97 19.93 19.97 19.98 19.96 19.96 19.95 19.93 19.97 19.95 19.93 19.93 19.99 19.97 19.98 19.96 19.96 19.99 19.97 19.57 19.30 19.45 19.87 19.82 19.70 19.86 20.02 19.98 19.98 19.99 20.00 20.02 20.02 20.02 20.00 20.02 20.02 20.02 20.03 20.03 20.03 20.03 19.99 19.99 19.97 20.00 20.00 20.00 20.00 19.98 19.85 19.89 19.81 19.92 19.94 19.96 19.96 19.94 19.93 19.93 19.84
19.36 19.50 19.61 19.77 19.88 19.96 19.91 19.92 19.96 19.92 19.90 19.86 19.82 19.89 19.89 19.90 19.93 19.93 19.95 19.92 19.89 19.94 19.95 19.91 19.92 19.94 19.90 19.90 19.96 19.98 19.98 19.94 19.91 19.97 19.98 19.91 19.50 19.32 19.58 19.42 19.38 19.66 19.93 19.98 19.98 20.00 20.00 20.00 20.00 19.97 19.99 20.00 20.01 20.00 20.01 20.02 20.02 20.01 19.97 19.93 19.97 19.94 19.96 19.98 19.98 19.92 19.84 19.93 19.91 19.90 19.93 19.94 19.90 19.94 19.95 19.94 19.82
19.45 19.44 19.57 19.71 19.86 19.88 19.93 19.92 19.84 19.83 19.83 19.87 19.89 19.85 19.85 19.81 19.84 19.83 19.89 19.88 19.86 19.82 19.88 19.92 19.88 19.86 19.87 19.88 19.93 19.90 19.90 19.91 19.95 19.92 19.98 20.01 19.83 19.20 19.84 19.70 19.26 19.17 19.66 19.97 19.99 19.98 19.97 19.98 19.99 19.97 19.98 19.98 19.99 19.96 19.92 19.91 19.93 19.94 19.96 19.95 19.92 19.92 19.95 19.98 19.97 19.92 19.93 19.93 19.91 19.75 19.82 19.94 19.90 19.88 19.85 19.92 19.92
19.34 19.34 19.54 19.57 19.73 19.83 19.87 19.84 19.83 19.85 19.85 19.87 19.86 19.83 19.82 19.85 19.77 19.75 19.86 19.86 19.85 19.77 19.81 19.82 19.75 19.83 19.83 19.85 19.86 19.89 19.85 19.89 19.92 19.92 19.94 19.96 19.68 19.15 19.60 19.68 19.38 19.14 19.30 19.94 19.96 19.96 19.96 19.97 19.97 19.96 19.97 19.97 19.98 19.87 19.70 19.80 19.81 19.87 19.89 19.96 19.86 19.87 19.91 19.91 19.95 19.91 19.91 19.89 19.81 19.73 19.85 19.86 19.87 19.85 19.83 19.85 19.93
19.34 19.44 19.29 19.42 19.54 19.78 19.80 19.71 19.81 19.83 19.83 19.84 19.84 19.83 19.83 19.81 19.68 19.74 19.87 19.90 19.92 19.86 19.88 19.80 19.88 19.85 19.84 19.91 19.84 19.82 19.81 19.76 19.86 19.88 19.91 19.94 19.93 19.85 19.94 19.81 19.81 19.57 19.31 19.73 19.93 19.94 19.94 19.95 19.95 19.95 19.77 19.93 19.84 19.59 19.76 19.94 19.94 19.83 19.48 19.62 19.72 19.89 19.89 19.91 19.89 19.88 19.88 19.83 19.72 19.87 19.81 19.78 19.85 19.77 19.76 19.83 19.86
19.29 19.23 19.26 19.20 19.46 19.85 19.75 19.63 19.73 19.81 19.83 19.70 19.74 19.78 19.82 19.75 19.70 19.74 19.83 19.86 19.84 19.82 19.79 19.73 19.75 19.80 19.81 19.88 19.82 19.74 19.76 19.73 19.83 19.85 19.87 19.91 19.89 19.89 19.92 19.74 19.92 19.86 19.60 19.58 19.92 19.92 19.90 19.92 19.83 19.77 19.78 19.95 19.81 19.77 19.91 19.92 19.91 19.92 19.78 19.28 19.15 19.89 19.87 19.63 19.50 19.66 19.78 19.81 19.89 19.87 19.80 19.81 19.87 19.81 19.82 19.83 19.83
19.23 19.01 19.08 19.16 19.51 19.77 19.72 19.68 19.74 19.75 19.73 19.67 19.72 19.75 19.84 19.84 19.85 19.87 19.93 19.82 19.81 19.70 19.63 19.57 19.68 19.73 19.76 19.75 19.75 19.73 19.74 19.73 19.79 19.73 19.76 19.85 19.84 19.88 19.85 19.28 19.79 19.91 19.91 19.77 19.82 19.72 19.75 19.78 19.85 19.85 19.91 19.91 19.91 19.92 19.90 19.90 19.90 19.91 19.89 19.76 19.23 19.71 19.73 19.44 19.21 19.42 19.70 19.78 19.77 19.81 19.75 19.76 19.86 19.85 19.84 19.69 19.69
19.15 18.96 18.97 19.28 19.54 19.72 19.66 19.63 19.65 19.62 19.71 19.73 19.73 19.74 19.77 19.87 19.92 19.92 19.93 19.93 19.92 19.91 19.79 19.68 19.74 19.72 19.74 19.74 19.77 19.78 19.79 19.77 19.76 19.82 19.76 19.84 19.85 19.79 19.45 19.57 19.51 19.85 19.81 19.76 19.60 19.82 19.88 19.87 19.88 19.88 19.88 19.87 19.88 19.83 19.82 19.83 19.89 19.87 19.88 19.86 19.77 19.31 19.31 19.15 19.46 19.46 19.77 19.79 19.73 19.73 19.71 19.79 19.81 19.76 19.75 19.73 19.74
19.03 19.23 19.23 19.39 19.51 19.68 19.57 19.61 19.65 19.69 19.75 19.73 19.71 19.73 19.76 19.78 19.91 19.77 19.86 19.91 19.90 19.90 19.77 19.56 19.58 19.68 19.83 19.83 19.78 19.72 19.83 19.90 19.91 19.89 19.90 19.86 19.86 19.85 19.84 19.81 19.84 19.75 19.63 19.67 19.48 19.87 19.85 19.72 19.84 19.83 19.83 19.78 19.54 19.32 19.33 19.31 19.73 19.84 19.87 19.86 19.85 19.45 19.10 18.99 19.44 19.82 19.69 19.58 19.64 19.59 19.72 19.70 19.72 19.64 19.66 19.60 19.31
19.10 19.23 19.56 19.31 19.49 19.63 19.55 19.59 19.53 19.56 19.65 19.61 19.64 19.70 19.68 19.89 19.89 19.88 19.88 19.80 19.67 19.60 19.57 19.78 19.76 19.65 19.71 19.73 19.69 19.73 19.86 19.88 19.88 19.89 19.88 19.88 19.84 19.83 19.84 19.83 19.78 19.72 19.63 19.72 19.42 19.84 19.83 19.84 19.85 19.83 19.81 19.84 19.72 19.36 19.25 19.36 19.34 19.53 19.83 19.84 19.84 19.70 18.94 18.95 19.15 19.62 19.76 19.71 19.72 19.71 19.60 19.60 19.67 19.59 19.58 19.27 19.56
19.21 19.27 19.32 19.45 19.51 19.53 19.63 19.66 19.72 19.62 19.60 19.60 19.66 19.61 19.68 19.78 19.86 19.87 19.86 19.87 19.87 19.69 19.70 19.65 19.72 19.60 19.78 19.78 19.86 19.86 19.83 19.84 19.84 19.86 19.84 19.78 19.79 19.79 19.81 19.79 19.77 19.75 19.72 19.79 19.60 19.76 19.83 19.82 19.81 19.82 19.74 19.77 19.81 19.68 19.39 19.39 19.36 19.50 19.42 19.84 19.83 19.66 19.09 19.22 19.39 18.98 19.44 19.61 19.56 19.68 19.62 19.60 19.67 19.66 19.66 19.66 19.66
19.20 19.42 19.26 19.04 19.37 19.54 19.62 19.74 19.63 19.50 19.63 19.63 19.64 19.60 19.64 19.70 19.80 19.86 19.85 19.85 19.86 19.79 19.74 19.81 19.85 19.86 19.84 19.79 19.83 19.83 19.83 19.82 19.81 19.81 19.83 19.79 19.77 19.72 19.75 19.72 19.71 19.76 19.73 19.76 19.64 19.51 19.73 19.77 19.79 19.79 19.49 19.33 19.51 19.45 19.30 19.36 19.43 19.45 19.30 19.76 19.81 19.67 19.66 19.78 19.71 18.99 18.97 19.39 19.39 19.25 19.52 19.48 19.65 19.67 19.71 19.64 19.65
19.35 19.53 19.09 18.74 19.18 19.46 19.68 19.63 19.54 19.33 19.59 19.62 19.60 19.59 19.53 19.59 19.74 19.72 19.73 19.76 19.75 19.77 19.82 19.80 19.82 19.83 19.82 19.70 19.78 19.81 19.79 19.76 19.76 19.74 19.74 19.78 19.75 19.67 19.63 19.60 19.65 19.73 19.64 19.66 19.69 19.61 19.62 19.72 19.67 19.59 19.40 19.34 19.25 19.22 19.26 19.28 19.32 19.41 19.31 19.29 19.67 19.68 19.76 19.73 19.71 19.58 19.15 19.27 19.58 19.57 19.62 19.62 19.65 19.63 19.58 19.63 19.64
19.58 19.55 18.99 18.64 18.79 19.53 19.73 19.68 19.62 19.50 19.46 19.63 19.60 19.59 19.48 19.52 19.63 19.66 19.52 19.63 19.71 19.76 19.75 19.79 19.79 19.77 19.74 19.68 19.70 19.75 19.72 19.74 19.73 19.76 19.76 19.74 19.74 19.68 19.66 19.60 19.64 19.71 19.65 19.58 19.68 19.74 19.72 19.67 19.66 19.43 19.38 19.25 19.12 19.54 19.55 19.22 19.38 19.41 19.36 19.45 19.43 19.72 19.74 19.69 19.71 19.71 19.43 18.91 19.25 19.20 19.43 19.62 19.59 19.59 19.61 19.64 19.64
19.58 19.57 18.94 18.46 18.81 19.53 19.68 19.68 19.67 19.66 19.62 19.64 19.64 19.60 19.49 19.55 19.58 19.57 19.52 19.53 19.60 19.66 19.73 19.75 19.75 19.71 19.67 19.64 19.63 19.71 19.70 19.74 19.78 19.77 19.74 19.70 19.70 19.62 19.64 19.59 19.65 19.65 19.61 19.53 19.48 19.74 19.74 19.65 19.57 19.41 19.36 19.20 19.19 19.65 19.69 19.56 19.33 19.38 19.41 19.52 19.44 19.68 19.72 19.69 19.67 19.67 19.69 19.33 19.02 19.14 19.19 19.48 19.64 19.55 19.37 19.52 19.63
19.57 19.53 19.55 19.05 19.33 19.56 19.64 19.60 19.64 19.68 19.68 19.62 19.57 19.52 19.50 19.54 19.59 19.59 19.61 19.67 19.60 19.68 19.70 19.71 19.69 19.68 19.65 19.62 19.62 19.68 19.68 19.66 19.68 19.74 19.61 19.56 19.62 19.58 19.49 19.57 19.52 19.50 19.59 19.53 19.48 19.71 19.71 19.72 19.50 19.35 19.26 19.05 19.48 19.64 19.66 19.56 19.56 19.59 19.50 19.46 19.47 19.69 19.69 19.65 19.65 19.67 19.69 19.67 19.56 19.53 19.49 19.41 19.51 19.58 19.33 19.32 19.59
19.62 19.53 19.57 19.49 19.57 19.59 19.59 19.59 19.57 19.65 19.62 19.59 19.55 19.56 19.59 19.54 19.48 19.59 19.64 19.66 19.68 19.67 19.64 19.63 19.69 19.70 19.70 19.70 19.66 19.70 19.62 19.61 19.60 19.66 19.63 19.56 19.57 19.62 19.53 19.55 19.38 19.39 19.59 19.59 19.48 19.70 19.70 19.69 19.59 19.27 18.83 19.27 19.60 19.69 19.68 19.66 19.58 19.67 19.50 19.54 19.68 19.65 19.65 19.58 19.61 19.63 19.68 19.61 19.41 19.55 19.62 19.60 19.66 19.52 19.50 19.56 19.62
19.58 19.49 19.51 19.50 19.51 19.52 19.47 19.48 19.49 19.54 19.65 19.63 19.61 19.59 19.60 19.60 19.56 19.50 19.42 19.40 19.54 19.67 19.64 19.56 19.64 19.69 19.68 19.68 19.67 19.71 19.70 19.64 19.60 19.62 19.62 19.55 19.57 19.48 19.43 19.41 19.37 19.38 19.38 19.47 19.77 19.77 19.77 19.67 19.57 19.48 19.36 19.57 19.67 19.68 19.62 19.64 19.64 19.64 19.63 19.58 19.63 19.61 19.59 19.56 19.56 19.63 19.57 19.31 19.48 19.62 19.57 19.57 19.54 19.54 19.56 19.58 19.55
19.50 19.44 19.52 19.50 19.50 19.54 19.47 19.49 19.57 19.54 19.58 19.61 19.56 19.60 19.63 19.56 19.58 19.60 19.62 19.55 19.48 19.44 19.50 19.50 19.60 19.56 19.59 19.63 19.66 19.70 19.69 19.60 19.56 19.57 19.68 19.58 19.44 19.34 19.41 19.35 19.36 19.25 19.47 19.47 19.47 19.77 19.77 19.60 19.55 19.39 19.37 19.41 19.55 19.58 19.42 19.49 19.44 19.60 19.58 19.59 19.54 19.45 19.41 19.50 19.47 19.50 19.31 19.30 19.39 19.55 19.52 19.47 19.35 19.53 19.55 19.56 19.50
19.51 19.45 19.50 19.56 19.50 19.53 19.54 19.54 19.55 19.51 19.57 19.58 19.59 19.56 19.60 19.58 19.62 19.63 19.65 19.65 19.64 19.57 19.47 19.44 19.52 19.52 19.55 19.56 19.63 19.65 19.59 19.55 19.52 19.50 19.60 19.49 19.30 19.38 19.35 19.31 19.18 19.20 19.21 19.21 19.21 19.22 19.22 19.51 19.59 19.50 19.31 19.37 19.34 19.25 19.13 19.32 19.31 19.45 19.44 19.51 19.46 19.43 19.35 19.47 19.52 19.50 19.52 19.40 19.26 19.32 19.43 19.32 19.32 19.47 19.47 19.37 19.09
19.46 19.50 19.57 19.55 19.54 19.47 19.54 19.50 19.53 19.51 19.54 19.57 19.65 19.58 19.58 19.57 19.58 19.54 19.55 19.52 19.64 19.60 19.54 19.52 19.55 19.58 19.50 19.49 19.52 19.60 19.61 19.48 19.50 19.49 19.60 19.56 19.46 19.36 19.27 19.22 19.09 19.23 19.14 19.14 19.13 19.18 19.18 19.55 19.59 19.54 19.40 19.33 19.26 19.23 18.97 19.03 19.34 19.25 19.38 19.39 19.30 19.31 19.33 19.52 19.53 19.51 19.48 19.41 19.47 19.34 19.45 19.22 19.31 19.40 19.38 19.13 19.11
19.37 19.37 19.51 19.58 19.46 19.47 19.54 19.57 19.52 19.52 19.49 19.50 19.57 19.56 19.56 19.53 19.59 19.59 19.57 19.53 19.56 19.52 19.51 19.49 19.46 19.53 19.47 19.47 19.46 19.47 19.55 19.54 19.53 19.54 19.53 19.54 19.50 19.37 19.32 19.40 19.35 19.43 19.31 19.31 19.13 19.03 19.27 19.57 19.57 19.49 19.30 19.28 19.37 19.32 18.99 19.00 18.99 19.13 19.15 19.23 18.95 19.07 19.30 19.51 19.55 19.54 19.49 19.54 19.56 19.20 19.39 19.24 19.24 19.18 19.10 19.26 19.37
19.27 19.36 19.51 19.57 19.50 19.49 19.45 19.48 19.46 19.52 19.50 19.56 19.55 19.58 19.60 19.56 19.57 19.57 19.58 19.53 19.50 19.47 19.53 19.51 19.45 19.43 19.36 19.31 19.48 19.52 19.56 19.53 19.55 19.51 19.52 19.47 19.52 19.54 19.34 19.35 19.42 19.33 19.29 19.23 19.10 19.20 19.38 19.48 19.53 19.46 19.35 19.15 19.34 19.28 19.38 19.18 19.10 19.14 19.22 19.43 19.41 19.43 19.45 19.51 19.54 19.53 19.51 19.44 19.49 19.00 19.37 19.23 19.17 18.90 19.09 19.27 19.42
19.30 19.38 19.49 19.47 19.50 19.52 19.51 19.48 19.45 19.47 19.47 19.45 19.52 19.55 19.58 19.59 19.54 19.58 19.56 19.56 19.52 19.38 19.40 19.43 19.44 19.43 19.46 19.43 19.46 19.48 19.57 19.56 19.59 19.47 19.50 19.47 19.55 19.56 19.56 19.43 19.48 19.31 19.28 19.26 19.25 19.29 19.19 19.47 19.52 19.44 19.47 19.29 18.97 18.68 19.11 19.25 19.32 19.44 19.36 19.33 19.37 19.48 19.38 19.42 19.54 19.55 19.52 19.51 19.35 19.33 19.37 19.18 19.09 19.04 19.25 19.26 19.06
19.30 19.36 19.41 19.43 19.46 19.50 19.51 19.50 19.50 19.49 19.54 19.50 19.54 19.55 19.58 19.59 19.58 19.56 19.57 19.57 19.55 19.45 19.36 19.32 19.37 19.40 19.46 19.53 19.54 19.54 19.52 19.44 19.51 19.49 19.48 19.50 19.54 19.52 19.51 19.45 19.43 19.46 19.42 19.26 19.24 19.03 19.42 19.53 19.46 19.49 19.36 19.40 18.68 18.61 18.64 19.17 19.30 19.42 19.36 19.20 19.38 19.48 19.48 19.45 19.43 19.53 19.55 19.50 19.47 19.36 19.26 19.02 18.96 19.00 19.26 19.29 18.96
19.34 19.28 19.37 19.37 19.38 19.37 19.47 19.52 19.53 19.54 19.55 19.55 19.55 19.56 19.59 19.53 19.56 19.52 19.52 19.53 19.47 19.43 19.37 19.40 19.37 19.40 19.38 19.50 19.46 19.51 19.48 19.41 19.52 19.48 19.31 19.34 19.38 19.42 19.48 19.42 19.45 19.44 19.45 19.38 19.10 19.11 19.51 19.52 19.44 19.50 19.44 19.46 18.95 18.61 18.70 18.69 19.12 19.39 19.24 19.25 19.37 19.49 19.51 19.46 19.35 19.47 19.51 19.50 19.48 19.38 19.43 19.32 19.14 18.99 19.17 19.30 19.22
19.22 19.38 19.35 19.34 19.36 19.39 19.46 19.44 19.49 19.54 19.55 19.55 19.53 19.51 19.49 19.51 19.53 19.46 19.47 19.42 19.36 19.44 19.19 19.40 19.45 19.42 19.44 19.48 19.46 19.43 19.45 19.37 19.44 19.23 19.22 19.44 19.42 19.37 19.38 19.41 19.46 19.40 19.45 19.27 19.18 19.18 19.46 19.49 19.47 19.50 19.42 19.47 19.22 18.46 18.72 18.74 19.03 19.37 19.35 19.39 19.36 19.43 19.44 19.52 19.40 19.39 19.42 19.48 19.47 19.38 19.36 19.38 19.33 18.90 19.00 19.18 19.20
19.39 19.42 19.44 19.40 19.34 19.41 19.42 19.39 19.43 19.47 19.51 19.49 19.51 19.54 19.48 19.50 19.43 19.45 19.44 19.43 19.39 19.35 19.34 19.30 19.35 19.33 19.40 19.43 19.41 19.41 19.42 19.35 19.32 19.23 19.37 19.37 19.33 19.30 19.30 19.34 19.35 19.34 19.33 19.13 19.22 19.38 19.41 19.47 19.48 19.44 19.38 19.25 19.33 18.81 18.84 18.80 18.98 19.18 19.38 19.38 19.43 19.42 19.40 19.41 19.41 19.40 19.44 19.42 19.44 19.38 19.41 19.31 19.34 19.26 19.41 19.34 19.25
19.38 19.37 19.39 19.41 19.30 19.33 19.41 19.38 19.37 19.42 19.49 19.48 19.52 19.54 19.47 19.46 19.43 19.42 19.35 19.31 19.37 19.25 19.41 19.37 19.31 19.28 19.26 19.26 19.34 19.38 19.32 19.14 19.20 19.39 19.36 19.37 19.30 19.24 19.36 19.38 19.38 19.36 19.41 19.38 19.28 19.29 19.40 19.42 19.41 19.42 19.36 19.29 19.20 19.06 19.38 19.28 19.22 19.24 19.28 19.31 19.44 19.41 19.36 19.30 19.31 19.37 19.38 19.33 19.31 19.35 19.29 18.98 19.16 19.22 19.37 19.41 19.44
19.26 19.29 19.34 19.39 19.37 19.32 19.40 19.40 19.35 19.39 19.44 19.47 19.50 19.46 19.49 19.47 19.48 19.43 19.39 19.42 19.41 19.34 19.22 19.42 19.42 19.35 19.34 19.36 19.38 19.37 19.26 19.29 19.26 19.28 19.29 19.31 19.35 19.29 19.28 19.35 19.37 19.45 19.45 19.36 19.31 19.32 19.29 19.34 19.30 19.42 19.36 19.30 19.26 19.41 19.43 19.41 19.30 19.22 19.18 19.31 19.37 19.33 19.30 19.21 19.17 19.22 19.28 19.27 19.31 19.35 19.22 19.11 19.19 19.25 19.26 19.37 19.40
19.27 19.28 19.38 19.36 19.36 19.36 19.41 19.44 19.41 19.35 19.43 19.46 19.47 19.46 19.45 19.46 19.46 19.40 19.42 19.42 19.41 19.42 19.31 19.31 19.33 19.40 19.39 19.43 19.43 19.37 19.15 19.31 19.32 19.38 19.35 19.30 19.33 19.33 19.29 19.28 19.38 19.44 19.42 19.37 19.30 19.24 19.18 19.30 19.29 19.39 19.33 19.30 19.22 19.41 19.41 19.36 19.36 19.21 19.24 19.24 19.29 19.32 19.33 19.32 19.24 19.26 19.24 19.18 19.26 19.25 19.28 19.22 19.21 19.26 19.13 19.28 19.26
19.30 19.32 19.36 19.37 19.40 19.38 19.40 19.37 19.18 19.34 19.42 19.46 19.44 19.41 19.43 19.41 19.42 19.40 19.39 19.40 19.31 19.41 19.38 19.34 19.28 19.36 19.36 19.38 19.37 19.36 19.20 19.21 19.23 19.33 19.34 19.26 19.24 19.31 19.35 19.36 19.33 19.41 19.41 19.36 19.29 19.20 19.14 19.30 19.33 19.31 19.27 19.33 19.31 19.36 19.42 19.40 19.39 19.37 19.21 19.27 19.26 19.35 19.30 19.32 19.24 19.22 19.15 19.16 19.26 19.24 19.24 19.31 19.31 19.36 19.28 19.37 19.24
