files/bom_datasets/05.17.18.txt
ncols 839
nrows 679
xllcenter 112.0500
yllcenter -43.9500
cellsize 0.0500
nodata_value 99999.90
[rows 272 to 305 of 679, columns 154 to 230 of 839]
16.62 16.75 16.71 16.69 16.84 16.73 16.68 16.83 16.85 16.88 16.83 16.82 16.90 16.85 16.90 16.92 16.96 16.98 16.99 16.97 16.85 16.83 16.85 16.87 16.80 16.84 16.96 16.94 16.80 16.85 16.87 16.84 16.92 16.88 16.81 16.85 16.85 16.81 16.94 16.93 16.90 16.87 16.90 16.84 16.87 16.90 16.85 16.81 16.84 16.89 16.82 16.68 16.77 16.86 16.82 16.73 16.82 16.89 16.83 16.56 16.45 16.77 16.99 16.89 16.88 16.73 16.96 16.84 16.82 17.02 16.93 16.89 16.95 16.87 16.87 16.94 16.98
16.64 16.70 16.76 16.82 16.81 16.76 16.71 16.76 16.79 16.79 16.81 16.85 16.91 16.90 16.85 16.89 16.93 16.93 16.93 16.86 16.83 16.87 16.85 16.86 16.86 16.84 16.91 16.91 16.88 16.81 16.78 16.82 16.74 16.71 16.76 16.80 16.87 16.92 16.93 16.87 16.86 16.78 16.78 16.79 16.92 16.93 16.83 16.81 16.92 16.86 16.79 16.72 16.81 16.91 16.84 16.82 16.82 16.87 16.79 16.77 16.78 16.45 16.87 16.90 16.92 16.88 16.85 16.88 16.78 16.87 16.98 16.99 17.06 17.06 16.89 16.94 16.93
16.69 16.72 16.77 16.87 16.90 16.86 16.82 16.78 16.82 16.74 16.70 16.82 16.84 16.85 16.85 16.88 16.84 16.83 16.87 16.91 16.90 16.85 16.89 16.88 16.85 16.89 16.83 16.84 16.93 16.88 16.81 16.73 16.71 16.70 16.65 16.80 16.81 16.88 16.90 16.85 16.79 16.78 16.73 16.74 16.85 16.85 16.75 16.80 16.97 16.93 16.78 16.80 16.82 16.81 16.84 16.84 16.78 16.78 16.77 16.82 16.81 16.75 16.79 16.82 16.90 16.94 16.95 16.88 16.84 16.83 16.97 16.92 16.93 16.90 16.86 16.93 16.84
16.68 16.74 16.70 16.82 16.84 16.83 16.82 16.79 16.78 16.74 16.71 16.79 16.80 16.78 16.83 16.86 16.81 16.85 16.89 16.88 16.83 16.81 16.84 16.85 16.87 16.87 16.89 16.83 16.86 16.88 16.86 16.77 16.70 16.57 16.53 16.67 16.72 16.78 16.87 16.83 16.78 16.78 16.69 16.74 16.83 16.78 16.78 16.84 16.80 16.84 16.78 16.79 16.81 16.75 16.93 16.89 16.80 16.74 16.70 16.73 16.75 16.75 16.77 16.77 16.85 16.87 16.96 16.77 16.79 16.82 16.87 16.91 16.87 16.79 16.78 16.79 16.79
16.48 16.55 16.57 16.65 16.64 16.59 16.62 16.59 16.57 16.62 16.69 16.80 16.83 16.86 16.88 16.91 16.90 16.85 16.85 16.83 16.78 16.75 16.77 16.83 16.86 16.92 16.89 16.87 16.86 16.88 16.84 16.77 16.67 16.63 16.61 16.69 16.72 16.69 16.78 16.77 16.79 16.77 16.78 16.83 16.78 16.72 16.81 16.83 16.69 16.72 16.76 16.79 16.78 16.76 16.94 16.86 16.86 16.86 16.79 16.75 16.77 16.80 16.84 16.78 16.83 16.86 16.97 16.80 16.79 16.87 16.89 16.83 16.83 16.81 16.74 16.73 16.89
16.32 16.51 16.57 16.60 16.62 16.64 16.64 16.59 16.60 16.63 16.62 16.65 16.71 16.74 16.78 16.79 16.82 16.81 16.83 16.78 16.74 16.77 16.78 16.80 16.86 16.89 16.87 16.82 16.85 16.87 16.82 16.75 16.65 16.57 16.56 16.62 16.71 16.77 16.79 16.75 16.78 16.79 16.83 16.86 16.86 16.71 16.73 16.81 16.79 16.77 16.76 16.81 16.79 16.85 16.90 16.86 16.86 16.87 16.85 16.74 16.68 16.76 16.83 16.79 16.82 16.89 16.88 16.86 16.87 16.91 16.92 16.84 16.76 16.81 16.74 16.69 16.89
16.15 16.32 16.41 16.37 16.42 16.41 16.35 16.37 16.42 16.44 16.43 16.48 16.55 16.60 16.70 16.71 16.69 16.68 16.73 16.79 16.76 16.80 16.77 16.79 16.81 16.84 16.86 16.82 16.79 16.78 16.80 16.80 16.77 16.73 16.60 16.65 16.75 16.83 16.87 16.78 16.77 16.78 16.85 16.80 16.69 16.78 16.80 16.74 16.74 16.79 16.77 16.75 16.76 16.85 16.87 16.86 16.85 16.82 16.78 16.72 16.67 16.73 16.81 16.82 16.80 16.82 16.88 16.83 16.84 16.90 16.89 16.84 16.79 16.78 16.78 16.77 16.83
16.10 16.18 16.21 16.25 16.29 16.35 16.27 16.24 16.29 16.25 16.23 16.31 16.45 16.48 16.49 16.55 16.59 16.52 16.57 16.66 16.71 16.74 16.75 16.71 16.72 16.77 16.77 16.70 16.73 16.72 16.67 16.79 16.80 16.79 16.69 16.66 16.67 16.71 16.75 16.76 16.71 16.69 16.70 16.63 16.62 16.74 16.80 16.77 16.71 16.68 16.75 16.78 16.85 16.88 16.86 16.88 16.83 16.79 16.84 16.85 16.82 16.77 16.77 16.79 16.78 16.80 16.73 16.73 16.75 16.80 16.82 16.86 16.82 16.90 16.89 16.95 16.91
16.05 16.15 16.29 16.30 16.09 16.08 15.96 15.99 16.12 16.24 16.24 16.31 16.43 16.37 16.35 16.57 16.60 16.57 16.62 16.63 16.65 16.60 16.53 16.51 16.61 16.59 16.54 16.53 16.61 16.56 16.58 16.67 16.63 16.67 16.62 16.65 16.65 16.63 16.67 16.71 16.76 16.67 16.61 16.59 16.68 16.68 16.72 16.72 16.77 16.71 16.73 16.75 16.83 16.84 16.82 16.82 16.77 16.80 16.77 16.78 16.84 16.86 16.77 16.70 16.79 16.79 16.63 16.74 16.73 16.74 16.75 16.83 16.87 16.90 16.90 16.93 16.89
15.65 15.70 15.45 15.93 15.97 15.95 15.98 16.09 16.19 16.20 16.21 16.20 16.26 16.22 16.32 16.37 16.41 16.37 16.36 16.42 16.39 16.39 16.45 16.52 16.60 16.65 16.68 16.70 16.70 16.65 16.69 16.69 16.65 16.56 16.53 16.53 16.55 16.59 16.65 16.64 16.61 16.65 16.68 16.60 16.56 16.66 16.61 16.58 16.66 16.64 16.63 16.75 16.78 16.77 16.76 16.76 16.74 16.67 16.76 16.77 16.80 16.85 16.83 16.84 16.80 16.80 16.67 16.71 16.73 16.68 16.74 16.84 16.81 16.75 16.84 16.90 16.84
15.86 15.90 15.87 15.95 15.93 15.95 15.95 15.96 16.02 16.13 16.14 16.10 16.05 16.03 16.01 16.09 16.11 16.14 16.18 16.28 16.34 16.37 16.45 16.46 16.44 16.54 16.55 16.51 16.49 16.51 16.49 16.45 16.48 16.41 16.47 16.53 16.57 16.60 16.65 16.61 16.54 16.59 16.58 16.57 16.40 16.40 16.40 16.44 16.48 16.56 16.63 16.67 16.77 16.76 16.77 16.78 16.73 16.71 16.76 16.82 16.81 16.86 16.85 16.86 16.79 16.77 16.75 16.63 16.71 16.65 16.57 16.75 16.81 16.83 16.79 16.77 16.78
16.19 16.30 16.09 16.04 15.92 15.77 15.74 15.76 15.77 15.84 15.92 15.99 16.06 16.22 16.24 16.25 16.25 16.21 16.22 16.35 16.39 16.37 16.40 16.40 16.38 16.34 16.29 16.33 16.41 16.50 16.54 16.56 16.54 16.57 16.53 16.52 16.52 16.52 16.48 16.41 16.37 16.38 16.38 16.30 16.30 16.42 16.41 16.46 16.50 16.58 16.67 16.72 16.75 16.79 16.82 16.74 16.72 16.72 16.73 16.79 16.79 16.80 16.78 16.80 16.74 16.69 16.69 16.64 16.65 16.65 16.60 16.61 16.71 16.72 16.69 16.68 16.64
16.48 16.50 16.50 16.50 16.25 16.07 15.90 15.86 16.01 16.10 16.15 16.26 16.35 16.40 16.33 16.31 16.28 16.35 16.31 16.34 16.36 16.33 16.33 16.28 16.20 16.16 16.26 16.34 16.40 16.40 16.40 16.38 16.33 16.33 16.31 16.38 16.35 16.38 16.41 16.41 16.28 16.34 16.41 16.56 16.57 16.59 16.66 16.63 16.54 16.54 16.60 16.64 16.72 16.74 16.75 16.66 16.69 16.65 16.68 16.65 16.69 16.74 16.74 16.71 16.70 16.65 16.66 16.64 16.64 16.65 16.61 16.59 16.66 16.63 16.52 16.59 16.61
16.48 16.54 16.48 16.48 16.36 16.04 16.10 16.20 16.22 16.25 16.17 16.21 16.26 16.32 16.28 16.30 16.30 16.32 16.29 16.30 16.33 16.21 16.17 16.23 16.23 16.19 16.15 16.20 16.24 16.23 16.22 16.28 16.26 16.26 16.30 16.33 16.36 16.39 16.43 16.39 16.35 16.41 16.48 16.56 16.55 16.53 16.47 16.48 16.40 16.60 16.59 16.58 16.64 16.60 16.64 16.65 16.62 16.63 16.72 16.69 16.68 16.70 16.71 16.68 16.67 16.62 16.64 16.64 16.61 16.67 16.60 16.61 16.59 16.62 16.62 16.64 16.63
16.40 16.42 16.41 16.41 16.36 16.29 16.25 16.36 16.36 16.34 16.33 16.30 16.22 16.19 16.18 16.17 16.15 16.19 16.20 16.14 16.17 16.23 16.30 16.27 16.12 16.10 16.00 16.04 16.05 16.15 16.10 16.14 16.15 16.21 16.25 16.29 16.31 16.33 16.33 16.34 16.27 16.34 16.36 16.42 16.42 16.37 16.42 16.41 16.54 16.52 16.59 16.64 16.55 16.62 16.62 16.64 16.70 16.69 16.65 16.65 16.72 16.71 16.69 16.70 16.69 16.67 16.64 16.63 16.59 16.57 16.58 16.56 16.61 16.63 16.61 16.60 16.63
16.34 16.31 16.22 16.31 16.31 16.32 16.32 16.37 16.40 16.46 16.48 16.49 16.37 16.26 16.24 16.31 16.19 16.20 16.24 16.31 16.28 16.29 16.27 16.16 16.07 15.99 16.00 16.07 16.08 16.20 16.26 16.30 16.36 16.41 16.39 16.45 16.37 16.40 16.35 16.35 16.21 16.23 16.31 16.30 16.28 16.32 16.36 16.37 16.41 16.47 16.56 16.67 16.65 16.67 16.63 16.65 16.66 16.60 16.69 16.66 16.68 16.72 16.66 16.67 16.67 16.61 16.57 16.59 16.54 16.52 16.53 16.54 16.56 16.61 16.68 16.59 16.59
16.25 16.30 16.33 16.30 16.30 16.33 16.30 16.33 16.38 16.53 16.48 16.46 16.35 16.26 16.12 16.20 16.22 16.36 16.36 16.38 16.44 16.42 16.32 16.27 16.27 16.20 16.10 16.08 16.11 16.24 16.26 16.31 16.31 16.41 16.34 16.40 16.32 16.34 16.34 16.37 16.27 16.24 16.36 16.32 16.31 16.29 16.38 16.46 16.45 16.49 16.59 16.63 16.71 16.72 16.68 16.65 16.66 16.70 16.70 16.66 16.63 16.63 16.62 16.57 16.67 16.59 16.65 16.66 16.59 16.57 16.56 16.62 16.65 16.71 16.63 16.63 16.58
16.17 16.21 16.19 16.28 16.29 16.43 16.44 16.46 16.47 16.45 16.44 16.42 16.38 16.42 16.25 16.10 16.18 16.44 16.57 16.53 16.54 16.48 16.39 16.35 16.29 16.18 16.13 16.05 16.14 16.22 16.32 16.36 16.37 16.39 16.40 16.47 16.46 16.41 16.40 16.45 16.38 16.29 16.27 16.32 16.27 16.30 16.39 16.52 16.52 16.51 16.54 16.63 16.73 16.68 16.63 16.61 16.68 16.73 16.68 16.71 16.66 16.66 16.64 16.65 16.62 16.61 16.53 16.53 16.55 16.52 16.54 16.51 16.57 16.60 16.61 16.66 16.64
16.33 16.25 16.17 16.31 16.29 16.22 16.34 16.38 16.40 16.34 16.42 16.34 16.33 16.35 16.34 16.33 16.49 16.51 16.53 16.58 16.57 16.57 16.55 16.42 16.19 16.22 16.14 16.15 16.23 16.18 16.25 16.27 16.34 16.33 16.42 16.43 16.45 16.45 16.36 16.53 16.43 16.42 16.33 16.25 16.31 16.33 16.46 16.49 16.50 16.52 16.54 16.50 16.53 16.57 16.56 16.56 16.61 16.68 16.57 16.59 16.60 16.63 16.62 16.66 16.59 16.58 16.51 16.50 16.48 16.45 16.45 16.51 16.53 16.53 16.49 16.57 16.58
16.31 16.33 16.29 16.36 16.40 16.41 16.33 16.12 16.17 16.11 16.19 16.24 16.20 16.24 16.10 16.17 16.44 16.43 16.48 16.51 16.56 16.52 16.57 16.42 16.43 16.40 16.35 16.27 16.33 16.33 16.35 16.41 16.37 16.34 16.42 16.49 16.45 16.39 16.36 16.25 16.27 16.30 16.33 16.27 16.25 16.27 16.36 16.41 16.39 16.42 16.41 16.47 16.50 16.52 16.52 16.52 16.48 16.59 16.51 16.56 16.58 16.60 16.59 16.55 16.61 16.58 16.53 16.49 16.52 16.43 16.35 16.42 16.46 16.41 16.46 16.44 16.58
16.31 16.27 16.18 16.19 16.21 16.23 16.18 16.00 16.05 16.15 16.09 16.18 16.27 16.20 16.04 16.08 16.03 16.04 16.37 16.39 16.38 16.34 16.36 16.33 16.37 16.39 16.34 16.17 16.28 16.33 16.38 16.45 16.35 16.41 16.39 16.36 16.32 16.37 16.23 16.28 16.32 16.50 16.30 16.23 16.22 16.34 16.35 16.33 16.28 16.29 16.33 16.46 16.50 16.48 16.50 16.47 16.46 16.50 16.52 16.54 16.53 16.55 16.55 16.54 16.48 16.49 16.55 16.47 16.48 16.39 16.35 16.33 16.37 16.41 16.40 16.44 16.46
16.20 16.12 16.11 16.14 16.17 16.11 16.01 16.00 16.08 16.18 16.13 16.15 16.10 15.92 15.97 16.03 16.19 16.27 16.34 16.27 16.22 16.19 16.19 16.28 16.36 16.39 16.33 16.37 16.40 16.38 16.37 16.39 16.35 16.32 16.31 16.33 16.35 16.37 16.22 16.41 16.45 16.45 16.33 16.33 16.27 16.42 16.41 16.39 16.40 16.43 16.43 16.41 16.46 16.51 16.51 16.44 16.46 16.45 16.44 16.47 16.52 16.48 16.50 16.45 16.45 16.48 16.50 16.41 16.38 16.37 16.34 16.36 16.51 16.45 16.48 16.43 16.48
16.32 16.26 16.27 16.31 16.31 16.33 16.32 16.32 16.31 16.22 16.05 16.11 16.11 16.02 15.97 16.02 16.18 16.13 16.20 16.16 16.11 16.28 16.27 16.35 16.36 16.37 16.36 16.28 16.29 16.32 16.39 16.35 16.30 16.33 16.36 16.39 16.38 16.42 16.39 16.42 16.51 16.45 16.39 16.40 16.49 16.51 16.46 16.48 16.49 16.49 16.51 16.49 16.47 16.47 16.43 16.43 16.43 16.45 16.47 16.48 16.49 16.50 16.47 16.47 16.40 16.46 16.48 16.41 16.35 16.33 16.38 16.42 16.53 16.53 16.46 16.47 16.49
16.26 16.29 16.25 16.23 16.20 16.25 16.23 16.24 16.26 16.30 16.23 16.11 16.14 16.25 16.16 16.09 16.18 16.25 16.32 16.29 16.33 16.41 16.27 16.34 16.38 16.29 16.26 16.28 16.27 16.35 16.31 16.27 16.30 16.32 16.40 16.37 16.39 16.45 16.36 16.43 16.45 16.44 16.44 16.40 16.44 16.43 16.39 16.45 16.46 16.44 16.48 16.50 16.48 16.49 16.48 16.43 16.45 16.43 16.41 16.48 16.48 16.48 16.48 16.43 16.39 16.46 16.44 16.40 16.38 16.34 16.39 16.44 16.50 16.51 16.48 16.44 16.44
16.20 16.25 16.29 16.26 16.20 16.10 16.16 16.13 16.16 16.18 16.14 16.25 16.32 16.25 16.21 16.17 16.21 16.22 16.32 16.38 16.32 16.30 16.12 16.09 16.12 16.12 16.13 16.22 16.23 16.28 16.34 16.22 16.23 16.30 16.40 16.43 16.43 16.39 16.34 16.36 16.43 16.41 16.38 16.34 16.38 16.40 16.41 16.41 16.42 16.43 16.44 16.41 16.42 16.41 16.45 16.46 16.48 16.45 16.41 16.45 16.47 16.40 16.43 16.38 16.43 16.47 16.43 16.40 16.32 16.32 16.38 16.44 16.41 16.44 16.45 16.41 16.38
16.18 16.18 16.22 16.20 16.25 16.17 16.12 16.12 16.05 16.17 16.15 16.22 16.20 16.15 16.06 16.03 16.12 16.06 16.11 16.22 16.20 16.12 16.08 16.10 16.12 16.11 16.15 16.18 16.16 16.10 16.20 16.23 16.22 16.19 16.37 16.40 16.40 16.34 16.36 16.30 16.38 16.36 16.37 16.39 16.36 16.43 16.40 16.43 16.41 16.40 16.40 16.44 16.46 16.42 16.45 16.45 16.42 16.42 16.43 16.41 16.44 16.46 16.44 16.40 16.39 16.41 16.40 16.34 16.25 16.31 16.30 16.34 16.36 16.36 16.41 16.43 16.44
16.02 16.11 16.19 16.17 16.19 16.14 16.15 16.13 16.07 16.11 16.18 16.19 16.15 16.15 16.09 16.06 16.00 15.99 16.11 16.18 16.18 16.09 16.04 16.13 16.21 16.14 16.10 16.13 16.02 16.08 16.14 16.19 16.16 16.32 16.38 16.34 16.33 16.36 16.29 16.28 16.31 16.33 16.37 16.33 16.35 16.36 16.33 16.34 16.33 16.35 16.38 16.40 16.41 16.46 16.44 16.43 16.42 16.39 16.40 16.42 16.44 16.42 16.40 16.38 16.38 16.35 16.39 16.32 16.32 16.30 16.30 16.32 16.34 16.31 16.36 16.38 16.36
15.94 15.94 16.07 16.22 16.21 16.26 16.22 16.21 16.25 16.23 16.22 16.20 16.25 16.21 16.11 16.06 15.96 15.96 16.10 16.19 16.23 16.25 16.23 16.27 16.26 16.18 16.22 16.27 16.23 16.19 16.11 16.12 16.22 16.33 16.37 16.40 16.38 16.34 16.32 16.23 16.24 16.29 16.27 16.29 16.31 16.27 16.26 16.25 16.31 16.28 16.35 16.31 16.34 16.42 16.41 16.35 16.35 16.30 16.33 16.40 16.42 16.41 16.40 16.36 16.37 16.35 16.36 16.33 16.29 16.29 16.34 16.35 16.29 16.29 16.33 16.33 16.34
16.09 16.04 16.11 16.20 16.22 16.20 16.19 16.20 16.17 16.15 16.20 16.20 16.22 16.26 16.26 16.25 16.20 16.18 16.25 16.23 16.28 16.34 16.26 16.26 16.15 16.14 16.14 16.19 16.19 16.21 16.30 16.25 16.29 16.30 16.33 16.31 16.36 16.28 16.26 16.24 16.20 16.16 16.27 16.25 16.27 16.23 16.22 16.23 16.32 16.25 16.31 16.28 16.29 16.31 16.31 16.34 16.36 16.33 16.34 16.42 16.37 16.43 16.39 16.37 16.34 16.29 16.32 16.37 16.25 16.28 16.30 16.36 16.33 16.25 16.36 16.37 16.37
16.12 16.25 16.18 16.25 16.21 16.16 16.13 16.16 16.20 16.12 16.21 16.22 16.31 16.27 16.24 16.24 16.22 16.08 16.10 16.15 16.22 16.24 16.15 16.16 16.16 16.08 16.14 16.09 16.18 16.20 16.09 16.12 16.24 16.28 16.26 16.25 16.29 16.18 16.11 16.21 16.28 16.21 16.25 16.17 16.25 16.26 16.22 16.27 16.33 16.24 16.26 16.18 16.15 16.21 16.22 16.29 16.33 16.29 16.32 16.32 16.33 16.36 16.38 16.37 16.34 16.22 16.22 16.27 16.31 16.31 16.33 16.36 16.33 16.30 16.33 16.34 16.36
16.13 16.14 16.19 16.18 16.25 16.25 16.15 16.13 16.17 16.24 16.24 16.28 16.20 16.14 16.15 16.11 16.07 16.07 15.97 16.08 16.17 16.21 16.14 16.19 16.14 16.15 16.11 16.16 16.15 16.11 15.98 16.11 16.29 16.26 16.13 16.08 16.18 16.10 16.04 16.09 16.16 16.13 16.16 16.10 16.11 16.15 16.20 16.27 16.23 16.24 16.22 16.26 16.23 16.23 16.28 16.26 16.22 16.29 16.26 16.27 16.29 16.31 16.30 16.29 16.28 16.22 16.17 16.22 16.14 16.19 16.20 16.18 16.27 16.32 16.30 16.26 16.31
16.24 16.22 16.07 16.14 16.12 16.16 16.27 16.24 16.29 16.23 16.21 16.24 16.20 16.20 16.17 16.21 16.14 16.16 16.05 16.08 16.11 16.14 16.19 16.18 16.10 16.11 16.06 16.04 15.99 15.97 16.11 16.10 16.23 16.15 16.07 16.09 16.07 16.08 16.01 16.10 16.05 16.17 16.20 16.22 16.11 16.06 16.20 16.28 16.26 16.33 16.28 16.25 16.11 16.21 16.25 16.14 16.15 16.24 16.26 16.24 16.23 16.23 16.25 16.32 16.32 16.35 16.29 16.19 16.18 16.18 16.23 16.18 16.16 16.21 16.27 16.24 16.37
16.28 16.22 16.18 16.20 16.09 16.15 16.31 16.34 16.27 16.30 16.27 16.28 16.22 16.20 16.18 16.16 16.17 16.09 15.95 15.97 16.02 15.99 16.13 16.09 16.08 15.98 15.99 15.90 16.04 16.08 16.18 16.16 16.13 15.99 15.97 16.02 16.01 15.95 16.05 16.13 16.03 16.13 16.16 16.12 16.16 16.14 16.22 16.29 16.27 16.31 16.27 16.27 16.22 16.24 16.14 16.22 16.22 16.22 16.19 16.21 16.20 16.11 16.16 16.24 15.94 16.27 16.24 16.30 16.24 16.21 16.15 16.15 16.14 16.15 16.30 16.35 16.28
16.27 16.26 16.18 16.16 16.11 16.11 16.20 16.25 16.23 16.26 16.17 16.21 16.22 16.18 16.18 16.17 16.19 16.15 16.02 16.00 15.85 15.91 16.00 16.03 16.05 16.01 15.90 15.91 15.87 16.07 16.12 16.09 16.03 15.96 15.93 15.95 15.91 15.97 16.05 16.01 16.05 16.12 16.21 15.95 15.89 16.08 16.20 16.29 16.27 16.24 16.23 16.21 16.15 16.12 16.17 16.18 16.21 16.14 16.12 16.12 16.20 16.21 16.12 16.24 15.93 15.89 16.25 16.26 16.12 16.12 16.15 16.19 16.16 16.25 16.22 16.19 16.21
