files/bom_datasets/05.13.18.txt
ncols 839
nrows 679
xllcenter 112.0500
yllcenter -43.9500
cellsize 0.0500
nodata_value 99999.90
[rows 170 to 203 of 679, columns 385 to 461 of 839]
19.34 19.31 19.36 19.40 19.32 19.27 19.27 19.22 19.37 19.37 19.48 19.45 19.44 19.42 19.40 19.36 19.35 19.34 19.26 19.31 19.33 19.25 19.30 19.29 19.26 19.22 19.45 19.37 19.39 19.28 19.18 19.31 19.31 19.37 19.45 19.32 18.98 19.07 19.11 19.06 19.08 19.17 19.34 19.33 19.01 19.26 19.17 19.14 19.11 19.25 19.34 19.24 19.22 19.33 19.37 19.33 19.29 19.30 19.17 19.00 18.77 18.63 18.95 19.00 19.04 19.03 19.05 19.04 19.23 19.21 19.05 19.08 19.01 19.13 19.07 19.04 19.01
19.30 19.30 19.29 19.37 19.30 19.34 19.31 19.31 19.34 19.32 19.42 19.30 19.37 19.34 19.30 19.27 19.23 19.28 19.39 19.31 19.34 19.21 19.25 19.19 19.20 19.23 19.43 19.34 19.31 19.28 19.14 19.32 19.35 19.41 19.41 19.30 19.02 19.02 18.99 18.96 19.02 19.12 19.35 19.34 19.03 19.22 19.15 19.14 19.17 19.36 19.36 19.24 19.23 19.33 19.36 19.34 19.22 19.29 19.11 19.01 18.77 18.65 18.86 19.02 19.17 19.07 18.88 18.76 19.19 19.27 19.11 19.06 18.96 19.14 19.13 19.10 18.92
19.16 19.24 19.29 19.38 19.39 19.33 19.32 19.29 19.29 19.33 19.39 19.29 19.35 19.29 19.16 19.25 19.14 19.28 19.45 19.34 19.29 19.22 19.24 19.21 19.15 19.24 19.33 19.30 19.36 19.33 19.23 19.27 19.37 19.38 19.43 19.30 19.11 19.14 19.09 18.97 19.03 19.13 19.31 19.40 19.17 19.25 19.14 19.16 19.23 19.25 19.29 19.19 19.18 19.32 19.38 19.36 19.15 19.21 19.14 18.98 18.76 18.70 18.82 18.73 18.97 18.99 18.80 18.82 19.25 19.31 19.24 19.13 19.06 19.15 19.03 19.00 18.91
19.30 19.29 19.21 19.29 19.31 19.29 19.27 19.24 19.24 19.35 19.25 19.23 19.20 19.24 19.04 19.16 19.09 19.25 19.42 19.38 19.25 19.22 19.18 19.24 19.13 19.17 19.30 19.29 19.26 19.25 19.17 19.20 19.33 19.30 19.30 19.23 19.19 19.12 19.13 19.00 19.03 19.04 19.25 19.36 19.33 19.32 19.17 19.12 19.13 19.21 19.23 19.19 19.22 19.25 19.35 19.35 19.24 19.14 19.11 18.83 18.72 18.69 18.66 18.71 18.79 18.90 18.73 18.87 19.33 19.31 19.18 19.13 19.12 19.14 18.93 18.87 18.94
19.21 19.18 19.11 19.28 19.30 19.28 19.32 19.26 19.28 19.32 19.22 19.19 19.00 19.22 19.21 19.22 19.09 19.27 19.35 19.38 19.31 19.25 19.20 19.22 19.15 19.11 19.30 19.31 19.29 19.18 19.14 19.22 19.36 19.38 19.31 19.22 19.14 19.14 19.10 19.08 19.05 18.96 19.20 19.38 19.36 19.29 19.24 19.14 19.10 19.23 19.17 19.18 19.21 19.22 19.25 19.32 19.19 19.08 19.04 18.71 18.71 18.79 18.64 18.68 18.60 18.84 18.84 18.88 19.34 19.26 19.15 19.12 18.99 19.11 18.83 18.97 19.08
19.22 19.17 19.13 19.25 19.23 19.23 19.28 19.27 19.27 19.26 19.17 18.94 19.22 19.33 19.26 19.24 19.16 19.29 19.31 19.37 19.33 19.25 19.18 19.27 19.20 19.11 19.17 19.29 19.28 19.23 19.14 19.26 19.31 19.33 19.25 19.21 19.08 19.11 19.18 19.05 19.09 19.10 19.14 19.24 19.30 19.27 19.24 19.16 19.05 19.11 19.15 19.17 19.19 19.26 19.29 19.30 19.18 19.06 19.10 18.80 18.86 18.71 18.65 18.64 18.57 18.66 18.94 18.93 19.29 19.18 19.02 19.02 18.89 18.93 18.96 19.04 19.07
19.26 19.22 19.12 19.14 19.17 19.21 19.26 19.28 19.26 19.19 19.23 19.20 19.31 19.33 19.27 19.24 19.20 19.22 19.17 19.26 19.28 19.31 19.22 19.26 19.23 19.12 19.11 19.28 19.16 19.20 19.12 19.20 19.26 19.33 19.26 19.20 19.11 19.08 19.27 19.08 19.09 19.18 19.23 19.14 19.23 19.25 19.18 19.08 18.96 19.04 19.15 19.26 19.11 19.17 19.30 19.26 19.24 19.09 19.00 18.72 18.77 18.80 18.79 18.70 18.58 18.69 18.83 19.17 19.21 19.10 18.77 18.86 18.73 18.91 18.81 18.95 19.02
19.25 19.29 19.18 19.22 19.24 19.29 19.29 19.30 19.29 19.24 19.30 19.29 19.31 19.29 19.31 19.31 19.20 19.20 19.20 19.26 19.31 19.29 19.21 19.25 19.28 19.13 19.02 19.29 19.26 19.20 19.14 19.14 19.27 19.31 19.23 19.20 19.02 19.12 19.27 19.21 19.07 19.16 19.26 19.21 19.18 19.23 19.27 19.09 19.04 18.98 19.01 19.25 19.13 19.12 19.25 19.21 19.20 19.19 19.01 18.76 18.86 18.80 18.81 18.95 18.70 18.69 18.85 19.33 19.25 19.00 18.71 18.63 18.65 18.76 18.58 18.86 19.00
19.25 19.28 19.25 19.18 19.31 19.31 19.23 19.24 19.27 19.22 19.24 19.29 19.26 19.20 19.29 19.29 19.20 19.19 19.19 19.25 19.28 19.27 19.23 19.23 19.29 19.24 19.04 19.28 19.19 19.21 19.17 19.20 19.28 19.25 19.25 19.24 19.01 19.18 19.25 19.25 19.09 19.15 19.25 19.16 19.20 19.24 19.27 19.07 19.16 18.96 18.94 19.08 19.05 19.01 19.18 19.16 19.25 19.20 18.99 18.69 18.86 18.72 18.89 18.95 18.79 18.77 18.93 19.17 19.06 18.82 18.70 18.65 18.32 18.51 18.29 18.54 18.89
19.17 19.19 19.23 19.23 19.31 19.29 19.22 19.24 19.23 19.23 19.24 19.32 19.20 19.15 19.31 19.29 19.20 19.16 19.20 19.24 19.20 19.22 19.27 19.21 19.20 19.18 19.10 19.06 19.19 19.24 19.19 19.15 19.16 19.16 19.18 19.19 19.00 19.15 19.28 19.24 19.19 19.10 19.13 19.08 19.23 19.29 19.19 19.18 19.11 19.00 19.00 18.96 19.08 19.04 19.05 19.01 19.22 19.20 19.04 18.82 18.88 18.80 18.90 18.95 18.89 18.73 18.91 18.99 18.74 18.58 18.54 18.71 18.51 18.53 18.49 18.43 18.86
19.13 19.22 19.25 19.19 19.24 19.24 19.17 19.16 19.18 19.18 19.23 19.26 19.18 19.15 19.24 19.27 19.25 19.13 19.14 19.18 19.14 19.25 19.26 19.25 19.23 19.20 19.18 18.96 19.19 19.24 19.17 19.17 19.16 19.19 19.19 19.18 19.03 19.02 19.25 19.21 19.18 19.18 19.12 19.08 19.21 19.24 19.12 19.12 19.01 19.00 18.86 18.94 19.08 19.12 19.13 19.12 19.13 19.17 19.07 18.84 18.74 18.64 18.99 19.01 18.94 19.01 18.96 18.81 18.62 18.57 18.73 18.79 18.71 18.60 18.51 18.48 18.88
19.18 19.23 19.29 19.23 19.15 19.23 19.14 19.10 19.12 19.13 19.18 19.17 19.17 19.09 19.12 19.24 19.20 19.08 19.10 19.18 19.11 19.21 19.21 19.18 19.17 19.18 19.17 19.08 19.06 19.17 19.18 19.10 19.12 19.24 19.16 19.16 19.06 19.01 19.22 19.20 19.18 19.22 19.10 19.13 19.22 19.09 19.10 19.10 19.00 18.98 18.91 18.89 18.97 19.11 19.10 19.16 19.13 19.13 18.99 18.83 18.69 18.65 18.94 18.96 18.88 19.02 18.93 18.97 18.89 18.74 18.61 18.61 18.72 18.72 18.66 18.64 18.80
19.23 19.20 19.25 19.21 19.17 19.22 19.16 19.06 19.10 19.11 19.14 19.11 19.13 19.10 19.04 19.15 19.16 19.09 19.02 19.14 19.11 19.17 19.11 19.18 19.17 19.11 19.12 19.12 18.99 19.18 19.17 19.07 19.10 19.19 19.13 19.09 19.11 18.87 19.16 19.19 19.15 19.21 19.08 19.10 19.08 19.07 19.11 19.10 19.08 19.01 18.95 18.88 18.87 19.08 19.07 19.09 19.14 19.07 18.85 18.83 18.72 18.57 18.87 18.93 18.99 18.99 19.03 18.96 18.89 18.89 18.96 18.77 18.74 18.77 18.66 18.70 18.81
19.24 19.19 19.22 19.18 19.13 19.19 19.15 19.11 19.13 19.07 19.12 19.09 19.08 19.16 19.04 19.06 19.10 19.00 18.97 19.11 19.14 19.16 19.20 19.12 19.13 19.08 19.08 19.18 19.03 19.15 19.08 19.01 19.10 19.12 19.08 19.08 19.14 18.83 19.12 19.23 19.12 19.14 18.92 19.03 19.06 19.01 19.03 19.00 19.08 19.02 19.03 18.92 18.88 18.99 19.04 19.09 19.17 19.07 18.88 18.68 18.72 18.54 18.79 18.86 19.01 19.03 19.08 18.90 18.90 18.90 19.02 18.80 18.83 18.85 18.74 18.68 18.76
19.18 19.19 19.21 19.14 19.09 19.11 19.13 19.13 19.08 19.06 19.10 19.07 19.11 19.16 18.98 18.98 19.05 19.05 18.95 19.04 19.10 19.08 19.21 19.22 19.13 19.13 19.07 19.15 19.05 19.02 19.00 19.06 19.12 19.08 19.04 19.03 19.11 18.81 19.11 19.18 19.07 19.00 18.92 18.92 18.95 18.88 18.84 18.91 19.10 19.00 18.98 18.96 18.94 18.92 19.04 19.11 19.10 19.02 18.94 18.66 18.76 18.53 18.69 18.81 18.93 19.15 19.03 18.90 18.86 18.99 19.01 18.78 18.71 18.96 18.80 18.78 18.71
19.12 19.15 19.19 19.19 19.13 19.04 19.07 19.06 19.12 19.10 19.15 19.09 19.06 19.16 19.03 18.99 19.00 18.95 18.96 19.02 19.07 19.00 19.18 19.12 19.00 19.01 18.97 18.96 19.09 19.10 19.03 19.02 18.97 18.97 18.96 18.95 19.10 18.84 19.04 19.05 19.06 19.00 18.88 18.90 18.93 18.82 18.81 19.00 19.10 19.09 19.04 19.03 18.99 18.91 19.07 19.01 18.97 18.92 18.95 18.80 18.91 18.61 18.61 18.76 18.85 19.09 18.97 18.80 18.80 19.03 18.99 18.69 18.60 18.94 18.91 18.86 18.69
19.09 19.13 19.17 19.19 19.14 19.12 19.00 19.10 19.11 19.03 19.10 19.05 18.97 19.07 19.04 19.01 18.96 18.92 19.01 19.04 19.06 19.04 19.07 19.10 18.96 18.77 18.89 19.08 19.06 19.13 19.08 18.94 18.96 18.92 18.91 18.91 19.01 19.02 18.99 19.07 19.05 18.98 18.89 18.88 18.90 18.93 18.93 19.07 19.09 19.12 19.07 19.05 19.01 18.95 19.02 18.99 19.02 18.97 18.99 18.92 18.92 18.70 18.61 18.67 18.83 18.99 18.89 18.66 18.80 18.95 18.91 18.55 18.73 18.89 18.99 18.87 18.87
19.05 19.14 19.14 19.14 19.16 19.17 19.00 19.05 19.06 18.95 19.08 19.08 19.00 19.06 19.03 19.01 18.98 18.86 18.99 19.03 19.07 19.03 18.99 19.13 19.11 18.94 18.97 19.13 19.10 19.07 19.09 19.00 18.99 18.96 18.93 18.92 18.99 19.03 18.89 19.07 19.10 19.05 18.88 18.94 18.91 18.99 18.99 18.94 19.06 19.04 18.99 18.99 18.90 19.04 19.08 18.98 19.03 18.99 18.85 18.88 18.89 18.79 18.58 18.75 18.83 18.98 18.80 18.61 18.84 18.97 18.77 18.57 18.82 18.90 18.87 18.81 18.94
18.97 19.10 19.13 19.15 19.13 19.06 19.06 18.99 19.05 19.02 19.04 19.05 18.96 19.00 19.04 19.00 19.00 18.88 18.94 19.05 19.05 18.99 18.95 19.04 19.10 18.93 18.97 19.10 19.12 19.03 19.07 19.02 19.01 19.02 18.98 18.96 19.02 19.03 18.79 18.97 18.96 19.04 18.87 18.90 18.85 18.98 18.96 18.88 18.93 18.99 19.04 19.03 18.96 19.03 19.09 18.97 18.94 18.98 18.81 18.81 18.84 18.77 18.71 18.76 18.87 18.91 18.79 18.68 18.82 18.91 18.66 18.72 18.89 18.86 18.73 18.88 18.98
18.99 19.06 19.08 19.11 19.07 19.09 19.02 18.92 19.05 19.03 19.04 19.03 18.87 18.96 19.01 18.98 18.91 18.81 18.87 18.97 18.94 19.02 18.95 18.92 18.99 18.91 18.91 19.04 19.05 19.08 19.01 19.06 19.08 19.07 19.04 18.95 19.00 19.09 18.80 18.86 18.95 19.05 18.95 18.87 18.83 18.96 18.98 18.81 18.84 18.93 18.98 19.01 18.96 18.98 18.97 18.89 18.88 18.93 18.86 18.75 18.73 18.65 18.79 18.74 18.91 18.75 18.76 18.75 18.83 18.85 18.55 18.76 18.82 18.83 18.58 18.83 19.00
18.99 18.97 19.03 19.02 19.03 19.05 18.98 18.92 18.99 19.01 18.98 19.03 18.89 18.91 18.94 19.01 18.97 18.81 18.85 18.86 18.87 18.97 18.89 18.97 19.01 18.98 18.92 18.94 19.02 19.05 18.97 19.01 19.07 18.98 19.07 18.89 18.94 19.03 18.77 18.93 18.95 19.03 19.07 18.81 18.84 18.90 18.93 18.79 18.82 18.85 18.91 18.98 18.97 18.98 18.88 18.97 18.89 18.87 18.94 18.83 18.79 18.71 18.76 18.79 18.80 18.64 18.63 18.68 18.73 18.81 18.57 18.82 18.81 18.73 18.53 18.85 18.91
18.94 19.01 19.01 18.98 19.04 19.04 19.05 18.95 18.99 19.05 18.98 18.98 19.03 18.92 18.97 19.02 19.04 18.89 18.86 18.83 18.83 18.90 18.89 18.95 19.01 19.03 19.03 18.94 18.98 19.07 19.00 18.93 19.06 19.01 19.02 18.83 18.90 18.99 18.83 18.87 18.95 18.99 18.98 18.93 18.85 18.89 18.90 18.81 18.82 18.81 18.83 18.94 18.92 18.93 18.84 18.91 18.82 19.00 18.98 18.92 18.77 18.72 18.74 18.68 18.66 18.52 18.32 18.57 18.80 18.70 18.60 18.73 18.76 18.69 18.61 18.79 18.88
18.99 19.04 19.04 19.03 19.02 19.01 19.06 18.99 18.94 19.01 18.97 19.00 19.03 18.99 18.98 19.03 19.05 18.94 18.96 18.86 18.85 18.86 18.89 18.95 18.94 19.03 19.07 18.93 18.95 19.07 18.99 19.00 19.07 19.06 18.97 18.92 18.89 19.00 18.88 18.88 18.93 18.99 19.00 18.94 18.82 18.82 18.88 18.75 18.80 18.79 18.81 18.89 18.97 18.96 18.95 18.95 18.75 18.87 18.88 18.86 18.67 18.64 18.83 18.70 18.81 18.45 18.46 18.60 18.83 18.68 18.55 18.53 18.67 18.69 18.70 18.82 18.72
18.99 19.01 19.04 19.01 19.01 19.04 19.08 19.03 18.90 18.98 19.00 19.02 19.06 19.00 19.00 19.02 19.04 18.98 19.03 18.87 18.80 18.79 18.90 18.90 18.92 19.03 19.03 18.96 19.01 19.02 19.01 19.02 19.03 19.03 18.97 18.93 18.87 18.96 18.92 18.92 18.92 18.97 18.99 18.97 18.67 18.83 18.86 18.72 18.74 18.77 18.79 18.81 18.85 18.96 18.85 18.89 18.82 18.82 18.89 18.84 18.72 18.62 18.71 18.73 18.71 18.53 18.55 18.59 18.90 18.73 18.56 18.49 18.69 18.73 18.70 18.84 18.68
18.97 19.02 19.02 19.03 19.02 19.05 19.05 19.05 18.90 18.94 18.99 19.03 19.05 19.02 19.02 18.93 19.03 18.97 19.03 19.02 18.82 18.81 18.90 18.92 18.95 19.04 18.99 19.02 18.96 18.97 19.03 19.06 19.08 18.95 18.92 18.97 18.75 18.85 18.89 18.90 18.88 18.94 18.98 18.93 18.77 18.83 18.84 18.72 18.76 18.81 18.82 18.78 18.76 18.95 18.87 18.86 18.89 18.79 18.82 18.80 18.78 18.66 18.72 18.73 18.71 18.57 18.66 18.68 18.87 18.61 18.45 18.47 18.67 18.78 18.69 18.79 18.63
18.92 18.98 19.02 19.01 19.03 19.05 19.03 19.04 18.92 18.94 19.00 19.00 19.02 19.01 19.08 18.94 18.95 18.96 18.98 19.04 18.85 18.88 18.89 18.91 18.90 19.00 18.95 18.92 18.91 18.99 18.98 19.01 19.01 18.91 18.90 19.00 18.81 18.81 18.94 18.89 18.88 18.92 19.01 18.90 18.86 18.83 18.77 18.71 18.80 18.78 18.81 18.69 18.77 18.96 18.83 18.80 18.86 18.81 18.81 18.76 18.57 18.47 18.58 18.73 18.70 18.59 18.63 18.74 18.81 18.54 18.48 18.45 18.61 18.75 18.63 18.76 18.67
18.97 18.97 18.96 18.94 18.99 19.00 18.99 18.98 18.98 18.95 18.99 19.00 19.00 19.00 19.03 18.97 18.94 18.97 18.91 18.94 18.83 18.91 18.84 18.80 18.79 18.92 18.90 18.87 18.91 18.96 18.97 18.96 18.95 18.95 18.90 19.01 18.92 18.83 18.94 18.90 18.91 18.92 18.92 18.92 18.94 18.91 18.70 18.70 18.75 18.77 18.82 18.78 18.81 18.93 18.87 18.80 18.83 18.78 18.82 18.88 18.71 18.66 18.52 18.71 18.74 18.66 18.61 18.83 18.76 18.47 18.60 18.46 18.81 18.72 18.60 18.71 18.69
18.92 18.92 18.92 18.92 18.98 18.98 18.94 18.97 18.92 18.90 18.94 18.96 18.96 18.96 18.98 18.98 18.90 18.94 18.89 18.98 18.77 18.82 18.75 18.72 18.81 18.87 18.86 18.90 18.95 18.95 18.94 18.92 18.93 18.98 18.99 18.93 18.94 18.83 18.95 18.89 18.91 18.89 18.87 18.86 18.94 18.95 18.70 18.67 18.76 18.76 18.76 18.66 18.77 18.89 18.83 18.79 18.86 18.85 18.87 18.85 18.62 18.62 18.54 18.58 18.75 18.69 18.66 18.83 18.76 18.51 18.52 18.51 18.75 18.72 18.67 18.67 18.51
18.88 18.94 18.94 18.88 18.95 18.97 18.93 18.93 18.91 18.90 18.92 18.94 18.97 18.96 18.99 18.95 18.89 18.92 18.92 19.01 18.88 18.78 18.71 18.63 18.77 18.87 18.87 18.90 18.91 18.93 18.93 18.90 18.89 18.91 18.93 18.88 18.99 18.89 18.87 18.88 18.90 18.85 18.93 18.80 18.88 18.90 18.79 18.60 18.74 18.76 18.74 18.62 18.82 18.85 18.82 18.76 18.84 18.84 18.87 18.80 18.62 18.59 18.62 18.50 18.66 18.72 18.70 18.89 18.69 18.52 18.56 18.85 18.67 18.65 18.67 18.62 18.44
18.90 18.93 18.88 18.84 18.90 18.93 18.91 18.90 18.89 18.91 18.93 18.95 18.95 18.94 18.99 18.92 18.92 18.89 18.91 18.96 18.99 18.75 18.67 18.69 18.72 18.85 18.82 18.87 18.90 18.92 18.92 18.86 18.87 18.91 18.94 18.89 18.86 18.86 18.83 18.88 18.90 18.87 18.92 18.79 18.85 18.92 18.84 18.52 18.67 18.68 18.69 18.62 18.76 18.78 18.78 18.68 18.84 18.88 18.83 18.79 18.66 18.65 18.69 18.51 18.62 18.80 18.71 18.85 18.64 18.68 18.61 18.80 18.61 18.57 18.50 18.38 18.48
18.76 18.80 18.80 18.74 18.82 18.87 18.92 18.90 18.90 18.91 18.95 18.93 18.94 18.91 18.98 18.96 18.91 18.82 18.95 18.94 18.94 18.89 18.74 18.72 18.69 18.77 18.79 18.82 18.87 18.93 18.93 18.84 18.85 18.87 18.90 18.88 18.79 18.80 18.86 18.89 18.90 18.84 18.89 18.83 18.79 18.86 18.80 18.46 18.62 18.66 18.53 18.61 18.68 18.74 18.78 18.73 18.80 18.85 18.81 18.76 18.76 18.77 18.76 18.57 18.57 18.81 18.72 18.84 18.75 18.73 18.72 18.75 18.69 18.57 18.42 18.26 18.47
18.77 18.82 18.83 18.81 18.79 18.81 18.88 18.88 18.92 18.89 18.93 18.93 18.92 18.92 18.94 18.96 18.89 18.80 18.90 18.92 18.91 18.96 18.81 18.63 18.72 18.72 18.78 18.87 18.91 18.95 18.89 18.75 18.77 18.84 18.84 18.85 18.82 18.82 18.87 18.84 18.85 18.89 18.89 18.83 18.72 18.81 18.78 18.50 18.55 18.63 18.54 18.61 18.67 18.75 18.75 18.74 18.80 18.74 18.67 18.68 18.75 18.79 18.75 18.60 18.71 18.80 18.77 18.83 18.74 18.78 18.82 18.68 18.67 18.75 18.50 18.15 18.29
18.77 18.72 18.79 18.79 18.75 18.79 18.89 18.90 18.89 18.88 18.91 18.93 18.96 18.95 18.92 18.91 18.93 18.88 18.87 18.91 18.90 18.90 18.89 18.75 18.67 18.70 18.75 18.84 18.90 18.88 18.88 18.75 18.76 18.80 18.84 18.83 18.85 18.86 18.87 18.82 18.85 18.85 18.82 18.86 18.75 18.77 18.80 18.73 18.55 18.61 18.51 18.51 18.61 18.71 18.72 18.71 18.69 18.72 18.75 18.65 18.71 18.75 18.73 18.51 18.76 18.66 18.71 18.77 18.81 18.78 18.82 18.76 18.74 18.74 18.68 18.16 18.28
18.76 18.78 18.74 18.76 18.81 18.87 18.87 18.82 18.76 18.73 18.81 18.92 18.94 18.91 18.95 18.99 18.96 18.95 18.92 18.89 18.88 18.88 18.87 18.76 18.74 18.62 18.63 18.77 18.71 18.76 18.86 18.82 18.75 18.76 18.82 18.84 18.85 18.84 18.84 18.84 18.79 18.79 18.80 18.84 18.86 18.75 18.80 18.71 18.68 18.56 18.62 18.42 18.66 18.70 18.69 18.62 18.58 18.63 18.73 18.68 18.78 18.78 18.77 18.71 18.70 18.57 18.59 18.76 18.81 18.78 18.80 18.83 18.78 18.76 18.76 18.15 18.20
