files/bom_datasets/05.13.18.txt
ncols 839
nrows 679
xllcenter 112.0500
yllcenter -43.9500
cellsize 0.0500
nodata_value 99999.90
[rows 238 to 271 of 679, columns 462 to 538 of 839]
18.12 18.13 18.12 18.12 18.10 18.08 18.07 18.05 18.07 18.11 18.14 18.15 18.13 18.13 18.13 18.14 18.08 18.05 18.05 18.05 18.07 18.08 18.07 18.06 18.05 18.03 18.06 18.10 18.13 18.13 18.13 18.11 18.08 18.11 18.14 18.13 18.12 18.09 18.06 18.04 18.06 18.06 18.05 18.02 18.07 17.98 18.00 17.96 18.01 18.06 18.07 18.10 18.13 18.14 18.13 18.09 18.10 18.12 18.15 18.14 18.17 18.18 18.18 18.17 18.17 18.19 18.21 18.18 18.14 17.98 18.11 18.20 18.21 18.17 18.18 18.05 18.12
18.09 18.10 18.12 18.07 18.09 18.14 18.14 18.10 18.05 18.09 18.13 18.10 18.08 18.10 18.09 18.04 18.01 17.99 18.02 18.00 18.03 18.01 17.99 17.97 17.99 18.03 18.04 18.12 18.12 18.11 18.12 18.11 18.11 18.10 18.06 18.05 18.05 18.10 18.15 18.10 18.10 18.10 18.09 18.05 18.00 17.97 18.01 17.90 18.04 18.07 18.06 18.10 18.11 18.14 18.05 18.09 18.10 18.05 18.09 18.10 18.15 18.18 18.15 18.17 18.15 18.17 18.17 18.14 18.14 18.04 18.04 18.17 18.17 18.24 18.12 18.05 18.11
18.03 18.03 18.06 18.04 18.07 18.10 18.12 18.12 18.10 18.09 18.09 18.09 18.07 18.07 18.01 17.97 17.91 17.95 17.94 17.92 18.03 17.99 17.98 17.96 17.99 18.08 18.06 18.07 18.12 18.08 18.03 18.09 18.06 18.05 18.06 18.06 18.03 18.05 18.11 18.11 18.11 18.08 18.08 18.05 17.99 18.01 18.04 17.99 17.99 18.10 18.13 18.11 18.10 18.12 18.07 18.05 18.06 18.02 18.07 18.08 18.10 18.10 18.14 18.15 18.13 18.15 18.13 18.13 18.18 18.14 18.12 18.13 18.15 18.10 18.10 18.05 18.05
18.05 18.05 18.04 18.06 18.07 18.09 18.09 18.07 18.09 18.09 18.10 18.08 18.07 18.05 18.01 17.99 17.93 17.98 17.98 17.97 17.98 18.02 17.98 17.98 18.08 18.05 18.07 18.01 18.10 18.09 18.02 18.02 18.07 18.06 18.01 18.06 18.02 18.03 18.08 18.10 18.07 18.03 18.02 17.99 18.03 18.03 18.01 18.01 17.98 18.08 18.10 18.07 18.07 18.07 18.09 18.08 18.11 18.03 18.06 18.04 18.07 18.05 18.07 18.10 18.09 18.08 18.09 18.11 18.15 18.16 18.18 18.15 18.09 18.13 18.19 18.09 18.01
18.05 18.04 18.04 18.06 18.08 18.07 18.04 18.03 18.06 18.04 18.06 18.01 18.01 18.00 17.97 17.99 17.95 18.01 17.96 17.98 18.00 18.01 18.00 18.02 18.09 18.10 18.10 18.03 18.01 18.06 17.92 17.90 18.04 18.03 18.00 18.02 18.03 17.99 18.01 17.96 18.00 18.00 17.94 17.98 17.97 17.98 17.97 18.02 18.02 18.05 18.07 18.00 18.09 18.05 18.04 18.07 18.10 18.07 18.06 18.07 18.09 18.09 18.07 18.12 18.12 18.05 18.04 18.04 18.05 18.08 18.09 18.11 18.07 18.11 18.11 18.02 18.01
18.05 18.05 18.03 18.08 18.07 18.05 18.04 18.00 18.00 18.02 18.02 18.01 17.97 17.80 17.84 17.99 17.93 17.95 18.00 17.93 17.96 17.97 17.96 17.97 18.00 17.95 17.92 17.85 17.85 17.87 18.00 17.99 18.00 18.06 18.03 18.06 17.96 17.97 17.99 17.97 17.91 17.92 17.92 17.95 17.93 17.96 17.95 17.95 17.95 17.98 18.03 17.96 17.98 17.89 17.88 17.98 17.97 18.02 17.99 17.97 18.06 18.10 18.12 18.07 18.09 18.11 18.09 18.04 18.05 18.04 18.05 18.11 18.12 18.06 18.07 18.03 18.10
18.02 18.02 18.03 18.06 18.06 18.06 18.04 18.02 18.00 18.00 17.98 17.99 17.93 17.85 17.98 17.95 17.93 17.93 17.92 17.94 17.98 17.99 17.97 17.94 17.97 17.93 17.80 17.92 17.99 18.02 18.00 18.01 17.98 18.02 17.96 18.02 18.05 17.96 17.97 17.95 17.96 17.96 17.88 17.96 17.97 17.93 17.89 17.90 17.92 17.90 17.95 17.87 17.80 17.72 17.63 17.75 17.94 17.99 18.02 17.96 18.05 18.08 18.05 18.04 18.01 18.01 18.00 18.00 18.08 18.06 18.05 18.06 18.12 18.07 18.06 18.09 18.09
17.98 18.00 18.00 18.03 18.03 18.04 18.04 18.03 18.00 18.00 17.92 17.88 17.92 18.00 17.99 18.00 17.95 17.92 17.90 17.90 17.95 17.91 17.89 17.93 17.88 17.91 17.84 17.91 17.98 18.01 17.99 17.98 17.87 17.98 17.93 18.01 18.03 18.03 17.99 17.97 17.97 17.94 17.91 17.95 17.96 17.95 17.90 17.85 17.82 17.88 17.90 17.79 17.77 17.75 17.85 17.86 17.87 17.85 17.87 17.83 17.84 17.95 17.94 17.98 17.92 18.01 17.97 17.95 18.07 18.05 18.05 18.09 18.15 18.11 18.05 18.06 18.11
17.91 17.95 17.94 17.97 17.97 17.99 18.01 18.01 18.00 17.98 17.97 17.97 17.95 17.96 17.98 17.98 17.97 17.92 17.91 17.92 17.91 17.92 17.91 17.86 17.88 17.90 17.90 17.78 17.89 17.92 17.88 17.85 17.80 17.90 17.92 17.89 17.93 17.97 17.95 17.92 17.81 17.88 17.83 17.87 17.86 17.87 17.88 17.82 17.76 17.80 17.70 17.73 17.86 17.87 17.82 17.85 17.75 17.70 17.86 17.83 17.86 17.94 17.85 17.88 17.83 17.92 17.94 17.99 17.97 18.01 18.04 18.04 18.03 18.13 18.00 18.00 18.05
17.94 17.94 17.88 17.95 17.96 17.96 17.99 17.98 17.98 17.99 17.97 17.93 17.96 17.98 17.98 17.98 17.95 17.92 17.90 17.89 17.92 17.86 17.87 17.86 17.90 17.92 17.89 17.81 17.69 17.83 17.93 17.83 17.74 17.78 17.87 17.88 17.83 17.88 17.88 17.86 17.74 17.71 17.75 17.81 17.77 17.78 17.72 17.60 17.65 17.75 17.67 17.78 17.86 17.71 17.87 17.62 17.37 17.61 17.69 17.71 17.87 17.98 17.91 17.92 17.91 17.93 17.91 17.92 18.00 17.97 18.01 18.00 17.99 18.02 18.02 17.99 18.00
17.91 17.86 17.87 17.91 17.95 17.93 17.96 17.96 17.94 17.97 17.97 17.94 17.92 17.94 17.95 17.95 17.93 17.88 17.85 17.82 17.79 17.79 17.74 17.77 17.85 17.76 17.82 17.80 17.75 17.87 17.89 17.83 17.77 17.86 17.73 17.76 17.74 17.83 17.79 17.80 17.87 17.78 17.74 17.83 17.84 17.83 17.84 17.83 17.82 17.81 17.68 17.76 17.82 17.54 17.79 17.78 17.66 17.68 17.86 17.84 17.92 17.95 17.92 17.90 17.93 17.90 17.81 17.96 18.02 18.05 18.10 18.00 17.97 17.99 18.07 18.04 18.01
17.86 17.84 17.84 17.91 17.93 17.92 17.90 17.90 17.93 17.94 17.93 17.96 17.92 17.92 17.90 17.93 17.93 17.87 17.82 17.84 17.78 17.70 17.73 17.76 17.80 17.81 17.78 17.82 17.77 17.70 17.83 17.82 17.76 17.74 17.74 17.77 17.78 17.79 17.82 17.83 17.86 17.82 17.81 17.82 17.84 17.86 17.85 17.83 17.84 17.78 17.79 17.84 17.73 17.68 17.84 17.73 17.83 17.85 17.86 17.85 17.87 17.92 17.88 17.88 17.92 17.87 17.83 17.93 17.95 17.98 18.04 18.04 18.00 18.02 18.07 18.02 18.03
17.82 17.88 17.90 17.88 17.89 17.87 17.82 17.90 17.90 17.92 17.90 17.91 17.92 17.90 17.89 17.90 17.90 17.84 17.76 17.75 17.81 17.78 17.72 17.84 17.81 17.79 17.82 17.85 17.84 17.77 17.74 17.77 17.71 17.65 17.75 17.75 17.78 17.72 17.83 17.80 17.83 17.85 17.82 17.83 17.79 17.82 17.82 17.83 17.80 17.78 17.84 17.81 17.74 17.79 17.86 17.84 17.84 17.87 17.85 17.78 17.78 17.85 17.89 17.85 17.88 17.90 17.90 17.90 17.95 17.97 17.95 17.98 18.03 18.01 18.09 17.98 17.95
17.85 17.85 17.84 17.81 17.80 17.82 17.84 17.85 17.85 17.85 17.89 17.88 17.90 17.86 17.87 17.86 17.88 17.84 17.84 17.79 17.84 17.77 17.86 17.80 17.80 17.81 17.78 17.83 17.81 17.84 17.81 17.77 17.64 17.53 17.61 17.70 17.73 17.74 17.72 17.77 17.79 17.77 17.79 17.78 17.77 17.72 17.74 17.74 17.70 17.80 17.81 17.77 17.73 17.79 17.80 17.80 17.76 17.78 17.76 17.74 17.80 17.82 17.87 17.87 17.87 17.82 17.79 17.84 17.88 17.94 17.95 17.99 17.91 17.90 18.05 17.95 17.98
17.82 17.81 17.80 17.82 17.80 17.82 17.81 17.83 17.84 17.82 17.79 17.79 17.82 17.84 17.79 17.79 17.80 17.84 17.84 17.75 17.76 17.84 17.81 17.70 17.71 17.69 17.71 17.76 17.75 17.72 17.75 17.76 17.77 17.70 17.66 17.55 17.68 17.73 17.69 17.77 17.73 17.66 17.64 17.64 17.64 17.68 17.72 17.76 17.73 17.80 17.80 17.79 17.82 17.78 17.81 17.80 17.82 17.84 17.82 17.79 17.80 17.80 17.78 17.84 17.84 17.79 17.80 17.82 17.94 17.90 17.90 17.96 17.96 17.99 18.00 17.91 17.97
17.75 17.70 17.70 17.78 17.83 17.83 17.79 17.79 17.77 17.74 17.77 17.82 17.80 17.76 17.73 17.77 17.76 17.80 17.80 17.76 17.77 17.80 17.70 17.68 17.72 17.70 17.75 17.79 17.77 17.77 17.73 17.68 17.76 17.73 17.75 17.68 17.67 17.73 17.83 17.81 17.82 17.73 17.72 17.70 17.68 17.72 17.76 17.76 17.73 17.76 17.80 17.76 17.80 17.75 17.79 17.81 17.77 17.78 17.73 17.74 17.70 17.69 17.71 17.80 17.82 17.85 17.85 17.88 17.92 17.92 17.88 17.89 17.87 17.88 17.92 17.85 17.86
17.64 17.74 17.72 17.70 17.72 17.77 17.78 17.78 17.79 17.70 17.73 17.76 17.78 17.80 17.79 17.73 17.78 17.81 17.79 17.75 17.72 17.73 17.69 17.69 17.71 17.75 17.71 17.79 17.79 17.78 17.79 17.65 17.67 17.71 17.74 17.63 17.70 17.73 17.81 17.80 17.82 17.78 17.76 17.75 17.73 17.75 17.70 17.72 17.74 17.77 17.74 17.70 17.69 17.68 17.83 17.81 17.80 17.82 17.63 17.49 17.63 17.78 17.73 17.79 17.83 17.82 17.83 17.87 17.91 17.90 17.89 17.86 17.81 17.89 17.86 17.78 17.87
17.55 17.66 17.75 17.73 17.75 17.76 17.77 17.73 17.72 17.76 17.72 17.72 17.72 17.77 17.76 17.76 17.73 17.73 17.72 17.72 17.70 17.68 17.71 17.75 17.73 17.73 17.71 17.81 17.81 17.79 17.75 17.70 17.68 17.65 17.50 17.57 17.67 17.72 17.74 17.76 17.74 17.76 17.79 17.75 17.77 17.76 17.78 17.71 17.71 17.77 17.74 17.73 17.70 17.70 17.81 17.78 17.75 17.79 17.82 17.79 17.56 17.70 17.78 17.78 17.79 17.79 17.83 17.85 17.86 17.87 17.88 17.84 17.74 17.85 17.83 17.79 17.85
17.41 17.28 17.45 17.63 17.70 17.77 17.75 17.75 17.72 17.74 17.74 17.76 17.65 17.66 17.73 17.69 17.71 17.74 17.75 17.79 17.82 17.71 17.67 17.71 17.71 17.73 17.70 17.74 17.77 17.74 17.74 17.73 17.71 17.71 17.61 17.65 17.70 17.70 17.75 17.76 17.71 17.74 17.75 17.70 17.70 17.75 17.74 17.81 17.73 17.77 17.77 17.74 17.74 17.64 17.78 17.76 17.74 17.76 17.77 17.78 17.79 17.67 17.70 17.74 17.72 17.68 17.78 17.79 17.86 17.84 17.84 17.78 17.79 17.72 17.82 17.74 17.80
17.35 17.30 17.29 17.40 17.55 17.66 17.73 17.78 17.77 17.76 17.76 17.78 17.77 17.75 17.68 17.69 17.68 17.70 17.74 17.72 17.78 17.81 17.73 17.70 17.65 17.69 17.68 17.67 17.72 17.70 17.67 17.69 17.66 17.68 17.64 17.67 17.69 17.72 17.76 17.78 17.75 17.75 17.75 17.75 17.69 17.69 17.62 17.71 17.80 17.76 17.68 17.70 17.73 17.79 17.77 17.76 17.69 17.60 17.57 17.59 17.65 17.76 17.63 17.62 17.65 17.65 17.64 17.67 17.76 17.77 17.77 17.76 17.79 17.82 17.83 17.73 17.71
17.51 17.36 17.52 17.68 17.55 17.65 17.73 17.74 17.76 17.73 17.73 17.72 17.74 17.74 17.67 17.67 17.66 17.68 17.68 17.71 17.68 17.65 17.69 17.67 17.66 17.67 17.65 17.64 17.72 17.77 17.72 17.68 17.67 17.64 17.65 17.68 17.69 17.70 17.74 17.76 17.76 17.77 17.74 17.77 17.74 17.73 17.65 17.72 17.75 17.75 17.56 17.68 17.74 17.72 17.70 17.74 17.71 17.62 17.57 17.55 17.51 17.57 17.71 17.50 17.59 17.67 17.57 17.72 17.74 17.73 17.73 17.71 17.75 17.80 17.77 17.79 17.80
17.50 17.52 17.57 17.70 17.69 17.55 17.61 17.67 17.67 17.66 17.68 17.68 17.70 17.70 17.70 17.71 17.67 17.65 17.65 17.64 17.63 17.63 17.62 17.66 17.65 17.65 17.66 17.67 17.71 17.75 17.73 17.71 17.72 17.67 17.64 17.61 17.66 17.68 17.69 17.73 17.74 17.73 17.70 17.71 17.71 17.65 17.68 17.68 17.75 17.76 17.65 17.55 17.60 17.70 17.68 17.65 17.67 17.66 17.71 17.69 17.68 17.56 17.67 17.72 17.57 17.77 17.71 17.71 17.76 17.72 17.71 17.65 17.57 17.61 17.74 17.79 17.82
17.54 17.60 17.68 17.65 17.72 17.67 17.66 17.61 17.62 17.65 17.65 17.67 17.67 17.69 17.67 17.69 17.65 17.61 17.66 17.72 17.71 17.68 17.67 17.67 17.66 17.63 17.66 17.71 17.70 17.69 17.69 17.71 17.69 17.70 17.72 17.66 17.68 17.66 17.67 17.73 17.74 17.73 17.69 17.70 17.69 17.69 17.70 17.70 17.71 17.66 17.70 17.49 17.47 17.57 17.64 17.66 17.67 17.70 17.74 17.75 17.72 17.69 17.69 17.69 17.73 17.74 17.75 17.77 17.78 17.78 17.75 17.51 17.33 17.30 17.58 17.71 17.72
17.60 17.68 17.67 17.62 17.62 17.68 17.62 17.62 17.58 17.64 17.59 17.61 17.62 17.63 17.67 17.69 17.71 17.70 17.68 17.71 17.71 17.63 17.66 17.66 17.64 17.65 17.64 17.65 17.65 17.67 17.68 17.67 17.67 17.63 17.63 17.60 17.65 17.65 17.69 17.72 17.68 17.68 17.71 17.69 17.70 17.67 17.67 17.66 17.68 17.69 17.69 17.60 17.56 17.54 17.59 17.63 17.63 17.66 17.72 17.73 17.73 17.74 17.76 17.74 17.73 17.66 17.76 17.70 17.69 17.74 17.62 17.48 17.30 17.20 17.40 17.63 17.71
17.63 17.63 17.66 17.68 17.52 17.63 17.61 17.60 17.55 17.63 17.59 17.58 17.52 17.58 17.60 17.68 17.69 17.70 17.63 17.68 17.69 17.65 17.59 17.62 17.67 17.64 17.62 17.58 17.58 17.62 17.65 17.66 17.64 17.61 17.64 17.61 17.57 17.64 17.70 17.68 17.68 17.68 17.66 17.65 17.67 17.68 17.68 17.66 17.64 17.62 17.59 17.59 17.55 17.59 17.57 17.57 17.62 17.64 17.69 17.71 17.71 17.71 17.74 17.76 17.75 17.72 17.72 17.71 17.63 17.62 17.59 17.57 17.48 17.48 17.60 17.72 17.69
17.52 17.57 17.60 17.60 17.61 17.61 17.49 17.48 17.55 17.62 17.59 17.58 17.57 17.56 17.55 17.52 17.60 17.66 17.61 17.65 17.68 17.68 17.59 17.59 17.66 17.64 17.62 17.60 17.60 17.60 17.62 17.63 17.62 17.60 17.62 17.59 17.60 17.64 17.64 17.65 17.66 17.66 17.65 17.62 17.66 17.66 17.66 17.63 17.67 17.59 17.58 17.57 17.55 17.52 17.56 17.63 17.53 17.59 17.64 17.63 17.54 17.63 17.68 17.72 17.64 17.64 17.65 17.68 17.65 17.64 17.60 17.61 17.60 17.50 17.63 17.69 17.67
17.59 17.56 17.54 17.57 17.60 17.60 17.54 17.48 17.54 17.63 17.64 17.59 17.56 17.55 17.55 17.55 17.59 17.58 17.60 17.55 17.58 17.64 17.62 17.60 17.59 17.61 17.62 17.59 17.60 17.63 17.61 17.60 17.59 17.59 17.61 17.58 17.62 17.64 17.65 17.63 17.64 17.65 17.69 17.65 17.67 17.64 17.66 17.64 17.66 17.62 17.56 17.57 17.54 17.48 17.56 17.60 17.53 17.52 17.58 17.53 17.54 17.57 17.67 17.63 17.58 17.58 17.63 17.67 17.64 17.64 17.62 17.62 17.65 17.62 17.63 17.65 17.62
17.56 17.57 17.54 17.56 17.52 17.54 17.58 17.56 17.57 17.58 17.60 17.56 17.54 17.52 17.56 17.55 17.60 17.55 17.63 17.58 17.58 17.59 17.59 17.54 17.57 17.61 17.64 17.57 17.61 17.63 17.62 17.58 17.57 17.57 17.57 17.57 17.61 17.64 17.63 17.63 17.61 17.61 17.60 17.64 17.64 17.64 17.64 17.65 17.65 17.63 17.57 17.52 17.61 17.58 17.59 17.47 17.54 17.52 17.48 17.49 17.44 17.52 17.63 17.60 17.60 17.61 17.63 17.63 17.63 17.60 17.54 17.53 17.53 17.62 17.58 17.57 17.59
17.52 17.53 17.55 17.55 17.54 17.57 17.53 17.38 17.41 17.49 17.55 17.57 17.55 17.56 17.57 17.55 17.58 17.49 17.55 17.56 17.56 17.58 17.60 17.60 17.55 17.56 17.57 17.50 17.57 17.59 17.58 17.57 17.60 17.58 17.54 17.57 17.60 17.61 17.57 17.60 17.60 17.59 17.60 17.60 17.60 17.61 17.62 17.63 17.63 17.60 17.59 17.48 17.54 17.55 17.51 17.47 17.46 17.53 17.49 17.53 17.52 17.63 17.65 17.60 17.60 17.60 17.53 17.58 17.57 17.51 17.44 17.41 17.49 17.50 17.52 17.45 17.48
17.48 17.52 17.50 17.52 17.53 17.54 17.49 17.50 17.55 17.43 17.51 17.56 17.55 17.56 17.55 17.53 17.55 17.58 17.58 17.55 17.55 17.61 17.62 17.61 17.60 17.52 17.47 17.54 17.42 17.55 17.55 17.55 17.57 17.57 17.56 17.58 17.58 17.59 17.57 17.57 17.57 17.56 17.58 17.59 17.61 17.61 17.62 17.60 17.59 17.59 17.59 17.55 17.46 17.52 17.49 17.44 17.45 17.57 17.47 17.57 17.60 17.65 17.65 17.62 17.59 17.58 17.51 17.44 17.47 17.50 17.45 17.48 17.46 17.54 17.44 17.39 17.44
17.46 17.46 17.43 17.51 17.49 17.46 17.46 17.50 17.42 17.50 17.51 17.55 17.53 17.53 17.53 17.53 17.54 17.52 17.46 17.56 17.57 17.57 17.59 17.61 17.56 17.49 17.48 17.51 17.46 17.47 17.52 17.50 17.54 17.57 17.56 17.56 17.53 17.57 17.57 17.56 17.56 17.55 17.55 17.56 17.59 17.57 17.57 17.57 17.57 17.56 17.55 17.56 17.53 17.42 17.52 17.51 17.44 17.50 17.48 17.58 17.64 17.56 17.61 17.60 17.52 17.53 17.51 17.48 17.48 17.54 17.46 17.51 17.55 17.57 17.60 17.53 17.37
17.40 17.33 17.19 17.35 17.43 17.39 17.45 17.49 17.36 17.43 17.52 17.53 17.53 17.53 17.53 17.54 17.51 17.47 17.49 17.52 17.53 17.52 17.55 17.58 17.49 17.48 17.50 17.51 17.42 17.50 17.54 17.55 17.56 17.56 17.57 17.56 17.53 17.55 17.55 17.55 17.55 17.56 17.53 17.54 17.55 17.53 17.54 17.54 17.55 17.56 17.53 17.48 17.55 17.42 17.46 17.50 17.49 17.42 17.48 17.55 17.60 17.54 17.54 17.56 17.50 17.49 17.48 17.47 17.50 17.49 17.51 17.47 17.42 17.55 17.53 17.49 17.42
17.32 17.08 17.22 17.21 17.20 17.19 17.24 17.39 17.50 17.42 17.50 17.50 17.52 17.52 17.55 17.53 17.52 17.48 17.49 17.50 17.51 17.51 17.55 17.56 17.50 17.48 17.48 17.49 17.45 17.45 17.52 17.52 17.54 17.54 17.55 17.54 17.55 17.54 17.54 17.54 17.49 17.54 17.51 17.51 17.50 17.48 17.53 17.52 17.53 17.54 17.53 17.54 17.54 17.51 17.47 17.42 17.45 17.50 17.48 17.52 17.53 17.50 17.53 17.50 17.44 17.47 17.48 17.47 17.53 17.50 17.44 17.43 17.49 17.50 17.48 17.45 17.38
17.39 17.32 17.36 17.31 17.25 17.39 17.29 17.31 17.32 17.47 17.44 17.48 17.50 17.50 17.53 17.52 17.47 17.48 17.48 17.49 17.49 17.51 17.52 17.53 17.51 17.47 17.49 17.50 17.48 17.42 17.50 17.51 17.51 17.51 17.51 17.50 17.51 17.50 17.53 17.49 17.44 17.50 17.49 17.49 17.50 17.48 17.52 17.50 17.52 17.54 17.52 17.52 17.51 17.50 17.42 17.42 17.43 17.47 17.49 17.47 17.47 17.48 17.48 17.44 17.44 17.44 17.48 17.49 17.48 17.40 17.40 17.28 17.37 17.42 17.46 17.34 17.27
