files/bom_datasets/05.14.18.txt
ncols 839
nrows 679
xllcenter 112.0500
yllcenter -43.9500
cellsize 0.0500
nodata_value 99999.90
[rows 340 to 373 of 679, columns 77 to 153 of 839]
15.79 15.69 15.73 15.79 15.75 15.65 15.62 15.51 15.55 15.65 15.64 15.58 15.80 15.74 15.63 15.65 15.62 15.58 15.64 15.74 15.66 15.75 15.83 15.83 15.80 15.80 15.74 15.81 15.85 15.85 15.84 15.85 15.85 15.85 15.86 15.83 15.82 15.84 15.85 15.85 15.86 15.80 15.80 15.79 15.79 15.85 15.81 15.79 15.82 15.85 15.84 15.84 15.85 15.83 15.79 15.79 15.75 15.78 15.79 15.74 15.66 15.73 15.78 15.84 15.76 15.82 15.86 15.84 15.83 15.85 15.85 15.83 15.79 15.71 15.74 15.76 15.70
15.72 15.79 15.77 15.73 15.78 15.71 15.61 15.50 15.53 15.49 15.67 15.72 15.62 15.64 15.58 15.60 15.66 15.52 15.59 15.69 15.62 15.73 15.76 15.78 15.83 15.85 15.82 15.80 15.80 15.79 15.79 15.84 15.83 15.80 15.82 15.81 15.78 15.80 15.83 15.82 15.81 15.81 15.81 15.76 15.81 15.77 15.76 15.76 15.77 15.82 15.82 15.83 15.83 15.83 15.81 15.59 15.68 15.71 15.65 15.75 15.78 15.71 15.69 15.78 15.82 15.81 15.81 15.82 15.82 15.84 15.82 15.80 15.79 15.75 15.81 15.83 15.70
15.79 15.80 15.74 15.73 15.78 15.74 15.72 15.65 15.52 15.52 15.66 15.64 15.65 15.62 15.62 15.61 15.58 15.61 15.72 15.73 15.76 15.74 15.78 15.77 15.79 15.82 15.79 15.74 15.72 15.74 15.76 15.78 15.78 15.78 15.79 15.76 15.77 15.78 15.81 15.81 15.79 15.77 15.79 15.79 15.81 15.79 15.77 15.72 15.75 15.79 15.81 15.82 15.81 15.79 15.77 15.63 15.70 15.71 15.56 15.65 15.78 15.79 15.74 15.78 15.79 15.77 15.75 15.75 15.69 15.77 15.76 15.79 15.74 15.78 15.75 15.75 15.74
15.77 15.77 15.75 15.73 15.69 15.63 15.74 15.73 15.73 15.52 15.49 15.72 15.68 15.53 15.50 15.50 15.52 15.60 15.62 15.73 15.74 15.75 15.72 15.77 15.75 15.78 15.66 15.69 15.65 15.69 15.67 15.69 15.76 15.79 15.76 15.74 15.77 15.78 15.77 15.78 15.75 15.78 15.78 15.76 15.76 15.78 15.75 15.72 15.76 15.79 15.79 15.78 15.74 15.72 15.77 15.77 15.70 15.75 15.67 15.69 15.71 15.76 15.74 15.76 15.77 15.74 15.67 15.75 15.75 15.76 15.75 15.77 15.76 15.76 15.71 15.66 15.68
15.72 15.74 15.69 15.73 15.73 15.63 15.68 15.69 15.73 15.58 15.47 15.50 15.42 15.41 15.38 15.37 15.62 15.58 15.52 15.60 15.59 15.47 15.67 15.62 15.63 15.67 15.61 15.67 15.67 15.72 15.66 15.70 15.70 15.73 15.75 15.76 15.76 15.76 15.71 15.65 15.75 15.77 15.77 15.78 15.78 15.78 15.73 15.70 15.75 15.72 15.75 15.74 15.74 15.69 15.76 15.77 15.61 15.72 15.68 15.74 15.65 15.75 15.76 15.76 15.76 15.74 15.71 15.71 15.73 15.74 15.76 15.76 15.75 15.75 15.69 15.69 15.71
15.69 15.70 15.65 15.71 15.70 15.67 15.63 15.61 15.63 15.57 15.53 15.50 15.43 15.32 15.30 15.42 15.54 15.46 15.26 15.21 15.30 15.37 15.52 15.55 15.67 15.67 15.60 15.68 15.72 15.71 15.68 15.63 15.64 15.70 15.71 15.71 15.72 15.74 15.73 15.73 15.73 15.74 15.74 15.74 15.73 15.73 15.73 15.71 15.72 15.63 15.71 15.73 15.73 15.74 15.75 15.75 15.74 15.74 15.71 15.74 15.67 15.72 15.73 15.74 15.75 15.74 15.74 15.72 15.72 15.71 15.71 15.74 15.73 15.73 15.70 15.66 15.65
15.64 15.65 15.69 15.69 15.58 15.51 15.48 15.54 15.45 15.45 15.40 15.47 15.45 15.43 15.39 15.33 15.23 15.33 15.25 15.28 15.43 15.55 15.47 15.44 15.58 15.56 15.56 15.59 15.65 15.65 15.68 15.61 15.68 15.67 15.64 15.64 15.70 15.69 15.71 15.70 15.72 15.73 15.73 15.72 15.62 15.66 15.70 15.73 15.70 15.68 15.71 15.72 15.71 15.72 15.72 15.70 15.73 15.73 15.72 15.72 15.69 15.68 15.57 15.68 15.68 15.69 15.66 15.69 15.71 15.69 15.71 15.68 15.71 15.71 15.70 15.69 15.68
15.52 15.48 15.50 15.48 15.41 15.53 15.54 15.53 15.45 15.41 15.45 15.39 15.37 15.48 15.40 15.35 15.26 15.36 15.33 15.21 15.45 15.54 15.51 15.66 15.59 15.64 15.62 15.66 15.61 15.59 15.62 15.67 15.69 15.64 15.69 15.65 15.68 15.67 15.64 15.59 15.61 15.68 15.70 15.72 15.68 15.65 15.71 15.71 15.66 15.69 15.69 15.68 15.68 15.71 15.68 15.69 15.69 15.69 15.73 15.71 15.70 15.68 15.68 15.68 15.67 15.67 15.68 15.65 15.68 15.67 15.68 15.68 15.66 15.71 15.58 15.67 15.68
15.53 15.49 15.50 15.46 15.38 15.43 15.42 15.51 15.38 15.42 15.35 15.31 15.45 15.31 15.41 15.38 15.37 15.48 15.52 15.50 15.49 15.54 15.46 15.45 15.53 15.58 15.55 15.45 15.50 15.43 15.51 15.58 15.68 15.64 15.63 15.53 15.54 15.65 15.65 15.57 15.59 15.66 15.67 15.64 15.69 15.68 15.67 15.64 15.66 15.67 15.68 15.67 15.68 15.68 15.68 15.67 15.67 15.67 15.67 15.66 15.65 15.66 15.66 15.63 15.63 15.66 15.57 15.61 15.67 15.66 15.66 15.67 15.67 15.63 15.61 15.63 15.66
15.33 15.48 15.57 15.54 15.49 15.41 15.39 15.61 15.58 15.52 15.35 15.29 15.31 15.36 15.38 15.46 15.36 15.47 15.54 15.52 15.56 15.51 15.54 15.57 15.44 15.53 15.55 15.42 15.52 15.62 15.64 15.61 15.62 15.65 15.62 15.37 15.37 15.53 15.61 15.64 15.66 15.67 15.64 15.64 15.68 15.65 15.67 15.65 15.67 15.66 15.63 15.62 15.64 15.66 15.64 15.66 15.65 15.67 15.65 15.65 15.62 15.58 15.58 15.63 15.65 15.66 15.62 15.58 15.62 15.58 15.63 15.64 15.65 15.66 15.66 15.62 15.65
15.07 15.38 15.50 15.47 15.33 15.28 15.35 15.50 15.48 15.57 15.36 15.30 15.36 15.28 15.38 15.38 15.30 15.43 15.52 15.52 15.58 15.48 15.50 15.56 15.44 15.43 15.44 15.40 15.50 15.65 15.65 15.57 15.62 15.59 15.62 15.32 15.08 15.07 15.15 15.43 15.59 15.63 15.62 15.62 15.63 15.61 15.64 15.65 15.66 15.64 15.58 15.55 15.63 15.63 15.65 15.63 15.63 15.61 15.61 15.62 15.61 15.60 15.59 15.61 15.61 15.58 15.63 15.60 15.59 15.59 15.60 15.62 15.61 15.62 15.63 15.60 15.60
15.20 15.14 15.22 15.33 15.43 15.37 15.25 15.39 15.41 15.46 15.35 15.31 15.42 15.30 15.35 15.31 15.18 15.20 15.40 15.51 15.58 15.51 15.47 15.55 15.59 15.25 15.43 15.56 15.56 15.62 15.61 15.61 15.60 15.57 15.60 15.56 15.20 15.29 14.87 14.50 15.12 15.43 15.58 15.61 15.61 15.60 15.61 15.59 15.62 15.61 15.62 15.62 15.62 15.62 15.63 15.61 15.61 15.62 15.59 15.60 15.57 15.56 15.55 15.60 15.59 15.59 15.59 15.59 15.55 15.53 15.61 15.60 15.58 15.36 15.54 15.51 15.50
15.14 15.20 15.09 15.21 15.32 15.41 15.26 15.07 15.18 15.36 15.47 15.42 15.48 15.44 15.36 15.22 15.24 15.23 15.46 15.52 15.53 15.54 15.50 15.57 15.59 15.49 15.49 15.52 15.54 15.54 15.53 15.56 15.53 15.48 15.54 15.50 15.26 15.18 15.12 15.20 15.02 15.21 15.41 15.49 15.53 15.56 15.58 15.59 15.61 15.60 15.60 15.60 15.61 15.61 15.59 15.60 15.58 15.57 15.57 15.58 15.54 15.55 15.53 15.54 15.55 15.57 15.56 15.55 15.56 15.53 15.56 15.56 15.46 15.47 15.55 15.58 15.57
14.88 15.08 15.06 15.06 15.31 15.36 15.30 15.10 14.95 15.27 15.42 15.52 15.44 15.48 15.44 15.29 15.22 15.25 15.43 15.49 15.57 15.47 15.51 15.50 15.56 15.51 15.49 15.46 15.53 15.51 15.48 15.52 15.55 15.48 15.50 15.54 15.42 15.43 15.27 15.41 15.52 15.42 14.93 15.08 15.18 15.25 15.49 15.53 15.57 15.57 15.54 15.58 15.58 15.56 15.55 15.55 15.56 15.54 15.54 15.52 15.52 15.49 15.51 15.52 15.51 15.50 15.55 15.53 15.49 15.48 15.51 15.51 15.37 15.51 15.50 15.50 15.55
14.97 14.84 15.18 15.00 15.21 15.36 15.31 15.26 15.06 15.19 15.26 15.48 15.53 15.48 15.50 15.50 15.24 15.15 15.34 15.41 15.43 15.49 15.52 15.47 15.49 15.50 15.45 15.37 15.31 15.40 15.42 15.50 15.45 15.36 15.47 15.51 15.53 15.53 15.54 15.53 15.51 14.95 14.85 15.28 15.04 14.86 14.95 15.41 15.59 15.56 15.50 15.57 15.54 15.53 15.49 15.53 15.53 15.52 15.52 15.51 15.50 15.42 15.47 15.45 15.47 15.51 15.48 15.50 15.52 15.50 15.37 15.41 15.53 15.52 15.49 15.54 15.53
15.02 14.87 15.24 15.19 15.15 15.24 15.17 15.09 15.05 15.06 15.20 15.39 15.51 15.46 15.46 15.35 15.09 15.18 15.23 15.42 15.46 15.49 15.52 15.49 15.47 15.45 15.45 15.38 15.32 15.27 15.43 15.46 15.44 15.34 15.47 15.50 15.50 15.51 15.50 15.47 15.52 15.23 15.34 15.44 15.29 15.20 14.95 15.11 15.58 15.57 15.54 15.53 15.56 15.51 15.49 15.53 15.51 15.46 15.48 15.47 15.46 15.43 15.44 15.46 15.46 15.49 15.49 15.52 15.47 15.49 15.49 15.45 15.51 15.50 15.50 15.48 15.52
15.03 14.97 15.10 15.17 14.91 15.05 14.80 14.76 14.96 15.01 15.19 15.48 15.54 15.48 15.19 14.92 15.08 15.28 15.17 15.25 15.25 15.35 15.45 15.47 15.42 15.38 15.39 15.22 15.27 15.23 15.28 15.44 15.40 15.40 15.44 15.46 15.49 15.48 15.49 15.47 15.49 15.34 14.81 15.45 15.49 15.47 15.44 15.36 15.42 15.49 15.49 15.52 15.51 15.53 15.51 15.51 15.51 15.41 15.43 15.45 15.45 15.44 15.44 15.49 15.49 15.44 15.48 15.48 15.49 15.48 15.47 15.48 15.48 15.47 15.49 15.49 15.50
14.71 15.01 15.05 14.91 14.78 14.87 14.67 14.69 14.95 15.07 15.14 15.48 15.45 15.26 14.85 14.87 15.04 15.17 15.28 15.05 15.17 15.29 15.40 15.46 15.42 15.30 15.40 15.32 15.26 15.23 15.11 15.41 15.46 15.42 15.43 15.46 15.47 15.46 15.48 15.47 15.37 15.39 15.35 15.47 15.51 15.48 15.45 15.50 15.49 15.46 15.45 15.46 15.47 15.49 15.47 15.49 15.46 15.45 15.43 15.46 15.47 15.44 15.46 15.47 15.45 15.43 15.43 15.45 15.45 15.47 15.45 15.47 15.46 15.46 15.45 15.45 15.46
14.70 15.00 14.99 15.00 14.74 14.83 14.62 14.68 14.85 14.98 15.18 15.43 15.29 15.03 14.93 15.03 15.15 15.06 15.27 15.04 15.05 15.23 15.36 15.40 15.41 15.38 15.39 15.10 15.32 15.34 15.30 15.33 15.43 15.40 15.36 15.43 15.46 15.43 15.41 15.39 15.39 15.41 15.43 15.44 15.48 15.45 15.43 15.46 15.46 15.35 15.37 15.36 15.42 15.45 15.44 15.44 15.44 15.44 15.40 15.45 15.45 15.45 15.44 15.43 15.44 15.42 15.42 15.42 15.42 15.43 15.45 15.44 15.45 15.45 15.42 15.43 15.45
14.85 14.96 14.89 14.91 14.89 14.81 14.57 14.58 14.53 14.68 14.96 15.23 15.16 14.88 14.98 14.82 15.20 15.05 15.11 15.17 15.08 15.18 15.32 15.40 15.37 15.38 15.36 15.17 15.21 15.23 15.28 15.26 15.35 15.37 15.36 15.36 15.42 15.41 15.29 15.37 15.40 15.38 15.37 15.44 15.42 15.45 15.42 15.40 15.43 15.27 15.34 15.34 15.41 15.38 15.40 15.41 15.43 15.42 15.35 15.42 15.44 15.45 15.43 15.42 15.40 15.42 15.40 15.38 15.39 15.41 15.38 15.45 15.42 15.41 15.44 15.44 15.42
14.87 14.93 15.07 15.10 14.95 14.68 14.59 14.55 14.54 14.71 14.57 14.77 15.16 14.89 14.89 14.74 15.00 14.88 14.87 15.09 15.14 14.99 15.11 15.20 15.34 15.37 15.27 15.14 15.31 15.32 15.29 15.19 15.29 15.26 15.29 15.35 15.34 15.30 15.15 15.32 15.35 15.33 15.34 15.38 15.40 15.40 15.38 15.41 15.36 15.31 15.37 15.40 15.36 15.31 15.31 15.34 15.41 15.37 15.29 15.40 15.41 15.42 15.38 15.38 15.41 15.41 15.35 15.36 15.37 15.36 15.39 15.39 15.39 15.41 15.42 15.40 15.40
14.91 14.90 14.98 15.16 15.12 14.67 14.56 14.58 14.64 14.79 14.58 14.66 14.93 14.93 14.81 14.72 14.80 14.84 14.95 15.12 15.20 15.15 15.16 15.09 15.18 15.31 15.29 15.11 15.31 15.32 15.29 15.17 15.26 15.33 15.31 15.31 15.28 15.30 15.27 15.26 15.34 15.31 15.30 15.32 15.28 15.33 15.36 15.38 15.35 15.25 15.36 15.35 15.37 15.34 15.30 15.30 15.35 15.31 15.27 15.35 15.41 15.39 15.40 15.36 15.36 15.32 15.35 15.35 15.34 15.29 15.37 15.39 15.37 15.40 15.38 15.39 15.38
14.99 14.99 14.85 14.93 14.91 14.98 14.72 14.64 14.72 14.85 14.71 14.77 14.87 14.81 14.55 14.79 14.81 14.84 15.11 15.15 15.11 15.23 15.23 15.13 15.22 15.13 15.13 14.98 15.16 15.21 15.20 15.23 15.23 15.20 15.32 15.31 15.34 15.30 15.26 15.32 15.34 15.23 15.18 15.32 15.16 15.31 15.35 15.36 15.36 15.35 15.33 15.26 15.35 15.34 15.26 15.30 15.29 15.27 15.30 15.32 15.35 15.35 15.34 15.37 15.31 15.27 15.33 15.34 15.35 15.35 15.34 15.36 15.36 15.38 15.36 15.38 15.36
14.85 14.98 14.94 14.92 14.96 15.01 14.82 14.65 14.63 14.87 14.70 14.54 14.61 14.66 14.60 14.76 14.74 14.81 14.92 15.07 14.99 14.96 15.02 15.06 15.19 14.99 14.75 14.95 15.15 15.12 15.12 15.19 15.24 15.19 15.21 15.27 15.20 15.31 15.28 15.32 15.29 15.27 15.19 15.26 15.29 15.29 15.29 15.31 15.31 15.32 15.25 15.22 15.34 15.31 15.20 15.27 15.28 15.30 15.30 15.30 15.30 15.33 15.36 15.36 15.27 15.29 15.36 15.33 15.29 15.34 15.33 15.30 15.34 15.34 15.34 15.36 15.38
14.70 14.82 14.97 15.02 15.07 14.95 14.81 14.65 14.58 14.68 14.72 14.60 14.42 14.32 14.75 14.78 14.78 14.77 14.82 14.94 14.82 14.68 14.67 14.93 15.20 14.97 14.76 14.99 15.14 15.00 14.70 15.03 15.12 15.08 15.05 15.06 15.17 15.26 15.26 15.23 15.21 15.20 15.25 15.19 15.29 15.29 15.22 15.24 15.30 15.28 15.25 15.20 15.24 15.30 15.27 15.22 15.23 15.31 15.27 15.28 15.30 15.33 15.33 15.33 15.23 15.32 15.35 15.27 15.25 15.30 15.33 15.31 15.32 15.33 15.32 15.29 15.35
14.72 14.67 14.96 15.13 15.12 14.90 14.83 14.65 14.71 14.60 14.55 14.57 14.38 14.21 14.43 14.91 14.91 14.66 14.80 14.84 14.43 14.26 14.12 14.66 15.05 15.04 14.80 14.91 14.89 14.78 14.49 14.95 14.85 14.98 15.07 15.02 15.17 15.21 15.18 15.16 15.06 15.15 15.20 15.22 15.15 15.15 15.14 15.21 15.28 15.23 15.22 15.26 15.26 15.24 15.23 15.18 15.25 15.31 15.27 15.24 15.29 15.30 15.30 15.28 15.19 15.33 15.28 15.22 15.25 15.28 15.30 15.29 15.30 15.31 15.29 15.28 15.34
14.67 14.72 14.97 15.07 15.13 15.00 14.80 14.91 14.87 14.80 14.50 14.61 14.88 14.57 14.44 14.91 15.06 14.88 14.67 14.64 14.15 14.37 14.23 14.40 14.66 14.94 14.85 14.84 14.87 14.71 14.65 14.81 14.89 15.06 14.96 15.01 15.20 15.15 15.14 15.17 15.05 15.09 15.04 15.14 15.19 15.20 15.14 15.00 15.09 15.17 15.12 15.20 15.26 15.21 15.14 15.16 15.25 15.26 15.24 15.17 15.25 15.27 15.25 15.19 15.23 15.27 15.20 15.14 15.20 15.27 15.29 15.30 15.30 15.29 15.27 15.26 15.26
14.77 14.75 14.51 14.88 15.06 15.03 14.85 14.84 14.94 14.76 14.56 14.66 14.79 14.82 14.72 14.61 14.94 14.93 14.91 14.76 14.47 14.59 14.42 14.29 14.48 15.00 15.10 14.93 14.75 14.44 14.64 14.85 14.95 14.98 14.76 14.93 15.19 15.16 15.08 15.04 15.01 15.03 15.10 15.14 15.16 15.21 15.15 14.98 14.91 15.01 15.20 15.25 15.26 15.18 15.14 15.17 15.24 15.23 15.18 15.17 15.19 15.21 15.24 15.19 15.21 15.27 15.16 15.14 15.19 15.23 15.25 15.24 15.23 15.25 15.17 14.79 15.07
14.80 14.55 14.24 14.28 14.98 15.03 14.89 14.85 14.85 14.79 14.57 14.64 14.81 14.92 14.84 14.94 14.91 14.75 14.79 14.72 14.83 14.69 14.63 14.38 14.33 14.82 15.04 15.01 14.70 14.42 14.50 14.79 14.80 14.90 14.67 14.77 14.99 15.11 14.99 14.95 14.81 15.01 15.00 15.02 15.02 15.13 15.00 15.09 14.95 15.07 15.21 15.16 15.17 15.09 15.05 15.15 15.22 15.19 15.14 15.14 15.14 15.21 15.19 15.16 15.22 15.21 15.14 15.11 15.17 15.25 15.22 15.25 15.25 15.18 14.61 15.09 15.18
14.81 14.50 14.26 14.27 14.59 14.76 14.94 14.85 14.82 14.47 14.48 14.66 14.79 14.92 14.78 14.83 14.85 14.70 14.60 14.37 14.57 14.78 14.68 14.40 14.19 14.45 14.86 15.05 14.92 14.61 14.56 14.86 14.76 14.80 14.79 14.67 14.87 15.05 15.02 14.92 14.93 14.93 14.97 14.98 15.09 15.10 14.95 15.10 15.14 14.90 15.15 15.17 15.16 14.98 14.96 15.00 15.17 15.16 15.15 15.17 15.18 15.19 15.13 15.16 15.19 15.15 15.11 15.13 15.19 15.21 15.22 15.20 15.18 14.96 14.74 15.17 15.21
14.72 14.63 14.35 14.19 14.36 14.57 15.05 14.95 14.88 14.52 14.43 14.43 14.51 14.62 14.75 14.78 14.87 14.96 14.65 14.72 14.52 14.40 14.70 14.68 14.42 14.39 14.60 14.82 15.01 14.95 14.73 14.71 14.58 14.63 14.79 14.62 14.90 14.98 14.97 14.88 14.79 14.60 14.64 14.87 15.05 15.03 15.04 15.04 15.18 14.97 15.15 15.14 15.11 15.04 15.08 15.03 15.16 15.11 15.09 15.05 15.17 15.11 15.12 15.17 15.17 15.11 15.04 15.07 15.13 15.18 15.20 15.09 14.99 14.98 15.13 15.18 15.15
15.00 14.78 14.47 14.24 14.11 14.32 14.75 14.83 14.87 14.56 14.38 14.18 14.24 14.28 14.74 14.92 14.83 14.78 14.65 14.54 14.52 14.52 14.65 14.61 14.42 14.41 14.55 14.45 14.63 14.85 14.81 14.74 14.57 14.60 14.72 14.66 14.80 14.87 14.77 14.80 14.76 14.54 14.61 14.87 14.98 15.02 15.04 15.08 15.03 14.90 15.07 15.02 14.98 15.00 15.06 15.00 15.06 15.03 14.94 15.03 15.07 15.11 15.11 15.08 14.78 14.78 14.95 14.94 14.93 14.97 14.70 14.65 15.06 15.10 15.16 15.16 15.17
15.03 14.81 14.56 14.14 14.38 14.32 14.29 14.69 14.96 14.81 14.54 14.37 14.37 14.31 14.57 14.86 14.92 14.73 14.49 14.68 14.41 14.35 14.52 14.57 14.39 14.39 14.55 14.68 14.63 14.77 14.72 14.69 14.57 14.59 14.79 14.85 14.75 14.75 14.64 14.72 14.80 14.72 14.74 14.85 14.82 14.97 15.01 15.02 14.82 14.86 15.03 15.07 14.99 15.05 15.02 14.95 15.04 14.95 15.03 15.03 15.05 15.07 15.12 15.14 15.09 14.89 14.69 14.51 14.54 14.95 15.08 15.04 15.07 15.07 15.11 15.15 15.14
14.96 14.85 14.81 14.31 14.32 14.31 14.09 14.27 14.78 14.84 14.66 14.40 14.14 14.17 14.30 14.62 14.81 14.81 14.51 14.36 14.31 14.12 14.38 14.39 14.45 14.57 14.62 14.72 14.62 14.54 14.63 14.51 14.30 14.69 14.70 14.81 14.61 14.64 14.50 14.49 14.78 14.79 14.80 14.87 14.78 14.80 14.93 14.91 14.78 14.83 14.95 14.93 14.87 14.92 14.86 14.84 14.95 15.00 15.03 15.02 15.01 15.04 15.10 15.09 15.07 14.97 14.83 14.74 15.04 15.10 15.08 15.10 15.01 14.99 15.09 15.12 15.14
