files/bom_datasets/05.12.18.txt
ncols 839
nrows 679
xllcenter 112.0500
yllcenter -43.9500
cellsize 0.0500
nodata_value 99999.90
[rows 136 to 169 of 679, columns 231 to 307 of 839]
19.65 19.63 19.63 19.63 19.44 19.12 19.64 19.51 19.61 19.78 19.69 19.72 19.87 19.77 19.71 19.69 19.59 19.51 19.41 19.39 19.24 19.63 19.63 19.60 19.40 19.21 19.42 19.52 19.71 19.70 19.58 19.68 19.75 19.77 19.85 19.78 19.65 19.25 19.15 19.47 19.51 19.46 19.43 19.63 19.49 19.43 19.49 19.58 19.58 19.63 19.48 19.64 19.72 19.83 19.72 19.76 19.74 19.76 19.83 19.73 19.54 19.28 19.50 19.70 19.66 19.59 19.62 19.68 19.67 19.82 19.82 19.78 19.81 19.72 19.57 19.67 19.72
19.46 19.63 19.63 19.44 19.44 19.12 19.43 19.43 19.69 19.77 19.83 19.77 19.93 19.83 19.84 19.69 19.60 19.57 19.43 19.39 19.27 19.59 19.62 19.57 19.23 19.18 19.35 19.48 19.66 19.69 19.55 19.61 19.75 19.81 19.76 19.68 19.56 19.12 19.18 19.44 19.42 19.32 19.38 19.51 19.44 19.44 19.57 19.65 19.62 19.52 19.54 19.49 19.57 19.78 19.94 19.80 19.76 19.78 19.79 19.56 19.30 19.28 19.57 19.63 19.52 19.52 19.56 19.66 19.74 19.79 19.82 19.78 19.75 19.66 19.61 19.69 19.60
19.46 19.23 19.23 19.44 19.44 19.00 19.00 19.46 19.71 19.78 19.83 19.87 19.87 19.81 19.79 19.57 19.64 19.40 19.33 19.32 19.33 19.53 19.55 19.40 19.09 19.27 19.33 19.44 19.68 19.59 19.62 19.59 19.78 19.78 19.60 19.55 19.43 19.26 19.28 19.42 19.27 19.23 19.32 19.29 19.35 19.53 19.67 19.63 19.59 19.52 19.50 19.64 19.81 19.92 20.01 19.89 19.75 19.73 19.68 19.46 19.16 19.25 19.67 19.59 19.50 19.46 19.56 19.58 19.75 19.77 19.81 19.77 19.70 19.65 19.64 19.73 19.53
19.46 19.23 19.23 19.23 18.92 18.73 18.73 19.28 19.73 19.80 19.78 19.88 19.83 19.78 19.65 19.70 19.57 19.40 19.31 19.35 19.28 19.58 19.63 19.29 19.14 19.22 19.31 19.48 19.50 19.48 19.53 19.60 19.80 19.78 19.55 19.50 19.36 19.29 19.37 19.30 19.16 19.22 19.21 19.19 19.31 19.35 19.35 19.31 19.37 19.32 19.45 19.47 19.56 19.67 19.77 19.81 19.84 19.69 19.56 19.30 19.10 19.45 19.69 19.35 19.33 19.34 19.48 19.58 19.78 19.70 19.69 19.68 19.56 19.53 19.64 19.69 19.57
19.46 19.23 19.23 19.40 18.92 18.92 18.95 19.25 19.59 19.64 19.76 19.81 19.77 19.77 19.75 19.71 19.58 19.36 19.30 19.30 19.21 19.37 19.38 19.09 19.27 19.25 19.34 19.42 19.41 19.37 19.52 19.74 19.75 19.65 19.49 19.55 19.44 19.39 19.42 19.22 19.15 19.20 19.16 19.27 19.36 19.21 19.19 19.14 19.08 19.28 19.34 19.35 19.55 19.59 19.72 19.86 19.81 19.64 19.42 19.14 18.99 19.37 19.51 19.36 19.29 19.26 19.54 19.59 19.72 19.68 19.54 19.49 19.49 19.58 19.63 19.55 19.50
19.43 19.63 19.40 19.40 19.13 19.13 19.15 18.72 19.27 19.65 19.67 19.67 19.69 19.76 19.83 19.79 19.56 19.36 19.34 19.31 19.23 19.34 19.03 19.10 19.29 19.27 19.37 19.29 19.32 19.45 19.44 19.69 19.71 19.58 19.45 19.56 19.56 19.47 19.32 19.15 19.18 19.15 19.00 19.35 19.30 19.04 19.00 19.13 19.22 18.95 19.17 19.38 19.40 19.35 19.68 19.80 19.62 19.56 19.43 19.11 19.21 19.49 19.45 19.33 19.23 19.21 19.49 19.70 19.59 19.52 19.49 19.43 19.47 19.47 19.61 19.47 19.53
19.43 19.66 19.58 19.12 19.12 19.24 19.33 19.37 19.32 19.62 19.56 19.56 19.68 19.70 19.80 19.75 19.56 19.38 19.34 19.30 19.27 19.26 19.16 19.23 19.32 19.37 19.26 19.25 19.38 19.39 19.43 19.59 19.66 19.51 19.47 19.51 19.51 19.24 19.16 19.11 19.20 19.13 19.02 19.32 19.21 19.06 18.98 19.06 19.19 19.18 18.94 19.05 19.19 19.43 19.71 19.78 19.56 19.52 19.28 19.09 19.34 19.50 19.46 19.32 19.29 19.26 19.39 19.57 19.72 19.61 19.47 19.36 19.32 19.33 19.36 19.43 19.49
19.47 19.47 19.63 19.31 19.37 19.24 19.33 19.43 19.55 19.54 19.61 19.50 19.47 19.54 19.61 19.71 19.43 19.28 19.34 19.22 19.27 19.23 19.29 19.33 19.28 19.23 19.26 19.37 19.36 19.38 19.36 19.59 19.64 19.47 19.50 19.58 19.47 19.05 19.17 19.10 19.22 19.13 19.13 19.28 19.06 18.93 18.97 19.01 19.11 19.27 19.16 18.88 19.00 19.42 19.72 19.63 19.45 19.28 18.93 19.27 19.39 19.44 19.37 19.29 19.33 19.38 19.33 19.38 19.41 19.47 19.38 19.25 19.31 19.31 19.38 19.40 19.54
19.22 19.22 19.38 19.64 19.51 19.31 19.37 19.67 19.51 19.43 19.54 19.53 19.45 19.52 19.57 19.51 19.27 19.29 19.33 19.25 19.32 19.31 19.30 19.41 19.35 19.29 19.23 19.33 19.44 19.35 19.45 19.57 19.49 19.51 19.49 19.58 19.26 19.09 19.08 19.04 19.18 19.05 19.08 19.27 19.16 19.17 19.08 19.19 19.14 19.15 19.18 19.19 19.16 19.26 19.70 19.62 19.46 19.16 19.03 19.22 19.26 19.24 19.10 19.11 19.30 19.20 19.29 19.55 19.48 19.38 19.33 19.28 19.34 19.35 19.53 19.42 19.53
19.27 19.27 18.98 19.58 19.63 19.38 19.68 19.52 19.45 19.31 19.46 19.47 19.41 19.59 19.44 19.15 19.12 19.17 19.18 19.24 19.39 19.44 19.44 19.43 19.40 19.18 19.32 19.23 19.19 19.34 19.52 19.56 19.38 19.44 19.46 19.53 19.08 19.21 19.13 19.15 19.01 19.03 18.99 19.18 19.07 18.98 19.18 19.29 19.16 19.06 19.09 19.23 19.36 19.49 19.58 19.53 19.49 19.14 19.16 19.26 19.25 19.17 19.15 19.01 19.31 19.08 19.15 19.39 19.30 19.44 19.24 19.16 19.20 19.32 19.34 19.39 19.42
19.40 19.38 19.51 19.68 19.71 19.59 19.65 19.43 19.44 19.33 19.53 19.52 19.51 19.58 19.50 19.30 19.21 19.07 19.06 19.25 19.37 19.45 19.53 19.51 19.29 19.26 19.28 19.32 19.28 19.41 19.41 19.38 19.28 19.38 19.41 19.42 19.14 19.19 19.13 19.23 19.03 19.02 19.07 19.08 19.07 19.07 19.30 19.25 19.12 19.09 19.07 19.33 19.46 19.51 19.50 19.48 19.34 19.23 19.22 19.30 19.15 19.06 19.09 19.14 19.31 19.32 19.27 19.27 19.35 19.37 19.13 19.07 19.03 19.07 19.11 19.37 19.19
18.87 18.96 19.56 19.75 19.73 19.68 19.67 19.49 19.43 19.48 19.48 19.67 19.89 19.76 19.41 19.33 19.28 19.06 19.11 19.36 19.39 19.50 19.45 19.39 19.28 19.36 19.34 19.23 19.33 19.34 19.27 19.18 19.12 19.26 19.33 19.34 19.08 19.13 19.13 19.01 19.07 18.96 19.12 19.06 18.94 19.11 19.28 19.15 19.11 19.06 19.23 19.44 19.50 19.46 19.44 19.47 19.35 19.29 19.23 19.31 19.25 19.17 19.01 19.11 19.10 19.08 19.32 19.43 19.35 19.39 18.91 18.98 19.07 19.29 19.33 19.19 19.21
19.18 18.56 19.06 19.76 19.71 19.71 19.67 19.58 19.47 19.45 19.41 19.61 19.61 19.41 19.71 19.40 19.22 19.17 19.22 19.45 19.40 19.46 19.47 19.39 19.34 19.27 19.24 19.08 19.31 19.44 19.30 19.11 19.26 19.30 19.24 19.17 19.20 19.15 19.01 18.97 18.86 18.77 18.94 18.78 18.70 19.20 19.33 19.07 19.08 19.05 19.33 19.40 19.41 19.47 19.54 19.41 19.26 19.35 19.42 19.31 19.25 19.00 19.04 19.16 19.07 19.24 19.47 19.50 19.43 19.25 19.09 19.16 19.16 19.18 19.09 19.01 19.27
19.38 18.96 19.55 19.72 19.70 19.77 19.65 19.57 19.52 19.52 19.40 19.58 19.64 19.56 19.73 19.58 19.24 19.04 19.38 19.42 19.49 19.46 19.37 19.34 19.47 19.37 19.18 19.10 19.25 19.37 19.25 19.11 19.16 19.20 18.97 18.88 19.30 19.11 18.98 18.90 18.95 19.06 19.08 18.75 18.69 19.33 19.25 19.20 19.19 19.22 19.31 19.25 19.64 19.62 19.61 19.32 19.33 19.41 19.28 19.20 19.17 18.98 19.29 19.22 19.20 19.37 19.51 19.44 19.49 19.34 19.16 19.15 19.05 19.02 19.06 19.26 19.24
19.57 19.66 19.75 19.71 19.72 19.71 19.52 19.59 19.61 19.58 19.47 19.51 19.50 19.44 19.21 19.44 19.54 19.17 19.48 19.39 19.46 19.51 19.31 19.29 19.34 19.25 19.25 19.28 18.88 19.16 19.15 19.01 19.13 19.02 18.96 18.94 19.17 18.97 18.68 18.84 18.92 19.09 18.82 18.85 18.97 19.27 19.32 19.35 19.34 19.37 19.37 19.31 19.52 19.56 19.54 19.23 19.27 19.41 19.12 19.13 19.14 19.17 19.37 19.18 19.25 19.41 19.49 19.44 19.42 19.26 19.07 18.86 18.72 19.08 19.25 19.20 19.29
19.49 19.66 19.79 19.71 19.74 19.68 19.60 19.54 19.56 19.57 19.65 19.61 19.46 19.27 18.96 19.15 19.18 19.18 19.36 19.41 19.45 19.41 19.35 19.29 19.34 19.21 19.25 19.31 19.10 18.92 19.01 19.02 18.94 18.79 18.82 18.69 18.99 18.85 18.55 18.50 18.59 18.83 18.76 18.87 18.99 19.23 19.22 19.28 19.21 19.25 19.23 19.45 19.64 19.68 19.44 19.15 19.26 19.41 19.06 19.24 19.07 19.25 19.35 19.09 19.16 19.15 19.18 18.95 19.05 19.15 18.98 18.76 18.85 19.23 19.34 19.25 19.05
19.46 19.63 19.64 19.55 19.53 19.61 19.68 19.54 19.62 19.59 19.74 19.73 19.62 19.40 18.98 19.17 19.37 19.25 19.30 19.38 19.44 19.38 19.16 19.29 19.30 19.17 19.31 19.32 19.32 19.01 18.98 18.98 18.96 18.95 18.86 18.75 18.90 18.74 18.43 18.51 18.66 18.56 18.65 18.74 19.18 19.18 19.12 19.17 19.29 19.28 19.31 19.46 19.42 19.58 19.31 19.17 19.33 19.27 19.21 19.10 18.99 19.16 19.16 19.04 18.91 19.04 18.95 18.89 18.91 18.85 18.80 18.74 19.00 18.99 19.27 19.22 19.04
19.56 19.71 19.69 19.61 19.52 19.68 19.66 19.67 19.65 19.58 19.65 19.63 19.66 19.48 19.32 19.29 19.34 19.44 19.35 19.31 19.30 19.36 19.36 19.43 19.34 19.19 19.42 19.37 19.20 19.08 19.09 18.96 19.13 19.08 19.13 19.07 19.02 18.74 18.28 18.57 18.63 18.52 18.82 18.91 19.13 19.23 19.26 19.22 19.14 19.16 19.36 19.37 19.07 19.33 19.08 19.18 19.21 19.26 19.10 19.04 19.29 19.37 19.24 19.02 18.85 18.98 18.98 18.80 18.98 18.92 18.94 18.87 18.98 19.06 19.17 19.04 18.97
19.46 19.61 19.69 19.71 19.52 19.61 19.39 19.45 19.44 19.47 19.54 19.49 19.53 19.55 19.38 19.09 19.19 19.26 19.19 19.33 19.35 19.26 19.20 19.42 19.28 19.32 19.36 19.45 19.34 19.16 18.97 18.79 19.03 19.07 19.19 19.18 19.23 18.62 18.26 18.59 18.48 18.55 18.80 19.10 19.15 19.04 19.16 19.13 18.99 19.11 19.26 19.32 19.12 18.88 18.69 19.24 19.32 19.18 18.95 19.03 19.23 19.22 18.98 18.82 18.74 18.90 18.84 18.96 18.95 18.97 19.02 18.87 19.00 19.12 19.18 19.01 19.15
19.74 19.60 19.69 19.71 19.67 19.65 19.61 19.61 19.45 19.56 19.60 19.47 19.51 19.57 19.31 19.17 19.16 19.13 19.32 19.29 19.46 19.24 19.23 19.24 19.28 19.42 19.18 19.39 19.42 19.27 19.07 18.98 18.82 18.74 19.09 18.94 18.74 18.75 18.63 18.97 18.65 18.44 18.71 19.19 19.04 18.73 18.96 19.03 18.86 19.09 19.25 19.31 19.42 19.04 18.81 19.29 19.28 18.90 18.84 18.96 19.11 19.10 18.89 18.87 18.85 18.98 18.91 19.07 18.94 18.92 19.01 19.00 19.09 19.17 19.22 19.05 19.01
19.74 19.62 19.61 19.66 19.54 19.53 19.49 19.49 19.41 19.65 19.61 19.63 19.56 19.55 19.27 19.24 19.30 19.35 19.19 19.07 19.33 19.16 19.19 19.25 19.20 19.12 19.15 19.17 19.39 19.39 19.26 18.84 19.27 19.10 18.91 18.90 18.52 18.77 18.77 18.86 18.52 18.60 19.03 18.89 18.70 18.65 19.19 18.97 18.90 18.97 19.20 19.28 19.34 18.90 19.02 19.14 18.94 18.92 18.99 18.90 19.08 18.98 18.77 18.72 18.90 19.05 18.95 18.81 19.00 19.02 19.09 19.15 18.96 19.16 19.16 18.92 18.78
19.72 19.74 19.58 19.50 19.42 19.42 19.48 19.44 19.37 19.60 19.56 19.51 19.53 19.51 19.31 19.10 19.07 19.30 19.09 19.01 19.20 19.28 19.26 19.15 19.11 19.15 19.16 19.11 19.30 19.36 19.17 18.85 19.10 19.18 19.26 19.05 18.89 18.55 18.62 18.74 18.61 18.62 19.06 18.92 18.50 18.68 19.06 18.79 19.05 19.05 19.15 19.28 19.21 18.91 19.09 18.84 18.77 18.93 18.87 18.98 19.08 18.89 18.76 18.67 18.93 19.11 18.94 18.85 19.11 19.13 19.05 19.03 18.97 19.18 19.06 18.86 18.83
19.46 19.68 19.68 19.50 19.31 19.40 19.52 19.41 19.35 19.49 19.24 19.24 19.35 19.31 19.36 19.02 19.20 19.36 19.17 19.18 19.07 19.01 18.84 19.09 19.16 19.15 19.21 18.97 19.17 19.20 19.00 19.09 19.05 19.10 19.22 19.14 19.11 18.66 18.53 18.43 18.66 18.80 19.16 19.12 19.01 19.11 19.04 18.86 18.88 18.97 19.11 19.28 19.19 18.98 19.00 18.72 18.66 18.97 18.96 18.99 19.03 18.96 18.77 18.79 19.04 19.13 18.91 19.01 19.22 19.24 19.07 19.04 18.94 19.17 18.99 18.81 18.79
19.70 19.71 19.74 19.65 19.50 19.40 19.46 19.42 19.40 19.45 19.39 19.30 19.00 18.84 18.74 18.88 19.20 19.26 19.15 19.21 19.11 19.00 19.09 19.29 19.39 19.28 19.16 18.98 19.08 19.15 19.22 19.26 19.16 19.03 19.14 19.05 19.14 18.77 18.84 19.02 18.83 18.81 19.11 19.26 19.23 19.28 18.90 18.88 18.93 18.87 19.12 19.04 19.24 19.10 18.90 18.73 18.83 18.81 18.93 18.98 18.99 18.95 18.79 18.72 19.07 19.06 18.90 19.15 19.35 19.22 19.06 19.03 18.98 19.14 18.95 18.77 18.79
19.68 19.70 19.76 19.66 19.55 19.45 19.33 19.32 19.36 19.42 19.40 19.33 19.02 18.94 19.05 19.03 19.23 19.14 19.15 19.14 19.20 19.05 19.16 19.22 19.30 19.18 19.17 19.15 19.29 19.10 19.24 19.37 18.90 18.97 19.03 19.04 18.70 18.52 18.99 18.95 18.33 19.02 19.12 19.38 19.21 19.09 18.76 18.75 18.54 18.86 19.09 19.11 19.09 18.97 18.82 18.88 19.02 19.00 19.01 19.09 19.05 18.86 18.77 18.78 19.08 19.03 19.01 19.22 19.22 19.04 19.05 18.87 18.93 19.18 18.94 18.90 18.72
19.65 19.62 19.66 19.63 19.61 19.51 19.35 19.24 19.40 19.30 19.29 19.08 18.92 18.97 19.11 19.30 19.25 19.21 19.09 19.23 19.13 19.11 19.10 19.08 19.16 19.08 19.12 19.26 19.00 19.22 19.24 19.25 19.06 18.91 19.07 18.97 18.55 18.06 18.51 18.31 18.14 18.84 19.33 19.37 19.26 18.87 18.63 18.49 18.31 18.55 18.93 19.11 19.25 18.89 18.61 18.96 19.11 19.13 19.16 19.33 18.99 18.88 18.75 18.88 19.17 19.12 18.96 19.15 19.05 18.87 18.94 18.80 19.02 19.00 18.58 18.78 18.79
19.67 19.65 19.63 19.65 19.59 19.49 19.40 19.12 19.34 19.25 19.32 19.29 19.21 19.14 19.22 19.28 19.23 18.76 18.91 19.20 19.13 19.06 19.02 19.04 19.14 19.03 18.91 19.24 19.36 19.10 19.20 19.19 19.01 19.02 19.04 19.05 18.42 18.44 18.61 18.32 18.50 18.99 19.09 19.11 18.67 18.21 18.23 18.21 18.31 18.71 19.12 19.28 19.36 18.83 18.60 18.96 19.12 19.27 19.26 19.34 18.96 18.78 18.76 19.09 19.10 19.12 19.03 19.08 19.10 18.96 18.89 18.83 18.96 18.98 18.78 18.98 18.83
19.72 19.70 19.67 19.63 19.58 19.47 19.20 19.23 19.37 19.17 19.36 19.31 19.25 19.28 19.30 19.14 18.98 19.13 19.03 18.94 19.09 19.00 18.88 18.86 18.95 19.00 19.21 19.33 19.36 19.29 19.15 19.14 18.94 18.87 18.82 19.06 18.79 18.54 18.65 18.75 18.86 18.85 18.95 18.59 18.73 18.55 18.51 18.48 18.42 18.96 19.16 19.47 19.31 18.71 18.36 18.86 19.11 19.38 19.32 19.26 19.02 18.75 18.69 19.00 19.10 19.12 19.05 19.10 19.14 18.98 18.88 18.88 19.06 19.09 18.92 18.98 18.78
19.73 19.72 19.66 19.53 19.52 19.41 19.25 19.29 19.31 19.22 19.32 19.17 19.32 19.22 19.15 19.15 19.14 19.23 19.06 19.02 19.07 19.01 18.83 18.96 18.97 18.86 19.19 19.33 19.40 19.27 19.13 19.11 18.82 18.89 18.94 19.11 18.97 18.87 18.90 18.93 18.59 18.88 19.05 18.81 18.80 19.08 18.65 18.43 18.51 18.96 19.08 19.28 19.13 18.51 18.32 18.80 19.15 19.41 19.30 19.15 18.85 18.76 18.74 19.03 19.04 19.07 19.05 19.01 19.03 19.06 19.01 18.99 19.14 19.01 18.91 18.96 18.67
19.71 19.64 19.58 19.47 19.62 19.56 19.37 19.30 19.13 18.99 19.08 19.09 19.19 19.09 19.10 19.05 19.14 19.20 19.14 19.11 19.03 19.00 19.16 19.45 19.51 18.83 19.08 19.20 19.37 19.30 19.17 19.02 18.69 18.94 19.13 19.22 19.06 18.91 19.20 18.82 18.66 18.88 19.06 18.92 18.97 18.99 18.67 18.73 18.61 18.44 18.93 19.14 18.81 18.49 18.66 18.95 19.30 19.35 19.20 19.05 18.79 18.73 18.79 18.95 19.18 19.11 18.94 19.01 19.04 19.17 19.10 18.94 19.07 18.92 19.02 18.81 18.49
19.51 19.45 19.56 19.54 19.65 19.61 19.55 19.26 19.07 18.96 18.90 19.02 19.06 19.09 19.06 19.10 19.15 19.20 19.10 19.14 18.97 18.96 18.90 19.15 19.03 18.92 18.93 18.86 19.01 19.14 19.07 18.95 18.86 18.94 19.09 19.24 18.95 18.93 18.94 18.72 18.64 18.88 19.08 19.12 19.09 18.75 18.44 18.65 18.80 18.73 18.85 18.95 18.89 18.75 18.78 19.07 19.32 19.22 18.76 18.66 18.62 18.72 18.87 19.02 19.26 19.01 18.73 19.00 19.09 19.12 19.22 19.07 18.89 18.87 18.84 18.65 18.58
19.51 19.65 19.59 19.46 19.63 19.62 19.58 19.54 19.18 19.09 19.07 18.93 19.12 18.95 19.03 19.04 19.01 18.96 19.08 19.21 19.11 18.98 18.99 18.89 18.80 18.92 19.00 18.83 18.78 18.79 18.82 18.91 18.49 18.75 18.75 18.84 18.63 18.75 18.96 18.68 18.65 19.06 18.93 19.25 19.36 19.01 18.66 18.61 18.85 19.08 19.15 18.96 18.88 18.80 18.83 19.12 19.18 19.13 18.91 18.85 18.97 18.85 18.87 18.99 19.17 18.96 18.91 18.96 19.01 19.00 18.94 18.84 18.87 18.94 18.75 18.70 18.75
19.48 19.54 19.50 19.26 19.52 19.62 19.55 19.50 19.44 19.20 19.10 19.20 19.01 18.90 18.83 18.85 18.95 18.95 18.95 19.27 19.13 18.95 18.80 18.68 18.76 18.76 18.62 18.54 18.62 18.49 18.38 18.24 18.44 18.40 18.82 18.82 18.72 18.76 18.88 18.88 18.84 19.14 18.89 19.13 19.06 18.95 19.25 19.01 19.03 19.19 19.20 19.11 18.91 18.94 19.04 19.16 19.09 18.98 18.94 19.04 18.96 18.74 18.74 18.86 19.13 18.98 18.82 18.74 18.89 18.91 18.88 18.78 18.97 18.88 18.64 18.77 18.81
19.36 19.46 19.39 19.07 19.36 19.44 19.49 19.49 19.52 19.49 19.40 19.40 19.20 18.95 18.91 18.77 18.94 18.89 18.95 19.06 18.93 18.87 18.80 18.64 18.58 18.85 18.33 18.23 18.43 18.56 18.52 18.72 18.53 18.64 18.81 18.89 18.61 18.88 19.05 18.96 18.86 19.10 19.02 19.03 18.70 19.07 19.24 19.22 19.05 19.25 19.30 19.26 18.94 18.84 19.11 19.20 18.96 18.85 18.93 18.92 18.90 18.65 18.88 18.88 18.98 18.79 18.71 18.68 18.81 18.89 18.71 18.75 18.93 18.81 18.78 18.88 18.94
