files/bom_datasets/05.12.18.txt
ncols 839
nrows 679
xllcenter 112.0500
yllcenter -43.9500
cellsize 0.0500
nodata_value 99999.90
[rows 102 to 135 of 679, columns 308 to 384 of 839]
20.67 20.62 20.74 20.67 20.52 20.59 20.65 20.32 19.84 19.45 20.34 20.34 20.52 20.52 20.31 20.31 20.49 20.63 20.70 20.70 20.78 20.72 20.53 20.44 20.39 20.38 20.31 20.23 20.42 20.45 20.51 20.35 20.11 20.28 20.15 20.15 20.43 19.98 19.97 20.02 20.02 20.34 20.10 20.10 20.59 20.59 20.41 20.52 20.49 20.56 20.58 20.61 20.57 20.69 20.70 20.63 20.67 20.74 20.65 20.68 20.71 20.76 20.85 20.84 20.67 20.90 20.86 20.83 20.72 20.68 20.63 20.85 20.89 20.90 20.79 20.71 20.67
20.65 20.61 20.55 20.48 20.35 20.40 20.58 20.27 20.34 19.92 20.34 20.55 20.68 20.68 20.31 20.29 20.29 20.38 20.56 20.64 20.75 20.69 20.59 20.38 20.39 20.46 20.34 20.34 20.39 20.51 20.58 20.43 20.40 20.44 20.42 20.57 20.25 20.08 20.10 20.10 20.00 20.27 19.91 19.57 19.57 20.48 20.48 20.29 20.35 20.65 20.56 20.33 20.36 20.51 20.73 20.76 20.77 20.70 20.77 20.71 20.78 20.88 20.83 20.63 20.66 20.87 20.87 20.91 20.81 20.67 20.59 20.59 20.85 20.88 20.87 20.85 20.68
20.60 20.53 20.49 20.34 20.24 20.16 20.39 20.22 20.27 20.35 20.39 20.53 20.51 20.51 20.50 20.50 20.29 20.22 20.29 20.43 20.62 20.65 20.53 20.38 20.33 20.46 20.37 20.33 20.38 20.49 20.43 20.39 20.48 20.41 20.40 20.24 20.32 19.92 20.13 20.09 20.45 20.40 20.38 20.18 20.39 20.41 20.46 20.48 20.36 20.64 20.59 20.39 20.50 20.50 20.66 20.71 20.74 20.68 20.75 20.67 20.76 20.89 20.77 20.66 20.81 20.85 20.87 20.86 20.80 20.54 20.50 20.64 20.66 20.80 20.86 20.84 20.80
20.61 20.54 20.48 20.39 20.40 20.42 20.34 20.45 20.41 20.38 20.32 20.38 20.51 20.01 20.01 19.88 19.88 20.22 20.22 20.28 20.45 20.62 20.44 20.36 20.29 20.40 20.31 20.27 20.37 20.49 20.53 20.48 20.40 20.34 20.40 20.44 20.53 20.26 20.20 20.30 20.47 20.45 20.50 20.40 20.55 20.53 20.55 20.48 20.49 20.67 20.64 20.48 20.55 20.65 20.63 20.68 20.68 20.58 20.70 20.76 20.81 20.83 20.71 20.74 20.85 20.86 20.81 20.63 20.56 20.59 20.51 20.65 20.67 20.61 20.71 20.81 20.85
20.46 20.52 20.36 20.26 20.25 20.21 20.34 20.50 20.45 20.39 20.10 19.45 19.45 19.73 19.73 19.29 19.29 20.22 19.93 20.40 20.41 20.48 20.42 20.35 20.29 20.38 20.29 20.23 20.37 20.40 20.53 20.48 20.45 20.34 20.35 20.40 20.44 20.41 20.45 20.54 20.66 20.59 20.60 20.48 20.47 20.44 20.48 20.30 20.48 20.65 20.62 20.53 20.49 20.63 20.55 20.55 20.55 20.56 20.64 20.68 20.69 20.57 20.33 20.48 20.80 20.74 20.66 20.63 20.57 20.57 20.63 20.69 20.72 20.67 20.61 20.79 20.77
20.51 20.45 20.30 20.27 20.33 20.40 20.38 20.44 20.47 20.42 19.80 19.50 19.39 19.39 20.09 19.83 19.97 19.99 19.94 20.61 20.68 20.50 20.38 20.13 20.44 20.32 20.23 20.09 20.25 20.39 20.40 20.46 20.46 20.36 20.46 20.43 20.43 20.48 20.52 20.53 20.61 20.54 20.57 20.46 20.38 20.38 20.26 20.33 20.51 20.49 20.66 20.70 20.51 20.55 20.52 20.54 20.42 20.20 20.19 20.35 20.35 20.50 20.59 20.62 20.64 20.50 20.65 20.61 20.64 20.62 20.62 20.67 20.67 20.67 20.57 20.79 20.71
20.48 20.33 20.32 20.26 20.37 20.41 20.32 20.27 20.42 20.45 20.39 19.64 19.39 20.23 20.23 20.09 20.06 20.20 19.98 20.55 20.65 20.55 20.37 20.13 20.30 20.40 20.27 20.12 20.38 20.38 20.38 20.39 20.41 20.44 20.52 20.46 20.43 20.45 20.52 20.55 20.50 20.46 20.43 20.49 20.45 20.34 20.16 20.01 20.09 20.34 20.53 20.46 20.48 20.53 20.27 20.11 20.12 20.17 20.32 20.20 20.29 20.51 20.53 20.51 20.56 20.43 20.52 20.56 20.53 20.64 20.68 20.65 20.62 20.66 20.57 20.65 20.59
20.44 20.38 20.33 20.24 20.28 20.17 20.14 20.06 19.96 20.06 20.56 20.51 20.28 20.24 20.16 20.05 20.01 20.27 20.16 20.17 20.06 20.11 20.09 20.08 20.28 20.34 20.25 20.16 20.24 20.30 20.42 20.41 20.51 20.49 20.47 20.42 20.37 20.43 20.61 20.49 20.44 20.53 20.52 20.51 20.37 20.33 20.23 20.23 20.24 20.26 20.35 20.45 20.55 20.38 20.14 20.05 20.25 20.34 20.33 20.29 20.44 20.56 20.53 20.51 20.50 20.45 20.46 20.49 20.44 20.60 20.63 20.62 20.56 20.64 20.65 20.67 20.59
20.37 20.15 20.19 20.31 20.28 20.32 20.18 20.00 19.57 19.85 20.38 20.21 19.99 19.59 19.96 20.13 20.21 20.12 20.10 20.11 20.06 20.04 19.92 20.16 20.32 20.30 20.37 20.36 20.29 20.39 20.38 20.38 20.52 20.45 20.47 20.41 20.36 20.42 20.50 20.51 20.49 20.50 20.43 20.46 20.43 20.35 20.38 20.34 20.25 20.25 20.33 20.49 20.57 20.08 20.00 19.93 20.17 20.36 20.39 20.34 20.47 20.51 20.45 20.51 20.48 20.38 20.37 20.31 20.25 20.40 20.33 20.47 20.52 20.61 20.60 20.63 20.61
20.26 20.08 20.24 20.34 20.33 20.26 20.28 20.16 20.03 20.20 19.97 19.51 19.59 19.61 20.25 20.30 20.37 20.29 20.13 20.05 19.95 19.88 19.81 20.00 20.25 20.15 20.30 20.33 20.37 20.41 20.39 20.30 20.34 20.40 20.53 20.48 20.41 20.49 20.48 20.44 20.48 20.48 20.37 20.50 20.40 20.35 20.34 20.39 20.27 20.20 20.36 20.38 20.20 19.93 19.73 20.00 20.06 20.32 20.28 20.35 20.37 20.38 20.43 20.48 20.45 20.39 20.37 20.37 20.33 20.25 20.28 20.30 20.39 20.48 20.58 20.56 20.56
20.24 20.23 20.28 20.27 20.35 20.27 20.26 20.07 20.06 20.02 20.19 20.27 20.33 20.33 20.33 20.35 20.38 20.39 20.23 20.13 20.20 20.11 20.05 20.11 20.30 20.20 20.47 20.31 20.38 20.41 20.36 20.34 20.33 20.41 20.41 20.41 20.43 20.55 20.48 20.47 20.55 20.54 20.52 20.56 20.47 20.29 20.26 20.46 20.53 20.39 20.26 20.16 19.68 19.89 19.78 20.06 20.03 20.22 20.26 20.29 20.34 20.29 20.31 20.37 20.28 20.21 20.26 20.24 20.29 20.34 20.37 20.50 20.55 20.45 20.50 20.66 20.62
20.28 20.24 20.27 20.17 20.26 20.27 20.25 20.08 20.16 20.18 20.27 20.29 20.25 20.30 20.41 20.39 20.39 20.28 20.29 20.17 20.12 20.05 20.02 20.30 20.24 20.23 20.30 20.32 20.35 20.33 20.41 20.34 20.35 20.44 20.26 20.35 20.47 20.52 20.41 20.44 20.52 20.56 20.50 20.49 20.46 20.33 20.33 20.50 20.64 20.45 20.18 19.97 19.91 19.86 19.89 20.12 20.21 20.13 20.31 20.24 20.23 20.18 20.29 20.35 20.30 20.17 20.21 20.21 20.32 20.36 20.43 20.55 20.52 20.51 20.56 20.55 20.50
20.28 20.26 20.16 20.19 20.29 20.24 20.17 20.18 20.19 20.21 20.32 20.29 20.27 20.28 20.33 20.40 20.34 20.34 20.32 20.09 20.10 20.09 20.11 20.06 20.21 20.24 20.40 20.40 20.37 20.35 20.33 20.41 20.33 20.38 20.35 20.46 20.52 20.45 20.41 20.41 20.48 20.57 20.41 20.44 20.59 20.57 20.56 20.52 20.28 20.17 19.94 19.84 20.04 20.10 20.07 20.19 20.18 20.05 20.19 20.24 20.25 20.14 20.14 20.21 20.37 20.25 20.25 20.23 20.34 20.45 20.55 20.51 20.51 20.55 20.57 20.51 20.48
20.27 20.29 20.13 20.19 20.12 20.11 20.25 20.20 20.15 20.17 20.25 20.24 20.25 20.32 20.28 20.29 20.38 20.30 20.32 20.13 20.20 20.04 20.14 20.19 20.24 20.20 20.40 20.35 20.39 20.42 20.44 20.38 20.37 20.35 20.39 20.44 20.54 20.40 20.43 20.35 20.43 20.43 20.45 20.44 20.62 20.65 20.64 20.28 19.95 20.07 19.77 19.84 20.06 20.17 20.20 20.33 20.14 20.10 20.07 20.17 20.28 20.16 20.12 20.16 20.26 20.16 20.17 20.35 20.46 20.46 20.53 20.47 20.50 20.45 20.48 20.49 20.40
20.19 20.11 20.13 20.17 20.16 20.17 20.22 20.17 20.07 20.11 20.22 20.23 20.28 20.33 20.32 20.21 20.30 20.28 20.18 20.17 20.09 19.96 20.17 20.15 20.17 20.15 20.33 20.23 20.38 20.45 20.40 20.30 20.37 20.34 20.39 20.37 20.33 20.35 20.33 20.26 20.31 20.36 20.36 20.37 20.36 20.26 20.31 20.19 19.91 19.92 20.00 20.18 20.16 20.25 20.27 20.32 20.27 20.12 20.07 20.11 20.24 20.19 20.05 20.16 20.12 20.09 20.22 20.47 20.49 20.47 20.49 20.45 20.44 20.43 20.44 20.49 20.23
20.13 20.19 20.21 20.22 20.26 20.09 20.17 20.18 20.08 20.10 20.17 20.18 20.23 20.27 20.33 20.16 20.27 20.30 20.32 20.08 20.17 20.05 20.19 20.21 20.28 20.19 20.24 20.07 20.28 20.40 20.38 20.20 20.18 20.29 20.33 20.26 20.27 20.16 20.23 20.23 20.28 20.38 20.36 20.32 20.27 20.14 20.24 20.12 20.02 20.13 20.26 20.20 20.35 20.35 20.24 20.19 20.19 20.05 20.06 20.14 20.25 20.13 19.94 20.03 20.17 20.31 20.32 20.31 20.50 20.43 20.43 20.44 20.41 20.46 20.43 20.50 20.45
20.03 20.15 20.13 20.25 20.08 20.14 20.18 20.08 20.08 20.10 20.20 20.14 20.01 20.03 20.17 20.14 20.20 20.21 20.01 20.13 20.08 20.11 20.15 20.27 20.36 20.30 20.32 20.24 20.25 20.30 20.41 20.15 20.06 20.10 20.27 20.27 20.30 20.19 20.24 20.17 20.25 20.35 20.35 20.24 20.22 20.22 20.25 20.20 20.19 20.22 20.25 20.30 20.36 20.34 20.29 20.27 20.37 20.14 20.09 20.21 20.19 20.14 19.88 19.93 20.16 20.37 20.38 20.17 20.44 20.45 20.42 20.45 20.32 20.35 20.34 20.42 20.37
20.07 20.05 20.14 20.07 20.06 20.11 20.15 20.08 20.04 20.15 20.15 20.28 20.14 20.03 20.08 20.12 20.12 19.92 20.07 20.14 19.90 19.99 20.13 20.26 20.34 20.33 20.20 20.14 20.14 20.12 20.20 20.07 20.09 19.99 20.19 20.28 20.12 20.21 20.26 20.18 20.12 20.21 20.22 20.08 20.13 20.17 20.21 20.18 20.21 20.18 20.29 20.31 20.39 20.38 20.35 20.33 20.34 20.35 20.15 20.19 20.29 20.17 20.08 20.06 20.19 20.34 20.37 20.18 20.26 20.37 20.44 20.39 20.32 20.27 20.30 20.22 20.23
20.13 20.08 20.07 20.08 20.11 20.20 20.17 20.08 20.05 20.11 20.15 20.18 20.23 20.07 20.03 20.14 20.00 19.99 20.10 20.12 20.01 20.09 20.08 19.99 20.21 20.25 20.21 20.24 20.14 20.10 20.23 20.12 20.09 20.10 20.17 20.20 20.08 20.19 20.26 20.25 20.06 19.99 19.93 20.11 20.08 20.13 20.20 20.21 20.23 20.29 20.34 20.26 20.28 20.29 20.31 20.36 20.27 20.23 20.16 20.25 20.20 20.19 20.14 20.12 20.15 20.26 20.38 20.24 19.95 20.01 20.14 20.18 20.13 19.92 19.95 19.76 19.80
20.12 20.04 20.06 20.09 20.08 20.10 19.98 20.03 20.07 20.11 20.19 20.21 20.17 20.13 20.09 20.09 19.92 20.06 20.08 19.89 19.98 20.13 19.98 20.08 20.02 20.13 20.21 20.24 20.24 20.18 20.15 20.07 19.97 19.97 20.15 20.10 20.04 20.09 20.19 20.23 20.08 19.90 20.02 19.92 19.80 19.96 20.19 20.15 20.20 20.29 20.37 20.23 20.17 20.21 20.25 20.31 20.20 20.12 20.14 20.16 20.16 20.17 20.24 20.17 20.11 20.27 20.33 20.21 19.94 19.84 19.95 20.01 20.01 19.83 19.84 19.73 19.78
20.02 20.02 20.07 20.07 20.09 20.05 19.98 20.03 20.02 20.13 20.17 20.18 20.19 20.20 20.09 20.02 20.01 20.06 20.06 19.94 20.02 20.05 19.93 20.02 20.02 20.13 20.21 20.21 20.21 20.18 20.15 20.07 19.92 19.86 20.03 20.00 20.06 20.03 20.09 20.14 20.13 20.14 20.09 19.76 19.75 19.86 20.07 20.20 20.24 20.27 20.33 20.34 20.30 20.38 20.24 20.25 20.27 20.24 20.14 20.06 20.14 20.14 20.28 20.26 20.18 20.23 20.26 20.08 19.95 19.85 19.93 20.09 20.05 19.87 19.88 19.84 20.00
19.95 19.98 20.05 20.04 20.07 19.91 19.95 19.96 20.06 20.09 20.06 20.23 20.16 20.15 20.02 20.02 19.96 20.06 20.06 19.96 20.05 20.00 19.96 20.03 20.03 20.13 20.21 20.21 20.21 20.21 19.92 19.85 19.85 19.87 19.94 19.64 19.90 20.08 20.00 19.93 19.89 20.14 20.07 19.48 19.78 19.94 20.21 20.25 20.24 20.27 20.27 20.27 20.33 20.25 20.21 20.27 20.34 20.15 20.17 20.16 20.12 20.05 20.26 20.27 20.23 20.29 20.31 20.17 20.12 20.10 19.91 19.97 20.16 19.97 19.65 19.78 19.82
19.90 20.02 19.99 20.05 20.00 19.85 19.90 19.97 20.12 20.12 20.15 20.12 20.06 20.09 19.96 20.02 19.70 19.96 20.05 20.04 20.00 19.95 20.04 20.13 20.13 20.13 20.21 20.21 20.21 19.92 19.92 19.92 19.81 19.85 19.92 19.71 19.58 19.89 20.12 19.90 19.93 20.04 19.88 19.68 19.74 20.05 20.35 20.27 20.22 20.27 20.30 20.35 20.25 20.20 20.14 20.26 20.18 20.08 20.23 20.12 20.17 20.17 20.30 20.25 20.21 20.22 20.21 20.13 20.01 20.17 20.03 19.89 20.08 19.99 19.81 19.65 19.78
19.93 20.05 19.99 20.04 20.00 19.95 19.93 20.03 20.11 20.02 19.99 19.99 19.90 19.88 19.96 19.94 19.70 19.84 20.00 20.00 19.90 19.84 20.06 20.11 20.11 20.11 20.11 20.21 19.28 19.77 19.77 19.77 19.73 19.82 19.80 19.80 19.84 19.98 20.19 20.19 20.11 20.10 19.82 19.79 19.88 20.09 20.22 20.17 20.22 20.24 20.32 20.39 20.24 20.21 20.12 20.22 20.21 20.18 20.19 20.16 20.07 20.18 20.29 20.24 20.19 20.19 20.15 20.08 19.98 20.09 20.08 20.06 20.09 20.01 19.88 19.74 19.79
20.07 20.14 19.97 19.95 19.78 19.94 19.96 20.05 20.03 20.04 19.94 19.90 19.77 19.81 19.88 19.85 19.69 19.82 19.90 19.91 19.72 19.85 20.04 20.05 20.05 20.05 20.05 19.61 19.28 19.28 19.80 19.80 19.71 19.76 19.67 19.76 19.76 19.81 19.99 20.03 20.08 20.27 20.31 20.16 20.39 20.14 20.19 20.04 20.04 20.23 20.27 20.25 20.20 20.23 20.20 20.17 20.33 20.16 20.12 20.14 20.09 20.16 20.20 20.15 20.01 20.14 20.10 20.04 20.05 20.09 20.07 20.06 20.09 19.97 19.70 19.82 19.81
20.01 20.08 20.00 19.88 19.70 19.86 19.94 20.06 19.99 20.07 20.04 19.81 19.64 19.76 19.91 19.92 19.66 19.73 19.78 19.82 19.81 19.93 20.09 20.05 20.05 20.05 19.51 19.61 19.61 19.28 19.28 19.46 19.65 19.69 19.79 19.75 19.79 19.69 19.76 19.94 20.05 20.25 20.32 20.39 20.37 20.16 20.15 20.11 20.13 20.15 20.23 20.23 20.22 20.25 20.19 20.13 20.20 20.17 20.13 20.14 20.12 20.16 20.14 20.12 19.92 20.03 20.07 20.04 19.99 19.98 19.92 19.89 19.82 19.85 19.93 19.87 19.76
19.70 19.85 19.78 19.83 19.71 19.84 19.88 20.03 19.91 19.93 19.87 19.79 19.57 19.65 19.86 19.85 19.65 19.74 19.92 19.90 19.91 19.92 20.09 20.09 20.05 20.05 19.51 19.51 19.61 19.61 19.47 19.69 19.63 19.66 19.75 19.71 19.86 19.76 19.78 19.89 20.07 20.26 20.34 19.98 20.02 20.07 20.09 20.11 20.16 20.18 20.18 20.20 20.19 20.20 20.21 20.18 20.20 20.14 20.24 20.01 20.00 20.17 20.17 20.08 20.03 20.03 20.15 20.09 19.79 19.81 20.04 19.69 19.81 19.95 19.77 19.65 19.71
19.78 19.85 19.79 19.81 19.83 19.85 19.82 19.94 19.78 19.69 19.79 19.72 19.50 19.41 19.76 19.71 19.55 19.65 19.88 19.91 19.86 19.79 19.79 19.79 20.09 19.74 19.74 19.51 19.51 19.69 19.67 19.55 19.77 19.73 19.81 19.75 19.85 19.69 19.70 19.86 20.02 20.02 20.11 19.80 19.89 19.99 20.12 20.03 20.15 20.14 20.23 20.22 20.16 20.15 20.13 20.16 20.13 20.13 20.14 20.00 20.02 20.12 20.18 20.03 19.99 19.95 20.02 19.99 19.94 19.95 20.03 20.08 20.03 19.92 19.78 19.77 19.66
19.79 19.87 19.81 19.84 19.93 19.82 19.82 19.81 19.64 19.76 19.77 19.64 19.47 19.68 19.79 19.71 19.57 19.73 19.88 19.69 19.68 19.79 19.71 19.71 19.71 19.74 19.74 19.74 19.58 19.64 19.62 19.59 19.59 19.61 19.71 19.72 19.72 19.62 19.76 19.77 19.81 19.78 19.88 19.86 19.84 20.03 20.12 19.99 20.20 20.12 20.11 20.15 20.12 20.13 20.16 20.22 20.21 20.09 20.12 20.08 20.05 20.05 20.06 20.07 19.99 19.97 19.96 19.88 19.97 19.99 19.98 20.07 20.04 19.88 19.73 19.81 19.83
19.79 19.79 19.78 19.77 19.79 19.82 19.80 19.76 19.64 19.80 19.79 19.72 19.59 19.22 19.61 19.57 19.42 19.78 19.84 19.56 19.62 19.72 19.71 19.71 19.71 19.74 19.74 19.74 19.50 19.57 19.53 19.42 19.34 19.43 19.73 19.72 19.71 19.59 19.62 19.55 19.81 19.79 19.83 19.80 19.92 20.05 20.07 19.95 20.11 20.11 20.09 20.12 20.06 20.19 20.13 20.11 20.11 20.11 20.12 20.02 20.03 20.06 20.13 20.08 19.98 19.93 20.01 20.00 19.91 19.94 19.97 19.88 19.96 20.02 19.89 19.87 19.80
19.82 19.76 19.78 19.66 19.87 19.84 19.84 19.82 19.77 19.82 19.60 19.63 19.54 19.54 19.59 19.57 19.45 19.82 19.80 19.52 19.53 19.77 19.75 19.75 19.43 19.66 19.30 19.51 19.51 19.45 19.49 19.21 19.24 19.34 19.60 19.81 19.44 19.42 19.41 19.65 19.86 19.82 19.89 19.78 20.03 20.05 19.96 20.00 20.13 20.10 20.09 20.03 20.00 20.06 20.08 20.09 20.01 19.75 19.89 19.98 19.95 19.97 20.11 20.13 20.13 20.06 20.05 20.05 19.97 19.88 19.88 19.97 19.87 19.71 20.01 19.92 19.81
19.75 19.78 19.72 19.75 19.85 19.73 19.87 19.64 19.58 19.51 19.53 19.54 19.52 19.59 19.50 19.42 19.60 19.61 19.77 19.68 19.53 19.64 19.38 19.43 19.43 19.66 19.30 19.30 19.44 19.42 19.39 19.36 19.38 19.43 19.57 19.59 19.44 19.41 19.49 19.58 19.80 19.83 19.82 19.81 19.83 19.95 19.93 19.97 20.08 20.10 20.08 19.99 20.00 20.10 20.07 20.06 19.99 19.98 19.97 20.02 20.02 19.93 19.99 20.05 20.02 20.03 20.00 20.01 19.98 19.93 19.97 19.83 19.38 19.45 19.81 19.94 19.83
19.64 19.71 19.58 19.78 19.86 19.81 19.73 19.51 19.55 19.50 19.61 19.50 19.62 19.67 19.61 19.53 19.78 19.55 19.67 19.57 19.59 19.63 19.32 19.53 19.61 19.66 19.66 19.68 19.65 19.49 19.52 19.54 19.74 19.63 19.53 19.42 19.46 19.38 19.63 19.72 19.87 19.77 19.76 19.84 19.84 19.84 19.90 19.90 19.86 19.86 19.97 19.95 20.01 20.06 20.03 19.96 19.90 19.86 19.98 20.04 19.99 20.02 19.97 19.97 19.93 19.99 19.98 19.88 19.83 19.87 19.99 19.89 19.61 19.46 19.60 19.85 19.72
19.65 19.64 19.68 19.81 19.83 19.79 19.65 19.58 19.80 19.66 19.57 19.53 19.65 19.72 19.72 19.54 19.53 19.41 19.49 19.48 19.53 19.28 19.21 19.32 19.63 19.79 19.85 19.66 19.53 19.44 19.51 19.51 19.87 19.70 19.48 19.58 19.61 19.70 19.55 19.69 19.82 19.73 19.70 19.73 19.87 19.85 19.87 19.91 19.87 19.89 19.92 19.95 20.01 20.04 20.01 19.95 19.87 19.84 19.86 20.00 20.03 20.02 19.78 20.00 19.88 19.97 20.01 19.89 19.58 19.82 19.90 19.80 19.64 19.48 19.57 19.59 19.74
