files/bom_datasets/05.14.18.txt
ncols 839
nrows 679
xllcenter 112.0500
yllcenter -43.9500
cellsize 0.0500
nodata_value 99999.90
[rows 374 to 407 of 679, columns 231 to 307 of 839]
15.05 15.00 15.02 15.00 15.07 15.08 15.03 15.03 14.94 14.24 13.66 14.84 15.01 15.05 15.06 14.96 13.65 14.22 14.89 14.99 15.03 15.07 15.07 15.09 15.06 15.16 15.14 15.11 15.07 15.03 15.04 15.06 15.04 15.01 15.02 15.04 15.01 15.04 15.06 15.03 15.05 15.04 15.09 15.07 15.09 14.95 15.05 15.05 15.10 15.13 15.15 15.15 15.13 15.14 15.11 15.13 15.12 15.09 15.11 15.13 15.12 15.12 15.11 15.11 15.11 15.12 15.12 15.11 15.13 15.13 15.08 15.04 15.06 15.09 15.12 15.11 15.10
14.98 15.03 14.98 15.08 15.03 15.10 14.96 14.91 14.93 14.80 14.75 14.89 14.94 14.97 15.02 15.06 15.00 14.05 14.32 14.90 15.02 15.05 14.97 14.94 15.02 15.08 15.14 15.10 15.11 15.06 15.02 14.98 15.01 15.03 15.02 15.04 15.02 14.98 15.02 15.02 14.99 14.99 15.02 15.02 15.09 15.01 15.01 14.99 14.98 15.06 15.07 15.11 15.10 15.09 15.10 15.10 15.09 15.08 15.09 15.10 15.11 15.11 15.11 15.13 15.09 15.10 15.09 15.11 15.09 15.04 15.08 15.05 14.98 15.01 15.04 15.08 15.09
14.93 15.01 15.02 15.04 14.97 15.05 14.91 14.87 14.90 14.89 14.93 14.99 15.00 15.03 15.03 15.02 15.07 15.00 14.88 14.87 15.03 15.04 14.97 15.03 15.03 14.91 15.08 15.05 15.08 15.06 15.08 15.04 14.97 14.98 14.97 15.01 15.05 14.98 14.95 15.04 15.01 14.99 15.01 15.01 14.99 15.04 15.05 15.04 14.97 15.01 15.00 15.05 15.09 15.11 15.09 15.07 15.07 15.07 15.10 15.11 15.11 15.10 15.09 15.10 15.09 15.08 15.08 15.04 15.05 15.06 15.07 15.05 14.99 15.03 15.05 15.06 15.06
15.01 14.96 14.97 14.97 15.01 15.00 14.94 14.98 15.02 15.01 14.98 15.04 15.03 15.04 15.05 15.06 15.07 15.06 15.03 14.96 15.03 15.02 14.95 14.95 14.96 14.83 14.84 14.95 15.05 15.06 15.04 15.02 14.98 14.94 14.96 14.98 15.03 14.97 14.95 14.97 14.95 14.93 14.92 14.92 14.98 15.03 14.99 15.03 14.98 14.98 15.00 15.01 15.03 15.05 15.05 15.06 15.04 15.04 15.03 15.05 15.07 15.09 15.07 15.07 15.07 15.05 15.04 15.05 15.05 15.05 15.04 15.05 15.06 15.05 15.06 15.05 15.04
14.94 14.89 14.97 14.99 15.00 15.00 14.95 14.95 15.00 15.00 15.01 15.04 15.03 15.02 15.02 15.03 15.05 15.03 14.86 14.90 15.00 14.98 14.84 14.90 14.95 14.81 14.81 14.97 14.97 15.02 14.99 15.02 15.00 14.93 14.91 14.98 15.00 14.93 14.94 14.96 14.95 14.94 14.89 14.92 14.98 15.00 14.97 14.91 14.89 14.91 14.95 15.00 15.02 15.01 14.89 14.98 15.00 15.01 15.00 14.98 15.00 14.99 14.98 14.99 15.00 14.99 14.99 15.00 15.03 15.02 14.94 14.86 14.80 14.79 14.92 14.93 14.93
14.86 14.84 14.96 14.99 15.00 15.00 14.99 15.00 14.95 15.01 15.03 15.04 15.03 15.01 15.00 14.96 14.96 15.01 14.97 14.98 14.95 14.91 14.91 14.96 14.96 14.95 14.96 14.98 14.97 14.99 14.97 15.00 14.97 14.96 14.93 14.88 15.00 14.94 14.93 14.98 14.96 14.99 14.93 14.93 14.99 14.93 14.91 14.84 14.92 14.79 14.89 15.00 14.91 14.78 14.96 14.94 14.94 14.98 14.99 14.99 15.01 14.98 14.94 14.93 14.93 14.92 14.89 14.88 14.95 14.97 14.89 14.77 14.83 14.88 14.96 14.91 14.90
14.85 14.88 14.94 15.00 15.01 14.98 14.97 14.98 14.99 14.97 15.00 15.01 15.02 14.98 14.98 14.97 14.98 14.98 14.94 14.98 14.95 14.96 14.96 14.93 14.97 14.97 14.99 15.00 14.97 14.95 14.93 14.94 14.94 14.98 14.97 14.93 14.94 14.96 14.94 14.99 14.94 14.98 14.96 14.91 14.92 14.93 14.81 14.91 14.86 14.91 14.86 14.90 14.86 14.93 14.95 14.96 14.92 14.96 14.97 14.96 14.64 14.80 14.91 14.90 14.83 14.84 14.99 15.00 14.97 14.96 14.88 14.92 14.99 15.00 14.96 14.98 15.00
14.84 14.89 14.94 14.97 14.97 15.00 14.97 15.01 14.98 15.00 15.03 15.02 14.97 14.96 14.96 14.97 14.96 14.97 14.96 14.96 14.94 14.92 14.96 14.95 14.94 14.96 14.98 14.94 14.95 14.91 14.91 14.93 14.93 14.91 14.91 14.94 14.97 14.95 14.91 14.96 14.96 14.93 14.86 14.88 14.82 14.85 14.87 14.88 14.80 14.75 14.74 14.76 14.79 14.84 14.87 14.87 14.88 14.83 14.87 14.52 14.24 14.39 14.87 14.92 14.85 14.81 14.99 14.98 14.94 14.92 15.01 15.01 14.99 14.97 14.97 14.97 14.98
14.87 14.90 14.90 14.94 14.96 14.96 14.97 15.01 14.98 15.01 15.02 14.98 14.94 14.93 14.94 14.94 14.93 14.94 14.93 14.93 14.90 14.91 14.93 14.94 14.95 15.00 14.97 14.94 14.90 14.90 14.90 14.88 14.89 14.92 14.93 14.93 14.95 14.94 14.92 14.89 14.89 14.86 14.91 14.89 14.95 14.92 14.80 14.84 14.79 14.88 14.77 14.78 14.79 14.82 14.81 14.83 14.90 14.86 14.78 14.24 14.76 14.64 14.82 14.86 14.79 14.84 14.98 14.98 14.97 14.96 14.95 14.96 14.86 14.89 14.90 14.95 14.95
14.85 14.90 14.90 14.89 14.90 14.93 14.87 14.96 14.96 14.94 14.98 14.97 14.96 14.97 14.91 14.91 14.91 14.90 14.89 14.89 14.87 14.89 14.92 14.94 14.95 14.97 14.89 14.80 14.90 14.90 14.90 14.86 14.89 14.88 14.88 14.93 14.90 14.86 14.84 14.80 14.87 14.90 14.96 14.94 14.89 14.88 14.85 14.81 14.82 14.88 14.79 14.78 14.84 14.81 14.78 14.82 14.93 14.90 14.74 14.62 14.81 14.69 14.83 14.87 14.72 14.83 14.90 14.94 14.94 14.94 14.90 14.90 14.93 14.95 14.95 14.95 14.92
14.84 14.86 14.88 14.87 14.91 14.88 14.90 14.87 14.93 14.95 14.94 14.92 14.92 14.92 14.91 14.88 14.89 14.88 14.89 14.87 14.88 14.88 14.89 14.89 14.90 14.91 14.86 14.85 14.89 14.86 14.88 14.88 14.88 14.87 14.88 14.88 14.82 14.84 14.78 14.86 14.88 14.89 14.93 14.93 14.90 14.90 14.82 14.71 14.83 14.81 14.77 14.84 14.86 14.86 14.78 14.85 14.85 14.80 14.73 14.81 14.84 14.79 14.84 14.91 14.90 14.90 14.90 14.93 14.93 14.93 14.88 14.89 14.93 14.92 14.91 14.90 14.91
14.85 14.84 14.87 14.85 14.86 14.88 14.88 14.89 14.90 14.87 14.85 14.89 14.89 14.91 14.89 14.89 14.89 14.87 14.86 14.84 14.85 14.84 14.83 14.85 14.87 14.87 14.85 14.84 14.85 14.85 14.87 14.88 14.88 14.88 14.87 14.87 14.85 14.80 14.79 14.81 14.82 14.79 14.87 14.87 14.88 14.87 14.85 14.82 14.82 14.78 14.54 14.60 14.76 14.85 14.85 14.86 14.82 14.76 14.79 14.73 14.83 14.82 14.87 14.80 14.84 14.83 14.85 14.90 14.88 14.80 14.85 14.85 14.82 14.88 14.84 14.82 14.82
14.84 14.84 14.84 14.83 14.80 14.88 14.84 14.82 14.85 14.88 14.84 14.85 14.83 14.85 14.86 14.88 14.86 14.87 14.86 14.85 14.84 14.82 14.80 14.85 14.86 14.87 14.80 14.72 14.84 14.85 14.87 14.86 14.87 14.85 14.80 14.81 14.84 14.77 14.67 14.62 14.63 14.61 14.78 14.86 14.85 14.84 14.84 14.83 14.75 14.77 14.75 14.57 14.73 14.78 14.85 14.85 14.79 14.84 14.86 14.82 14.79 14.85 14.85 14.77 14.79 14.84 14.80 14.84 14.86 14.86 14.88 14.86 14.83 14.88 14.84 14.83 14.84
14.79 14.86 14.83 14.80 14.82 14.81 14.84 14.83 14.86 14.90 14.83 14.82 14.84 14.83 14.82 14.80 14.86 14.85 14.84 14.82 14.81 14.81 14.82 14.82 14.84 14.83 14.80 14.81 14.83 14.85 14.83 14.83 14.83 14.69 14.70 14.76 14.82 14.77 14.70 14.69 14.72 14.70 14.70 14.74 14.74 14.66 14.65 14.60 14.69 14.76 14.76 14.85 14.80 14.70 14.65 14.68 14.77 14.84 14.84 14.79 14.80 14.76 14.77 14.73 14.83 14.83 14.80 14.80 14.83 14.83 14.83 14.82 14.86 14.86 14.80 14.85 14.84
14.78 14.76 14.79 14.79 14.79 14.79 14.82 14.84 14.85 14.85 14.80 14.80 14.80 14.81 14.79 14.79 14.78 14.84 14.81 14.80 14.81 14.77 14.87 14.83 14.82 14.82 14.79 14.81 14.81 14.83 14.81 14.80 14.74 14.60 14.51 14.72 14.79 14.73 14.70 14.63 14.72 14.74 14.69 14.65 14.70 14.70 14.63 14.59 14.56 14.62 14.63 14.70 14.79 14.69 14.65 14.72 14.76 14.74 14.79 14.78 14.75 14.70 14.69 14.73 14.72 14.77 14.73 14.76 14.79 14.81 14.82 14.82 14.81 14.81 14.80 14.79 14.78
14.74 14.76 14.75 14.75 14.75 14.78 14.81 14.81 14.81 14.80 14.77 14.78 14.78 14.77 14.76 14.76 14.77 14.76 14.79 14.79 14.79 14.80 14.82 14.86 14.82 14.79 14.78 14.78 14.78 14.78 14.73 14.74 14.62 14.56 14.56 14.79 14.74 14.73 14.71 14.66 14.60 14.66 14.67 14.67 14.66 14.69 14.65 14.55 14.47 14.47 14.46 14.63 14.70 14.68 14.58 14.56 14.62 14.60 14.65 14.65 14.58 14.68 14.65 14.69 14.70 14.67 14.70 14.69 14.66 14.68 14.74 14.79 14.79 14.79 14.79 14.78 14.73
14.73 14.75 14.76 14.75 14.75 14.75 14.76 14.80 14.80 14.77 14.79 14.77 14.76 14.76 14.75 14.75 14.74 14.75 14.76 14.80 14.77 14.79 14.80 14.80 14.79 14.75 14.74 14.76 14.76 14.74 14.72 14.73 14.47 14.54 14.70 14.77 14.72 14.62 14.61 14.58 14.51 14.55 14.58 14.59 14.59 14.63 14.59 14.55 14.48 14.40 14.40 14.56 14.43 14.49 14.54 14.50 14.60 14.53 14.49 14.52 14.53 14.54 14.50 14.59 14.58 14.61 14.61 14.65 14.64 14.62 14.71 14.73 14.74 14.77 14.74 14.74 14.73
14.74 14.75 14.76 14.76 14.76 14.73 14.71 14.73 14.78 14.78 14.82 14.82 14.82 14.77 14.76 14.76 14.73 14.73 14.75 14.76 14.73 14.74 14.78 14.77 14.75 14.73 14.73 14.75 14.74 14.72 14.72 14.71 14.61 14.61 14.65 14.75 14.72 14.60 14.57 14.52 14.55 14.60 14.60 14.60 14.54 14.52 14.48 14.47 14.47 14.47 14.52 14.59 14.45 14.39 14.41 14.50 14.45 14.45 14.41 14.43 14.41 14.44 14.44 14.46 14.52 14.59 14.56 14.64 14.65 14.69 14.66 14.65 14.62 14.64 14.61 14.64 14.69
14.71 14.70 14.73 14.74 14.76 14.74 14.73 14.74 14.77 14.78 14.80 14.78 14.77 14.77 14.75 14.75 14.74 14.72 14.73 14.70 14.72 14.73 14.72 14.73 14.74 14.72 14.72 14.72 14.73 14.70 14.70 14.68 14.61 14.58 14.62 14.70 14.71 14.73 14.73 14.71 14.60 14.60 14.60 14.59 14.58 14.56 14.53 14.58 14.55 14.55 14.57 14.54 14.50 14.45 14.42 14.45 14.43 14.43 14.39 14.41 14.38 14.38 14.37 14.34 14.38 14.44 14.47 14.50 14.52 14.58 14.58 14.58 14.56 14.55 14.53 14.54 14.58
14.71 14.71 14.70 14.71 14.70 14.74 14.74 14.76 14.75 14.77 14.78 14.77 14.75 14.73 14.70 14.72 14.73 14.70 14.70 14.71 14.70 14.70 14.68 14.67 14.68 14.68 14.69 14.70 14.69 14.67 14.66 14.68 14.63 14.62 14.63 14.68 14.67 14.68 14.64 14.60 14.57 14.60 14.59 14.55 14.55 14.57 14.57 14.60 14.59 14.61 14.60 14.60 14.60 14.48 14.45 14.44 14.47 14.48 14.43 14.42 14.44 14.40 14.36 14.38 14.37 14.37 14.41 14.45 14.45 14.57 14.54 14.57 14.50 14.52 14.57 14.54 14.54
14.70 14.71 14.69 14.71 14.75 14.74 14.74 14.75 14.74 14.75 14.73 14.74 14.75 14.72 14.70 14.68 14.71 14.70 14.67 14.66 14.67 14.66 14.65 14.65 14.66 14.66 14.65 14.65 14.65 14.64 14.65 14.64 14.63 14.60 14.66 14.66 14.65 14.59 14.53 14.55 14.55 14.56 14.59 14.56 14.54 14.55 14.52 14.58 14.60 14.63 14.63 14.68 14.68 14.57 14.49 14.47 14.49 14.48 14.41 14.38 14.38 14.45 14.46 14.43 14.40 14.38 14.40 14.45 14.48 14.56 14.52 14.53 14.53 14.55 14.56 14.53 14.51
14.66 14.69 14.71 14.72 14.70 14.70 14.74 14.72 14.67 14.67 14.71 14.78 14.75 14.72 14.70 14.68 14.72 14.68 14.66 14.64 14.64 14.65 14.64 14.65 14.64 14.62 14.63 14.63 14.64 14.63 14.63 14.64 14.64 14.64 14.64 14.64 14.64 14.61 14.56 14.54 14.56 14.52 14.58 14.57 14.60 14.61 14.57 14.56 14.59 14.60 14.62 14.65 14.55 14.55 14.56 14.51 14.55 14.53 14.45 14.38 14.37 14.40 14.40 14.35 14.39 14.40 14.49 14.46 14.48 14.49 14.50 14.48 14.53 14.50 14.49 14.53 14.50
14.64 14.68 14.68 14.64 14.65 14.63 14.63 14.66 14.66 14.68 14.70 14.73 14.72 14.70 14.68 14.69 14.71 14.66 14.64 14.62 14.62 14.63 14.63 14.62 14.61 14.62 14.60 14.60 14.60 14.60 14.62 14.62 14.62 14.62 14.62 14.62 14.62 14.57 14.53 14.54 14.59 14.59 14.59 14.54 14.59 14.61 14.54 14.51 14.56 14.59 14.65 14.60 14.60 14.63 14.63 14.61 14.59 14.56 14.48 14.38 14.33 14.28 14.32 14.33 14.40 14.42 14.44 14.41 14.50 14.42 14.36 14.41 14.47 14.41 14.50 14.44 14.46
14.64 14.67 14.66 14.61 14.61 14.61 14.62 14.63 14.66 14.66 14.68 14.68 14.65 14.64 14.65 14.68 14.64 14.62 14.63 14.60 14.62 14.63 14.62 14.62 14.61 14.60 14.58 14.49 14.57 14.59 14.59 14.59 14.58 14.59 14.59 14.60 14.59 14.56 14.53 14.56 14.54 14.52 14.55 14.58 14.59 14.57 14.55 14.54 14.55 14.56 14.61 14.64 14.59 14.64 14.63 14.64 14.65 14.61 14.53 14.40 14.37 14.24 14.26 14.31 14.33 14.37 14.40 14.42 14.44 14.38 14.36 14.29 14.41 14.43 14.43 14.39 14.44
14.66 14.68 14.66 14.66 14.65 14.64 14.62 14.61 14.63 14.62 14.56 14.59 14.61 14.60 14.61 14.63 14.58 14.59 14.58 14.58 14.61 14.61 14.58 14.59 14.59 14.57 14.56 14.57 14.57 14.56 14.55 14.56 14.57 14.56 14.57 14.58 14.56 14.56 14.49 14.54 14.48 14.42 14.41 14.47 14.50 14.47 14.42 14.43 14.45 14.52 14.56 14.62 14.61 14.60 14.60 14.60 14.61 14.63 14.64 14.62 14.52 14.37 14.36 14.37 14.31 14.29 14.31 14.30 14.25 14.27 14.29 14.33 14.39 14.34 14.36 14.39 14.45
14.64 14.66 14.65 14.67 14.67 14.68 14.64 14.59 14.60 14.59 14.59 14.62 14.62 14.60 14.60 14.58 14.55 14.55 14.55 14.56 14.55 14.56 14.55 14.55 14.58 14.54 14.53 14.54 14.53 14.53 14.54 14.55 14.54 14.54 14.53 14.53 14.51 14.49 14.47 14.49 14.49 14.45 14.43 14.44 14.45 14.46 14.42 14.43 14.40 14.47 14.53 14.50 14.44 14.50 14.56 14.59 14.59 14.58 14.59 14.59 14.55 14.37 14.28 14.28 14.32 14.33 14.34 14.24 14.21 14.17 14.19 14.27 14.33 14.40 14.42 14.37 14.37
14.62 14.63 14.62 14.65 14.64 14.64 14.60 14.56 14.56 14.56 14.56 14.54 14.54 14.60 14.57 14.56 14.54 14.54 14.54 14.54 14.54 14.53 14.51 14.52 14.54 14.55 14.55 14.53 14.51 14.52 14.52 14.51 14.48 14.48 14.45 14.43 14.52 14.53 14.41 14.48 14.51 14.48 14.48 14.48 14.42 14.46 14.43 14.42 14.41 14.42 14.47 14.46 14.47 14.51 14.53 14.58 14.57 14.55 14.55 14.52 14.56 14.43 14.25 14.19 14.23 14.30 14.29 14.27 14.20 14.22 14.19 14.19 14.23 14.33 14.38 14.45 14.48
14.64 14.58 14.63 14.64 14.63 14.55 14.56 14.53 14.53 14.54 14.56 14.54 14.52 14.55 14.55 14.55 14.52 14.51 14.52 14.52 14.52 14.52 14.51 14.51 14.52 14.54 14.53 14.51 14.48 14.50 14.49 14.47 14.46 14.44 14.38 14.33 14.42 14.50 14.49 14.50 14.50 14.50 14.47 14.46 14.44 14.41 14.38 14.42 14.37 14.43 14.47 14.46 14.37 14.35 14.40 14.41 14.47 14.41 14.46 14.45 14.45 14.37 14.27 14.20 14.21 14.30 14.38 14.32 14.24 14.25 14.18 14.21 14.21 14.27 14.30 14.41 14.46
14.55 14.40 14.47 14.49 14.53 14.53 14.51 14.53 14.53 14.53 14.54 14.50 14.49 14.50 14.50 14.49 14.48 14.48 14.47 14.50 14.52 14.51 14.50 14.49 14.51 14.50 14.48 14.45 14.45 14.44 14.44 14.44 14.43 14.44 14.40 14.40 14.42 14.43 14.47 14.45 14.44 14.47 14.43 14.39 14.41 14.40 14.31 14.35 14.29 14.37 14.41 14.36 14.25 14.23 14.27 14.34 14.38 14.38 14.45 14.45 14.35 14.39 14.38 14.31 14.27 14.33 14.35 14.29 14.24 14.20 14.20 14.22 14.20 14.16 14.18 14.28 14.35
14.38 14.49 14.50 14.49 14.45 14.52 14.52 14.51 14.48 14.50 14.48 14.47 14.45 14.46 14.48 14.47 14.45 14.48 14.47 14.47 14.50 14.48 14.47 14.47 14.47 14.47 14.46 14.45 14.45 14.42 14.36 14.42 14.40 14.38 14.40 14.38 14.38 14.36 14.38 14.38 14.38 14.40 14.36 14.33 14.35 14.36 14.30 14.23 14.23 14.27 14.37 14.34 14.34 14.36 14.34 14.34 14.37 14.37 14.34 14.31 14.25 14.31 14.31 14.30 14.31 14.36 14.40 14.32 14.32 14.29 14.24 14.17 14.19 14.21 14.17 14.20 14.21
14.45 14.43 14.42 14.48 14.36 14.48 14.49 14.50 14.48 14.45 14.44 14.45 14.45 14.45 14.47 14.46 14.46 14.49 14.47 14.46 14.45 14.44 14.44 14.44 14.44 14.44 14.42 14.42 14.43 14.41 14.41 14.39 14.39 14.34 14.28 14.28 14.31 14.27 14.29 14.33 14.33 14.30 14.28 14.31 14.32 14.35 14.38 14.29 14.32 14.24 14.48 14.46 14.44 14.39 14.35 14.32 14.33 14.29 14.23 14.19 14.14 14.19 14.25 14.31 14.33 14.32 14.28 14.32 14.26 14.30 14.25 14.17 14.16 14.15 14.21 14.22 14.17
14.44 14.44 14.44 14.41 14.41 14.46 14.44 14.43 14.42 14.41 14.41 14.40 14.40 14.42 14.46 14.44 14.44 14.46 14.45 14.43 14.43 14.42 14.40 14.41 14.41 14.42 14.40 14.41 14.41 14.38 14.34 14.35 14.38 14.32 14.33 14.29 14.32 14.32 14.30 14.29 14.25 14.24 14.26 14.26 14.29 14.31 14.32 14.33 14.37 14.30 14.34 14.45 14.45 14.39 14.36 14.28 14.25 14.25 14.21 14.18 14.18 14.19 14.21 14.19 14.19 14.25 14.29 14.22 14.23 14.23 14.22 14.18 14.12 14.14 14.13 14.16 14.13
14.40 14.41 14.42 14.40 14.39 14.40 14.39 14.40 14.39 14.38 14.38 14.37 14.38 14.39 14.42 14.40 14.39 14.41 14.42 14.40 14.38 14.36 14.37 14.38 14.39 14.40 14.38 14.39 14.32 14.26 14.24 14.31 14.29 14.36 14.29 14.25 14.28 14.28 14.29 14.33 14.28 14.25 14.24 14.25 14.26 14.23 14.30 14.32 14.36 14.33 14.34 14.34 14.34 14.32 14.26 14.24 14.21 14.30 14.25 14.22 14.18 14.19 14.23 14.25 14.21 14.26 14.29 14.22 14.23 14.19 14.14 14.10 14.06 14.09 14.13 14.16 14.17
14.40 14.38 14.37 14.36 14.36 14.36 14.36 14.38 14.37 14.35 14.36 14.37 14.37 14.37 14.37 14.37 14.36 14.36 14.36 14.37 14.36 14.34 14.35 14.37 14.37 14.35 14.33 14.32 14.32 14.28 14.25 14.28 14.26 14.29 14.25 14.24 14.20 14.20 14.22 14.30 14.32 14.26 14.23 14.23 14.26 14.21 14.20 14.13 14.23 14.26 14.32 14.34 14.33 14.30 14.30 14.24 14.29 14.30 14.27 14.23 14.22 14.18 14.22 14.22 14.23 14.20 14.23 14.20 14.19 14.15 14.15 14.11 14.06 14.10 14.14 14.15 14.23
