files/bom_datasets/05.15.18.txt
ncols 839
nrows 679
xllcenter 112.0500
yllcenter -43.9500
cellsize 0.0500
nodata_value 99999.90
[rows 170 to 203 of 679, columns 231 to 307 of 839]
19.17 19.14 18.89 19.14 19.09 19.13 19.15 19.21 19.22 19.15 19.20 19.15 19.05 18.81 18.73 18.59 18.76 18.85 18.70 18.67 18.79 18.41 18.30 18.30 18.16 18.16 18.31 18.36 18.35 18.47 18.70 18.58 18.43 18.68 18.60 18.09 17.81 18.11 18.22 18.17 18.15 17.99 18.06 17.72 17.84 17.68 17.42 17.46 17.38 17.35 18.06 17.71 17.58 17.25 17.36 17.10 17.54 17.81 17.87 17.82 18.01 17.70 17.87 18.18 17.41 17.80 18.15 18.04 18.33 18.63 18.64 18.49 18.33 18.43 18.47 18.70 18.96
19.03 18.80 18.84 18.96 19.04 19.13 19.19 19.08 19.10 19.10 19.22 19.18 19.12 19.07 18.83 18.70 18.67 18.56 18.69 18.81 18.78 18.65 18.79 18.56 18.59 18.23 18.82 19.15 19.15 18.87 18.66 18.56 18.32 18.44 18.20 17.75 18.26 18.35 18.18 18.18 18.23 18.59 18.27 18.23 17.75 17.99 18.14 17.87 17.82 17.54 17.76 18.21 17.94 17.54 17.54 16.88 16.95 17.25 17.47 17.49 17.68 17.50 17.78 17.80 17.70 17.89 18.09 18.35 18.32 18.27 18.64 18.48 18.80 18.69 18.60 18.74 18.86
19.01 18.91 18.90 18.94 18.98 19.05 19.11 19.02 19.01 19.09 19.13 19.10 19.14 19.11 19.09 19.00 18.88 18.59 18.73 18.84 18.89 18.77 18.83 18.73 18.77 18.58 18.86 19.00 18.91 18.90 18.80 18.71 18.67 18.57 18.39 18.01 18.14 18.13 18.07 18.02 17.97 18.39 18.43 18.17 18.11 17.95 18.38 18.71 18.68 18.42 18.12 18.00 18.12 18.16 18.17 17.82 17.52 17.34 17.04 16.84 17.58 17.20 17.33 17.74 18.06 17.98 18.04 18.12 17.98 18.42 18.67 18.58 18.60 18.49 18.45 18.58 18.53
18.84 18.83 18.80 19.07 18.98 18.89 19.00 19.13 19.04 19.12 19.11 19.00 19.11 19.01 18.84 18.92 18.85 18.95 18.69 18.76 18.78 18.73 18.72 18.53 18.80 18.84 18.91 18.81 18.91 18.89 18.88 18.78 18.72 18.75 18.63 18.38 18.18 18.14 17.62 17.62 18.10 18.23 18.33 18.36 18.12 18.10 17.90 18.34 18.67 18.83 18.83 18.48 17.92 17.91 18.12 17.91 17.81 17.61 17.10 16.81 17.46 17.25 17.28 17.60 18.10 17.84 17.68 17.38 17.55 17.82 18.06 18.15 18.21 18.37 18.54 18.31 18.40
19.00 18.99 18.69 18.90 18.87 18.91 18.99 19.02 19.06 19.03 19.08 19.02 19.00 19.02 18.92 18.97 19.05 18.97 18.92 18.78 18.77 18.78 18.77 18.37 18.48 18.78 18.89 19.02 18.89 18.82 18.84 18.67 18.76 18.73 18.77 18.74 18.56 18.15 18.03 18.04 17.89 17.95 18.18 18.39 18.31 18.17 18.33 17.99 17.99 18.31 18.45 18.70 18.45 18.16 18.17 17.82 18.09 18.00 17.62 17.37 18.21 17.49 17.72 18.12 17.95 17.50 17.47 17.30 17.34 17.26 17.78 17.83 18.03 18.53 18.44 18.50 18.61
18.88 18.86 18.88 18.80 18.92 18.93 18.86 18.88 18.87 18.95 18.95 19.03 19.01 19.02 18.87 19.03 18.98 18.83 18.97 18.95 18.77 18.53 18.51 18.46 18.64 18.62 18.80 19.02 19.00 18.78 18.59 18.56 18.57 18.67 18.66 18.69 18.52 18.20 18.21 18.38 18.07 18.52 18.40 18.36 18.37 18.27 18.09 18.35 18.29 18.28 18.18 18.35 18.44 18.31 18.40 18.42 18.60 18.28 18.11 17.96 18.57 18.19 18.02 17.55 17.89 17.07 17.62 17.82 17.12 17.07 17.56 17.80 17.95 18.23 18.28 18.45 18.49
18.76 18.86 18.96 18.94 18.91 18.94 19.04 19.01 18.76 18.95 19.09 19.01 19.00 18.94 18.93 19.08 19.04 18.94 19.06 19.02 18.91 18.79 18.59 18.54 18.72 18.71 18.67 18.62 18.73 18.77 18.74 18.56 18.40 18.55 18.54 18.67 18.51 18.19 18.13 18.36 18.42 18.57 18.23 18.23 18.05 18.33 18.37 18.29 18.21 18.40 18.37 18.40 17.95 18.18 18.63 18.74 18.81 18.53 18.60 18.49 18.66 18.59 18.51 17.98 17.75 17.48 17.57 18.14 17.24 17.41 17.39 17.54 17.84 18.19 18.00 18.07 18.15
18.97 19.02 18.95 18.97 18.97 19.01 19.05 19.05 18.93 18.96 19.04 19.04 19.02 19.07 19.09 19.06 18.92 18.76 18.91 18.90 18.91 18.81 18.84 18.52 18.59 18.66 18.83 18.57 18.65 18.85 18.92 18.78 18.42 18.52 18.48 18.26 18.38 18.11 18.03 17.88 18.18 18.43 18.46 18.38 18.42 18.22 18.04 18.19 18.44 18.47 18.22 18.62 18.35 18.60 18.64 18.49 18.68 18.39 18.65 18.77 18.89 18.78 18.54 18.43 18.22 17.97 17.98 17.98 17.66 17.31 17.14 17.96 17.39 17.44 17.33 17.37 17.73
19.01 18.98 19.02 19.06 19.08 19.11 19.09 19.08 18.96 18.99 19.04 19.01 18.99 19.09 19.06 19.04 18.96 18.86 18.94 18.97 18.89 18.85 18.91 18.85 18.57 18.54 18.68 18.59 18.58 18.55 18.51 18.60 18.67 18.39 18.19 18.35 18.41 18.33 18.13 18.08 18.30 18.41 18.42 18.45 18.56 18.26 18.35 18.17 18.37 18.70 18.25 18.68 18.33 18.47 18.59 18.50 18.44 18.38 18.56 18.76 18.72 18.93 18.72 18.63 18.77 18.73 18.39 17.71 18.07 17.79 17.89 18.12 17.68 17.61 17.08 17.23 17.53
19.01 19.02 19.01 18.99 19.11 19.15 19.11 19.00 18.96 19.02 19.07 19.05 19.06 19.04 19.03 18.90 18.93 18.97 19.01 19.00 18.92 18.92 18.92 18.87 18.80 18.76 18.75 18.64 18.68 18.74 18.60 18.57 18.55 18.67 18.66 18.63 18.58 18.32 18.32 18.49 18.57 18.61 18.37 18.50 18.35 18.47 18.51 18.28 18.52 18.55 18.58 18.37 18.35 18.71 18.78 18.61 18.57 18.48 18.51 18.76 18.65 18.41 18.59 18.64 18.95 19.00 18.62 18.38 18.18 18.46 18.29 18.50 18.19 17.77 16.67 17.04 17.47
18.89 18.93 18.91 19.09 19.12 19.09 19.04 19.02 19.07 19.12 19.10 19.07 18.98 18.93 18.92 18.85 18.88 18.86 18.93 19.04 19.03 18.92 18.97 18.89 18.90 18.84 18.75 18.70 18.79 18.87 18.82 18.77 18.71 18.66 18.50 18.43 18.72 18.51 18.52 18.28 18.44 18.36 18.29 18.30 18.42 18.38 18.41 18.55 18.52 18.50 18.47 18.36 18.36 18.52 18.73 18.83 18.73 18.73 18.76 18.68 18.78 18.71 18.70 18.75 18.84 18.86 18.76 18.86 18.78 18.62 18.70 18.80 17.85 17.80 17.65 17.60 17.79
18.79 18.79 18.86 18.97 19.04 18.97 18.91 18.94 19.01 19.01 19.00 19.00 18.98 18.91 18.85 18.90 18.96 18.92 18.95 18.95 18.91 18.82 18.84 18.76 18.70 18.67 18.54 18.60 18.80 18.88 18.78 18.76 18.66 18.58 18.67 18.26 18.48 18.53 18.42 18.51 18.50 18.51 18.46 18.19 18.33 18.46 18.45 18.63 18.68 18.63 18.43 18.15 18.44 18.74 18.67 18.62 18.59 18.71 18.94 18.88 18.77 18.73 18.75 18.69 18.68 18.83 18.65 18.64 18.81 18.63 18.78 18.81 18.48 18.15 18.44 17.65 17.88
18.72 18.74 18.78 18.77 18.79 18.85 18.82 18.81 18.88 18.93 18.99 19.02 19.03 18.90 18.86 18.87 18.94 18.92 18.97 18.97 18.89 18.83 18.82 18.70 18.65 18.71 18.75 18.68 18.87 18.85 18.80 18.75 18.62 18.59 18.58 18.44 18.61 18.69 18.68 18.45 18.49 18.39 18.35 18.29 18.22 18.50 18.58 18.49 18.41 18.50 18.59 18.43 18.56 18.58 18.49 18.69 18.71 18.66 18.62 18.68 18.69 18.67 18.64 18.63 18.63 18.63 18.61 18.63 18.72 18.73 18.65 18.60 18.55 18.43 18.51 18.03 18.18
18.82 18.75 18.72 18.73 18.72 18.88 18.78 18.79 18.88 18.85 18.89 18.99 19.05 19.00 18.95 18.93 18.92 18.93 18.97 19.02 18.96 18.89 18.86 18.79 18.72 18.82 18.87 18.85 18.92 18.87 18.87 18.83 18.78 18.62 18.46 18.51 18.60 18.59 18.74 18.64 18.64 18.49 18.24 18.27 18.38 18.34 18.44 18.37 18.24 18.41 18.63 18.55 18.54 18.47 18.59 18.66 18.68 18.64 18.53 18.54 18.56 18.62 18.59 18.67 18.54 18.71 18.54 18.68 18.67 18.61 18.63 18.60 18.64 18.63 18.66 18.47 18.14
18.77 18.81 18.91 18.85 18.78 18.83 18.77 18.79 18.84 18.85 18.95 18.99 19.04 19.05 19.03 18.98 18.91 18.90 18.96 19.00 19.02 19.02 18.89 18.74 18.80 18.84 18.85 18.91 18.93 18.93 18.81 18.86 18.84 19.02 18.84 18.77 18.60 18.66 18.59 18.68 18.69 18.66 18.42 18.28 18.36 18.47 18.45 18.28 18.25 18.47 18.59 18.62 18.50 18.40 18.48 18.69 18.80 18.75 18.66 18.50 18.48 18.49 18.56 18.69 18.49 18.48 18.60 18.69 18.69 18.64 18.72 18.65 18.68 18.70 18.71 18.66 18.54
18.74 18.83 18.89 18.91 18.85 18.78 18.78 18.72 18.80 18.95 18.97 19.00 18.99 18.95 18.96 18.91 18.86 18.82 18.86 18.94 18.92 18.84 18.79 18.74 18.76 18.81 18.95 18.91 18.95 18.91 18.80 18.78 18.80 18.81 18.81 18.61 18.67 18.75 18.76 18.71 18.69 18.64 18.51 18.54 18.42 18.63 18.65 18.69 18.67 18.57 18.65 18.59 18.67 18.66 18.51 18.74 18.70 18.70 18.62 18.58 18.64 18.52 18.70 18.67 18.57 18.52 18.58 18.76 18.70 18.65 18.66 18.72 18.64 18.68 18.50 18.73 18.60
18.87 18.90 18.92 18.92 18.81 18.82 18.79 18.72 18.78 18.83 18.85 18.91 18.87 18.88 18.91 18.83 18.81 18.84 18.89 18.93 18.79 18.80 18.79 18.81 18.84 18.79 18.86 18.86 18.90 18.85 18.79 18.78 18.76 18.79 18.74 18.77 18.76 18.74 18.61 18.64 18.66 18.63 18.57 18.50 18.59 18.70 18.61 18.66 18.74 18.59 18.65 18.74 18.83 18.80 18.75 18.78 18.51 18.72 18.67 18.73 18.65 18.58 18.61 18.56 18.34 18.37 18.55 18.64 18.67 18.48 18.65 18.60 18.52 18.59 18.60 18.59 18.48
18.88 18.88 18.90 18.88 18.81 18.76 18.86 18.86 18.74 18.63 18.64 18.71 18.76 18.80 18.79 18.87 18.87 18.87 18.89 18.91 18.78 18.69 18.77 18.82 18.77 18.75 18.87 18.91 18.88 18.77 18.64 18.64 18.66 18.74 18.74 18.71 18.72 18.70 18.68 18.63 18.61 18.61 18.66 18.68 18.64 18.65 18.64 18.66 18.74 18.72 18.74 18.73 18.66 18.67 18.66 18.67 18.51 18.63 18.50 18.47 18.63 18.63 18.45 18.58 18.53 18.48 18.48 18.55 18.64 18.47 18.58 18.78 18.63 18.59 18.69 18.64 18.45
18.75 18.77 18.77 18.80 18.80 18.70 18.75 18.75 18.81 18.77 18.72 18.63 18.70 18.70 18.74 18.80 18.80 18.83 18.83 18.82 18.70 18.80 18.83 18.82 18.79 18.81 18.87 18.95 18.89 18.81 18.45 18.40 18.55 18.69 18.68 18.55 18.70 18.68 18.70 18.65 18.57 18.58 18.69 18.66 18.69 18.74 18.64 18.64 18.61 18.44 18.30 18.50 18.65 18.69 18.61 18.62 18.57 18.52 18.60 18.47 18.56 18.59 18.61 18.56 18.31 18.32 18.54 18.59 18.57 18.48 18.51 18.78 18.71 18.57 18.69 18.60 18.67
18.73 18.72 18.74 18.76 18.77 18.72 18.75 18.83 18.82 18.80 18.77 18.73 18.60 18.54 18.68 18.63 18.70 18.74 18.77 18.81 18.83 18.80 18.85 18.80 18.77 18.82 18.93 18.90 18.94 18.88 18.50 18.45 18.69 18.62 18.69 18.62 18.64 18.69 18.68 18.73 18.65 18.57 18.63 18.71 18.68 18.66 18.63 18.54 18.50 18.37 18.00 18.46 18.66 18.55 18.71 18.76 18.60 18.60 18.75 18.70 18.48 18.62 18.54 18.47 18.61 18.60 18.60 18.47 18.17 18.34 18.48 18.58 18.77 18.80 18.61 18.57 18.55
18.83 18.83 18.79 18.75 18.72 18.70 18.71 18.75 18.72 18.76 18.76 18.75 18.71 18.53 18.55 18.71 18.66 18.72 18.73 18.74 18.81 18.80 18.81 18.87 18.92 18.90 18.92 18.84 18.91 18.85 18.85 18.85 18.84 18.78 18.50 18.56 18.70 18.62 18.72 18.72 18.69 18.53 18.56 18.65 18.69 18.71 18.70 18.66 18.47 18.55 18.42 18.50 18.56 18.52 18.70 18.91 18.46 18.72 18.64 18.56 18.69 18.66 18.57 18.46 18.48 18.57 18.54 18.20 18.07 18.00 18.50 18.54 18.73 18.72 18.63 18.65 18.52
18.84 18.81 18.74 18.77 18.74 18.77 18.75 18.66 18.62 18.62 18.58 18.62 18.64 18.68 18.61 18.61 18.64 18.66 18.67 18.69 18.81 18.82 18.73 18.83 18.88 18.82 18.77 18.78 18.82 18.84 18.80 18.73 18.78 18.70 18.63 18.59 18.61 18.68 18.68 18.61 18.68 18.65 18.65 18.60 18.60 18.62 18.73 18.76 18.61 18.63 18.54 18.62 18.59 18.51 18.59 18.56 18.62 18.66 18.61 18.57 18.63 18.72 18.64 18.70 18.59 18.50 18.50 18.51 18.43 18.37 18.46 18.55 18.58 18.55 18.60 18.56 18.52
18.69 18.63 18.69 18.76 18.80 18.78 18.70 18.59 18.44 18.54 18.55 18.55 18.64 18.64 18.66 18.66 18.54 18.59 18.60 18.67 18.72 18.65 18.72 18.67 18.74 18.73 18.61 18.56 18.57 18.71 18.78 18.85 18.74 18.65 18.47 18.55 18.61 18.67 18.58 18.58 18.62 18.66 18.70 18.63 18.60 18.52 18.57 18.65 18.72 18.69 18.70 18.61 18.61 18.62 18.61 18.49 18.48 18.53 18.59 18.74 18.78 18.50 18.49 18.49 18.58 18.56 18.48 18.42 18.54 18.31 18.50 18.42 18.47 18.53 18.59 18.59 18.52
18.62 18.61 18.66 18.76 18.84 18.79 18.65 18.69 18.58 18.54 18.50 18.51 18.68 18.64 18.67 18.67 18.53 18.52 18.47 18.61 18.70 18.62 18.66 18.68 18.67 18.67 18.58 18.59 18.58 18.64 18.73 18.77 18.74 18.69 18.53 18.64 18.69 18.68 18.66 18.61 18.59 18.73 18.69 18.75 18.68 18.64 18.58 18.50 18.52 18.66 18.61 18.60 18.54 18.48 18.58 18.57 18.39 18.23 18.42 18.67 18.68 18.59 18.60 18.53 18.68 18.38 18.34 18.33 18.39 18.32 18.44 18.49 18.41 18.52 18.51 18.72 18.68
18.60 18.61 18.63 18.69 18.73 18.74 18.65 18.54 18.56 18.58 18.71 18.77 18.75 18.79 18.75 18.72 18.64 18.58 18.44 18.49 18.70 18.68 18.69 18.70 18.67 18.65 18.63 18.60 18.59 18.68 18.72 18.69 18.71 18.70 18.71 18.68 18.72 18.66 18.63 18.62 18.66 18.65 18.74 18.68 18.71 18.72 18.66 18.63 18.51 18.48 18.38 18.55 18.28 18.54 18.56 18.63 18.64 18.44 18.39 18.50 18.65 18.61 18.66 18.64 18.61 18.56 18.41 18.25 18.27 18.36 18.28 18.43 18.45 18.47 18.46 18.50 18.50
18.60 18.55 18.43 18.57 18.62 18.68 18.70 18.61 18.59 18.63 18.64 18.71 18.70 18.70 18.64 18.65 18.61 18.55 18.55 18.59 18.66 18.68 18.73 18.68 18.52 18.64 18.65 18.60 18.55 18.62 18.63 18.60 18.65 18.66 18.72 18.71 18.69 18.68 18.71 18.65 18.62 18.66 18.66 18.68 18.69 18.74 18.73 18.72 18.62 18.50 18.48 18.57 18.46 18.44 18.57 18.72 18.66 18.55 18.58 18.68 18.49 18.53 18.61 18.55 18.65 18.68 18.55 18.55 18.24 18.18 18.20 18.39 18.36 18.43 18.40 18.42 18.46
18.50 18.42 18.37 18.54 18.65 18.63 18.64 18.55 18.64 18.64 18.63 18.54 18.54 18.64 18.61 18.63 18.56 18.53 18.44 18.55 18.65 18.68 18.62 18.75 18.62 18.54 18.65 18.56 18.56 18.73 18.68 18.74 18.69 18.68 18.66 18.59 18.58 18.61 18.64 18.70 18.69 18.62 18.57 18.57 18.58 18.58 18.52 18.68 18.60 18.51 18.49 18.57 18.47 18.42 18.50 18.54 18.52 18.51 18.62 18.70 18.72 18.58 18.62 18.66 18.73 18.70 18.59 18.62 18.36 18.45 18.40 18.29 18.21 18.44 18.41 18.39 18.38
18.58 18.52 18.58 18.59 18.60 18.63 18.65 18.61 18.59 18.57 18.59 18.56 18.57 18.49 18.57 18.58 18.55 18.56 18.48 18.37 18.41 18.41 18.54 18.70 18.73 18.64 18.62 18.55 18.57 18.57 18.70 18.67 18.58 18.54 18.61 18.60 18.65 18.63 18.62 18.68 18.70 18.45 18.26 18.48 18.52 18.63 18.70 18.68 18.50 18.33 18.28 18.41 18.38 18.36 18.36 18.38 18.41 18.38 18.44 18.51 18.73 18.69 18.67 18.69 18.70 18.63 18.69 18.63 18.58 18.56 18.38 18.15 18.08 18.48 18.56 18.48 18.35
18.50 18.56 18.48 18.54 18.62 18.59 18.59 18.52 18.52 18.58 18.54 18.56 18.48 18.37 18.46 18.59 18.55 18.50 18.40 18.55 18.50 18.41 18.52 18.53 18.68 18.69 18.65 18.57 18.49 18.44 18.58 18.78 18.80 18.68 18.65 18.65 18.63 18.57 18.55 18.64 18.60 18.50 18.41 18.22 18.59 18.68 18.71 18.45 18.47 18.26 18.23 18.34 18.42 18.35 18.22 18.36 18.41 18.55 18.55 18.46 18.53 18.59 18.66 18.72 18.78 18.76 18.71 18.68 18.66 18.58 18.47 18.37 18.24 18.25 18.41 18.39 18.38
18.43 18.51 18.29 18.42 18.57 18.44 18.55 18.56 18.55 18.55 18.54 18.47 18.36 18.39 18.39 18.42 18.44 18.60 18.49 18.59 18.63 18.74 18.80 18.77 18.70 18.74 18.72 18.65 18.62 18.68 18.51 18.40 18.54 18.73 18.73 18.54 18.60 18.58 18.65 18.74 18.59 18.49 18.39 18.65 18.62 18.55 18.66 18.70 18.74 18.67 18.35 18.22 18.33 18.34 18.30 18.25 18.52 18.66 18.55 18.59 18.74 18.73 18.69 18.64 18.70 18.70 18.67 18.65 18.62 18.58 18.45 18.49 18.19 18.15 18.31 18.35 18.34
18.42 18.52 18.40 18.54 18.51 18.46 18.50 18.50 18.48 18.46 18.45 18.41 18.46 18.47 18.28 18.39 18.60 18.67 18.73 18.72 18.68 18.77 18.77 18.79 18.71 18.66 18.64 18.66 18.60 18.72 18.65 18.58 18.57 18.58 18.69 18.45 18.51 18.28 18.33 18.53 18.59 18.65 18.50 18.66 18.69 18.54 18.45 18.32 18.47 18.55 18.34 18.40 18.60 18.60 18.26 18.26 18.33 18.54 18.59 18.39 18.56 18.75 18.68 18.73 18.55 18.61 18.61 18.58 18.62 18.57 18.49 18.19 18.26 17.96 17.82 18.04 17.94
18.52 18.55 18.56 18.55 18.51 18.49 18.56 18.51 18.35 18.41 18.41 18.29 18.42 18.51 18.38 18.47 18.48 18.57 18.57 18.65 18.65 18.69 18.65 18.65 18.71 18.66 18.65 18.64 18.70 18.67 18.64 18.57 18.60 18.52 18.46 18.35 18.56 18.55 18.47 18.44 18.49 18.66 18.52 18.43 18.48 18.46 18.28 18.27 18.32 18.20 18.27 18.37 18.64 18.60 18.31 18.16 18.18 18.36 18.48 18.55 18.63 18.57 18.57 18.54 18.40 18.50 18.49 18.59 18.61 18.54 18.45 18.02 18.12 18.18 18.14 17.94 17.49
18.46 18.59 18.55 18.54 18.57 18.52 18.55 18.49 18.39 18.46 18.37 18.21 18.34 18.55 18.58 18.54 18.37 18.30 18.48 18.57 18.67 18.69 18.73 18.62 18.67 18.67 18.53 18.53 18.61 18.61 18.43 18.65 18.63 18.51 18.47 18.58 18.68 18.59 18.44 18.57 18.67 18.77 18.49 18.38 18.36 18.32 18.28 18.23 18.25 18.17 18.26 18.42 18.57 18.46 18.41 18.27 18.22 18.26 18.04 18.24 18.47 18.57 18.65 18.59 18.55 18.56 18.49 18.48 18.53 18.48 18.38 17.85 18.17 18.62 18.31 18.12 17.72
18.51 18.54 18.59 18.45 18.48 18.49 18.51 18.50 18.46 18.32 18.37 18.30 18.32 18.48 18.52 18.54 18.49 18.28 18.52 18.68 18.71 18.68 18.69 18.72 18.67 18.68 18.62 18.58 18.68 18.53 18.43 18.33 18.61 18.60 18.52 18.68 18.69 18.63 18.58 18.50 18.72 18.71 18.62 18.43 18.40 18.32 18.29 18.28 18.20 18.28 18.25 18.29 18.40 18.44 18.38 18.40 18.37 18.25 18.18 18.18 18.47 18.62 18.65 18.64 18.51 18.47 18.53 18.53 18.37 18.37 18.39 18.16 18.24 18.15 18.12 18.07 17.91
