files/bom_datasets/05.16.18.txt
ncols 839
nrows 679
xllcenter 112.0500
yllcenter -43.9500
cellsize 0.0500
nodata_value 99999.90
[rows 442 to 475 of 679, columns 462 to 538 of 839]
13.15 13.18 13.10 13.10 13.35 13.44 13.47 13.44 13.44 13.43 13.42 13.42 13.41 13.39 13.24 13.58 13.61 13.58 13.15 13.40 13.52 13.61 13.48 13.35 13.33 13.41 13.32 13.31 13.23 13.21 13.18 13.52 13.14 12.87 12.70 12.76 12.83 12.69 12.66 12.89 13.31 13.35 13.37 13.40 13.43 13.44 13.42 13.39 13.33 13.37 13.39 13.44 13.51 13.46 13.45 13.41 13.37 12.46 12.52 12.46 12.86 12.95 13.04 13.16 13.24 13.22 13.38 13.34 13.37 13.33 13.19 13.04 12.76 12.93 13.14 13.19 13.20
13.21 13.19 13.19 13.29 13.23 13.38 13.39 13.40 13.40 13.41 13.41 13.40 13.41 13.40 13.41 13.43 13.56 13.57 13.29 13.44 13.58 13.60 13.57 13.40 13.37 13.41 13.43 13.32 13.37 13.37 13.33 13.29 13.30 13.00 12.85 12.91 12.98 13.06 13.05 13.19 13.20 13.29 13.38 13.40 13.41 13.43 13.42 13.37 13.35 13.35 13.37 13.42 13.49 13.42 13.41 13.40 13.31 12.63 12.63 12.83 13.18 13.27 13.29 13.36 13.34 13.27 13.36 13.32 13.37 13.39 13.30 13.12 13.16 13.23 13.25 13.34 13.18
13.28 13.30 13.35 13.31 13.29 13.37 13.38 13.38 13.39 13.40 13.38 13.38 13.38 13.39 13.41 13.55 13.49 13.28 13.37 13.41 13.56 13.55 13.45 13.39 13.38 13.38 13.39 13.38 13.37 13.40 13.38 13.32 13.35 13.30 13.17 13.14 13.18 13.14 13.22 13.31 13.29 13.28 13.33 13.35 13.33 13.38 13.40 13.38 13.36 13.34 13.30 13.40 13.41 13.31 13.37 13.38 13.34 12.81 12.88 13.23 13.33 13.35 13.34 13.38 13.38 13.37 13.37 13.37 13.36 13.37 13.33 13.34 13.36 13.35 13.32 13.21 13.14
13.08 13.25 13.27 13.35 13.33 13.33 13.33 13.36 13.36 13.37 13.36 13.36 13.38 13.38 13.41 13.44 13.36 13.37 13.38 13.34 13.30 13.34 13.38 13.37 13.33 13.37 13.37 13.35 13.37 13.36 13.38 13.36 13.35 13.37 13.34 13.24 13.15 13.15 13.25 13.17 13.30 13.31 13.29 13.31 13.33 13.33 13.34 13.36 13.36 13.37 13.35 13.31 13.34 13.35 13.37 13.34 13.31 13.12 13.22 13.28 13.30 13.35 13.34 13.36 13.35 13.35 13.35 13.35 13.34 13.34 13.32 13.34 13.33 13.31 13.22 13.20 13.33
12.76 12.85 13.21 13.25 13.29 13.29 13.33 13.33 13.33 13.33 13.34 13.34 13.34 13.33 13.34 13.38 13.34 13.31 13.32 13.32 13.32 13.30 13.32 13.32 13.34 13.35 13.36 13.34 13.34 13.35 13.36 13.34 13.34 13.37 13.34 13.32 13.31 13.22 13.25 13.16 13.23 13.32 13.31 13.31 13.30 13.32 13.32 13.35 13.34 13.35 13.35 13.33 13.37 13.36 13.36 13.30 13.24 13.22 13.30 13.32 13.32 13.32 13.35 13.34 13.30 13.31 13.29 13.32 13.32 13.30 13.31 13.32 13.30 13.28 13.24 13.26 13.34
12.66 12.54 12.67 12.79 13.02 13.12 13.14 13.19 13.29 13.31 13.31 13.29 13.30 13.30 13.31 13.31 13.32 13.30 13.30 13.30 13.30 13.29 13.29 13.30 13.32 13.32 13.31 13.31 13.31 13.32 13.31 13.33 13.33 13.33 13.33 13.31 13.30 13.29 13.23 13.27 13.20 13.23 13.29 13.31 13.32 13.32 13.21 13.25 13.31 13.33 13.28 13.32 13.35 13.35 13.33 13.28 13.27 13.27 13.28 13.30 13.26 13.28 13.31 13.33 13.31 13.30 13.29 13.29 13.31 13.29 13.27 13.27 13.29 13.30 13.24 13.29 13.31
12.49 12.63 12.66 12.79 12.76 12.89 13.00 13.09 13.14 13.24 13.26 13.26 13.27 13.28 13.29 13.30 13.30 13.29 13.29 13.28 13.27 13.27 13.28 13.29 13.28 13.29 13.29 13.29 13.30 13.29 13.29 13.30 13.31 13.29 13.29 13.31 13.29 13.30 13.28 13.27 13.15 13.13 13.14 13.25 13.33 13.30 13.25 12.98 13.26 13.30 13.31 13.32 13.30 13.28 13.29 13.28 13.26 13.25 13.26 13.25 13.15 13.19 13.24 13.26 13.28 13.26 13.27 13.25 13.28 13.26 13.25 13.25 13.28 13.26 13.27 13.28 13.28
12.30 12.63 12.78 12.70 12.85 13.01 13.06 13.11 13.15 13.14 13.21 13.22 13.23 13.25 13.27 13.26 13.27 13.31 13.28 13.27 13.25 13.26 13.27 13.26 13.27 13.26 13.27 13.29 13.27 13.25 13.26 13.26 13.28 13.28 13.27 13.28 13.29 13.29 13.28 13.26 13.18 13.15 13.13 13.20 13.24 13.30 13.29 13.10 12.86 13.21 13.27 13.29 13.26 13.30 13.26 13.24 13.24 13.20 13.18 13.21 13.12 13.15 13.17 13.24 13.26 13.25 13.25 13.25 13.25 13.24 13.21 13.25 13.26 13.26 13.25 13.26 13.24
12.85 12.80 12.65 12.60 12.94 12.99 13.00 13.07 13.10 13.14 13.13 13.10 13.15 13.21 13.23 13.23 13.21 13.27 13.24 13.23 13.23 13.24 13.24 13.23 13.22 13.22 13.24 13.23 13.23 13.21 13.24 13.24 13.24 13.25 13.25 13.24 13.25 13.26 13.24 13.27 13.25 13.24 13.19 13.09 13.15 13.23 13.24 13.13 12.89 12.94 13.20 13.22 13.26 13.30 13.24 13.23 13.22 13.19 13.20 13.14 13.15 13.11 13.21 13.23 13.20 13.22 13.24 13.23 13.23 13.21 13.20 13.23 13.26 13.24 13.23 13.22 13.22
12.80 12.89 12.75 12.82 12.80 12.93 12.95 13.00 13.05 13.12 13.13 13.07 13.11 13.17 13.20 13.23 13.22 13.21 13.21 13.21 13.21 13.21 13.20 13.19 13.20 13.19 13.21 13.22 13.22 13.22 13.21 13.21 13.22 13.21 13.21 13.21 13.22 13.22 13.23 13.23 13.22 13.23 13.15 13.08 13.06 13.15 13.25 13.20 13.14 13.10 13.14 13.18 13.18 13.17 13.17 13.19 13.20 13.19 13.19 13.13 13.14 13.13 13.22 13.25 13.23 13.20 13.20 13.19 13.21 13.21 13.19 13.25 13.21 13.20 13.22 13.21 13.18
12.63 12.75 12.67 12.89 12.71 12.81 13.01 13.01 13.04 13.06 13.09 13.10 13.10 13.14 13.19 13.22 13.21 13.18 13.16 13.19 13.17 13.17 13.18 13.19 13.17 13.16 13.17 13.17 13.18 13.20 13.20 13.19 13.21 13.22 13.22 13.23 13.23 13.22 13.22 13.20 13.20 13.21 13.15 13.07 12.97 13.10 13.19 13.20 13.15 13.17 13.15 13.13 13.13 13.17 13.17 12.99 13.13 13.16 13.17 13.19 13.19 13.17 13.20 13.23 13.24 13.21 13.14 13.21 13.18 13.17 13.16 13.19 13.16 13.17 13.19 13.18 13.17
12.79 12.80 12.87 12.98 12.82 12.86 12.84 12.86 13.02 13.00 12.95 12.93 12.99 13.10 13.15 13.19 13.17 13.16 13.16 13.15 13.16 13.13 13.12 13.13 13.16 13.14 13.13 13.14 13.15 13.17 13.18 13.17 13.17 13.22 13.31 13.33 13.22 13.20 13.20 13.20 13.20 13.20 13.19 13.09 12.95 13.05 13.14 13.17 13.14 13.14 13.16 13.06 13.06 13.01 13.04 13.04 12.94 13.06 13.13 13.14 13.19 13.19 13.20 13.20 13.20 13.18 13.19 13.18 13.10 13.15 13.15 13.17 13.15 13.16 13.14 13.15 13.16
12.65 12.59 12.78 12.90 12.94 12.72 12.63 12.86 12.89 12.95 12.94 13.04 13.06 13.11 13.14 13.18 13.14 13.13 13.13 13.11 13.11 13.12 13.12 13.08 13.11 13.11 13.10 13.11 13.11 13.12 13.15 13.20 13.17 13.26 13.30 13.22 13.18 13.16 13.18 13.16 13.13 13.16 13.16 13.10 13.00 13.04 12.83 12.91 13.05 13.11 13.09 13.08 13.01 13.01 13.04 13.04 13.00 13.03 13.06 13.08 13.11 13.18 13.18 13.17 13.17 13.17 13.16 13.15 13.14 13.14 13.12 13.14 13.14 13.11 13.10 13.11 13.12
12.51 12.60 12.67 12.54 12.67 12.93 12.86 12.79 12.87 12.90 12.88 12.88 12.96 13.05 13.13 13.14 13.10 13.09 13.10 13.09 13.09 13.10 13.09 13.09 13.08 13.08 13.08 13.08 13.09 13.10 13.11 13.14 13.21 13.20 13.20 13.16 13.13 13.14 13.15 13.13 13.13 13.14 13.14 13.13 13.07 12.77 12.84 13.01 12.75 12.96 12.98 12.96 12.97 12.97 12.97 13.12 13.12 13.09 13.03 13.05 13.06 13.13 13.16 13.15 13.15 13.14 13.14 13.13 13.14 13.12 13.11 13.13 13.11 13.11 13.09 13.09 13.11
12.15 12.37 12.30 12.45 12.74 12.86 12.78 12.74 12.84 12.95 12.97 12.98 12.93 13.00 13.03 13.03 13.06 13.09 13.10 13.10 13.09 13.09 13.11 13.12 13.12 13.09 13.06 13.07 13.06 13.08 13.09 13.14 13.18 13.15 13.14 13.12 13.13 13.15 13.13 13.13 13.12 13.12 13.12 13.09 13.07 12.95 12.85 13.08 13.09 12.96 13.05 13.04 13.07 13.07 13.07 13.11 13.11 13.11 13.04 13.04 13.06 13.11 13.13 13.13 13.13 13.12 13.11 13.10 13.12 13.11 13.08 13.10 13.09 13.08 13.07 13.08 13.08
12.15 12.12 12.24 12.48 12.65 12.75 12.89 12.82 12.87 12.90 12.95 12.96 12.87 12.92 13.03 13.03 13.04 13.11 13.11 13.11 13.10 13.11 13.09 13.12 13.11 13.09 13.06 13.04 13.03 13.05 13.06 13.13 13.08 13.05 13.02 12.96 12.93 13.08 13.08 13.04 13.02 13.04 13.09 13.05 13.05 13.08 13.03 13.06 13.06 13.05 13.05 13.06 13.06 13.06 13.06 13.10 13.10 13.08 13.04 13.04 13.05 13.07 13.08 13.09 13.09 13.09 13.09 13.08 13.09 13.09 13.06 13.05 13.06 13.06 13.05 13.06 13.06
11.82 11.99 12.10 12.34 12.43 12.72 12.86 13.04 13.01 13.02 12.98 12.94 12.89 12.99 13.05 13.04 13.07 13.08 13.07 13.08 13.09 13.08 13.07 13.07 13.10 13.07 13.08 13.04 13.02 13.03 13.05 13.04 13.04 12.98 12.86 13.02 12.97 13.02 12.99 12.97 12.86 12.94 12.99 13.05 13.03 12.99 13.02 13.03 13.02 13.02 13.05 13.04 13.06 13.06 13.06 13.10 13.10 13.06 13.03 13.02 13.04 13.05 13.06 13.06 13.08 13.07 13.07 13.06 13.06 13.05 13.04 13.05 13.05 13.04 13.05 13.05 13.05
11.73 11.80 12.16 11.93 12.17 12.70 12.60 12.84 12.82 12.90 12.93 12.93 12.94 13.01 13.02 13.02 12.89 12.99 13.02 13.02 13.08 12.99 13.04 13.03 13.05 13.06 13.07 13.03 13.02 13.07 13.04 13.03 12.96 12.90 12.90 12.81 12.76 12.79 12.87 12.74 12.91 12.95 13.00 13.01 13.03 13.03 13.01 13.02 13.00 13.02 13.02 13.04 13.04 13.06 13.06 13.02 13.02 13.02 13.03 12.98 13.00 13.04 13.04 13.03 13.06 13.06 13.04 13.04 13.04 13.03 13.04 13.03 13.04 13.04 13.02 13.02 13.02
11.63 11.70 11.69 11.76 12.27 12.47 12.62 12.59 12.69 12.69 12.80 12.85 12.88 12.89 12.95 12.95 12.87 12.94 13.03 12.98 12.86 12.93 12.98 13.00 12.98 12.95 12.97 12.97 12.97 12.99 13.01 12.93 12.86 12.83 12.78 12.66 12.66 12.71 12.65 12.78 12.85 13.00 13.01 13.00 13.01 13.02 13.00 12.99 13.01 13.01 13.01 13.04 13.04 13.04 13.02 13.02 13.02 13.02 13.03 12.98 12.94 12.97 13.01 13.01 13.03 13.04 13.03 13.03 13.02 13.02 13.03 13.02 13.03 13.02 13.03 13.02 13.02
11.68 11.70 11.96 12.07 12.42 12.45 12.51 12.61 12.57 12.58 12.49 12.75 12.84 12.92 12.81 12.89 12.81 12.95 12.95 12.98 12.99 12.85 12.87 12.90 12.96 13.01 12.95 12.95 12.92 12.80 12.80 12.80 12.75 12.77 12.75 12.74 12.74 12.74 12.56 12.76 12.82 12.99 12.99 12.98 12.99 12.99 12.99 12.98 13.01 13.01 13.01 13.04 13.04 12.96 12.96 12.96 12.97 12.97 12.97 13.00 12.92 12.92 12.96 12.99 13.00 13.01 13.01 13.01 13.00 13.01 13.01 13.01 13.02 13.01 13.00 12.99 12.99
11.82 11.72 11.88 12.12 12.34 12.34 12.58 12.56 12.49 12.63 12.15 12.61 12.70 12.79 12.78 12.85 12.91 12.91 12.91 12.77 12.70 12.83 12.79 12.78 12.82 12.85 12.92 12.83 12.91 12.92 12.90 12.77 12.70 12.62 12.74 12.80 12.76 12.80 12.85 12.76 12.77 12.91 12.97 12.96 12.96 12.97 12.99 12.98 12.98 13.01 13.01 13.01 12.96 12.96 12.96 12.96 12.99 12.93 12.93 12.98 12.90 12.89 12.91 12.98 12.98 12.98 12.98 12.99 12.99 12.98 12.98 12.99 12.99 12.98 12.97 12.97 12.97
11.51 11.86 11.81 11.97 12.22 12.38 12.57 12.52 12.47 12.55 12.47 12.57 12.67 12.84 12.88 12.89 12.90 12.85 12.92 12.82 12.72 12.89 12.83 12.90 12.94 12.88 12.90 12.94 12.86 12.77 12.89 12.85 12.79 12.77 12.75 12.85 12.83 12.82 12.85 12.84 12.85 12.92 12.93 12.93 12.95 12.95 12.95 12.98 12.98 12.98 13.01 12.96 12.96 12.96 12.96 12.96 12.99 12.97 12.96 12.95 12.92 12.89 12.92 12.96 12.96 12.96 12.97 12.97 12.97 12.96 12.97 12.97 12.97 12.97 12.95 12.94 12.95
11.58 11.73 11.73 11.92 12.06 12.28 12.50 12.47 12.37 12.20 12.20 12.54 12.72 12.82 12.83 12.86 12.85 12.84 12.89 12.91 12.89 12.86 12.93 12.93 12.92 12.90 12.92 12.89 12.89 12.82 12.88 12.83 12.82 12.75 12.79 12.76 12.83 12.80 12.85 12.85 12.86 12.89 12.93 12.90 12.94 12.93 12.93 12.93 12.93 12.98 12.96 12.96 12.96 12.96 12.96 12.97 12.97 12.97 12.95 12.94 12.92 12.90 12.91 12.93 12.94 12.94 12.95 12.96 12.93 12.94 12.95 12.94 12.94 12.95 12.95 12.93 12.90
11.17 11.27 11.71 11.71 11.90 12.11 12.28 12.37 12.36 12.34 12.30 12.45 12.78 12.79 12.80 12.75 12.79 12.71 12.82 12.82 12.93 12.88 12.90 12.91 12.91 12.93 12.92 12.92 12.89 12.91 12.86 12.86 12.89 12.85 12.76 12.80 12.81 12.83 12.85 12.87 12.81 12.77 12.80 12.87 12.91 12.93 12.93 12.93 12.93 12.93 12.95 12.95 12.95 12.95 12.95 12.91 12.92 12.93 12.94 12.93 12.92 12.91 12.90 12.92 12.91 12.93 12.93 12.91 12.87 12.91 12.92 12.92 12.90 12.93 12.93 12.90 12.87
11.05 10.93 11.40 11.41 11.76 12.08 12.20 12.25 12.31 12.57 12.53 12.66 12.70 12.72 12.66 12.65 12.65 12.71 12.73 12.79 12.81 12.87 12.87 12.88 12.87 12.86 12.88 12.87 12.86 12.87 12.86 12.87 12.83 12.84 12.83 12.84 12.82 12.81 12.82 12.83 12.82 12.81 12.80 12.82 12.83 12.83 12.83 12.93 12.93 12.93 12.95 12.95 12.95 12.95 12.95 12.92 12.89 12.87 12.91 12.90 12.89 12.89 12.88 12.89 12.87 12.89 12.89 12.87 12.84 12.87 12.89 12.88 12.88 12.88 12.89 12.89 12.85
11.09 11.16 11.31 11.56 11.72 11.97 12.10 11.75 12.19 12.43 12.29 12.57 12.67 12.62 12.60 12.62 12.59 12.59 12.61 12.68 12.76 12.86 12.87 12.86 12.86 12.84 12.84 12.82 12.79 12.82 12.80 12.82 12.78 12.73 12.79 12.84 12.83 12.85 12.80 12.82 12.82 12.83 12.79 12.79 12.80 12.80 12.80 12.80 12.80 12.93 12.95 12.95 12.95 12.90 12.90 12.90 12.87 12.87 12.88 12.87 12.87 12.87 12.87 12.85 12.87 12.87 12.86 12.85 12.83 12.86 12.87 12.86 12.86 12.87 12.86 12.87 12.85
10.77 11.06 11.06 11.21 11.63 11.96 11.96 11.89 12.09 12.32 12.31 12.50 12.60 12.55 12.65 12.57 12.56 12.58 12.61 12.62 12.81 12.83 12.82 12.84 12.84 12.82 12.81 12.82 12.82 12.79 12.75 12.73 12.76 12.83 12.78 12.75 12.76 12.79 12.82 12.78 12.77 12.78 12.77 12.78 12.80 12.80 12.80 12.80 12.80 12.80 12.95 12.90 12.90 12.90 12.90 12.90 12.85 12.84 12.83 12.82 12.85 12.85 12.85 12.85 12.86 12.85 12.85 12.84 12.83 12.85 12.86 12.84 12.84 12.85 12.85 12.84 12.82
10.55 10.76 10.75 11.21 11.51 11.53 11.55 11.77 12.07 12.13 12.27 12.49 12.61 12.63 12.63 12.54 12.52 12.55 12.60 12.65 12.77 12.80 12.82 12.81 12.82 12.82 12.79 12.81 12.78 12.79 12.78 12.76 12.78 12.79 12.80 12.75 12.72 12.78 12.78 12.78 12.78 12.75 12.74 12.78 12.78 12.80 12.80 12.80 12.80 12.80 12.90 12.90 12.90 12.90 12.87 12.87 12.87 12.84 12.82 12.79 12.83 12.83 12.83 12.82 12.82 12.83 12.82 12.82 12.81 12.82 12.84 12.82 12.84 12.82 12.83 12.83 12.82
10.38 10.44 10.28 10.65 11.00 11.18 11.13 11.29 11.88 12.02 12.15 12.32 12.51 12.56 12.55 12.46 12.45 12.48 12.51 12.61 12.76 12.81 12.79 12.79 12.78 12.78 12.77 12.78 12.75 12.74 12.73 12.73 12.73 12.74 12.75 12.68 12.67 12.70 12.73 12.76 12.72 12.73 12.72 12.72 12.72 12.78 12.80 12.80 12.80 12.67 12.67 12.67 12.76 12.76 12.87 12.87 12.87 12.83 12.81 12.80 12.80 12.81 12.80 12.80 12.79 12.80 12.79 12.79 12.77 12.78 12.80 12.79 12.81 12.80 12.78 12.81 12.79
10.13 10.09 10.05 10.47 10.70 10.94 11.06 11.31 11.59 11.65 11.93 12.01 12.22 12.48 12.55 12.46 12.40 12.43 12.46 12.53 12.70 12.74 12.77 12.76 12.75 12.73 12.73 12.76 12.74 12.74 12.69 12.61 12.62 12.65 12.65 12.54 12.45 12.55 12.59 12.71 12.75 12.71 12.72 12.72 12.72 12.72 12.72 12.80 12.67 12.67 12.67 12.67 12.75 12.76 12.76 12.76 12.76 12.79 12.79 12.79 12.78 12.78 12.78 12.78 12.78 12.77 12.77 12.77 12.76 12.78 12.79 12.78 12.79 12.79 12.78 12.79 12.74
9.74 10.31 10.37 10.74 10.59 10.81 11.10 10.92 11.24 11.64 11.73 11.81 11.94 12.14 12.38 12.42 12.48 12.41 12.56 12.61 12.57 12.62 12.73 12.71 12.68 12.70 12.67 12.58 12.56 12.57 12.44 12.47 12.49 12.49 12.56 12.52 12.42 12.43 12.55 12.63 12.74 12.73 12.73 12.73 12.72 12.72 12.72 12.72 12.67 12.67 12.67 12.67 12.67 12.75 12.76 12.76 12.76 12.75 12.77 12.77 12.77 12.75 12.76 12.76 12.76 12.77 12.76 12.75 12.74 12.76 12.77 12.75 12.76 12.76 12.76 12.76 12.73
9.67 10.35 10.79 10.61 10.62 10.55 10.48 10.80 10.95 11.12 11.50 11.69 11.79 12.09 12.14 12.16 12.28 12.29 12.54 12.43 12.48 12.55 12.66 12.69 12.64 12.63 12.62 12.66 12.60 12.45 12.57 12.51 12.55 12.49 12.66 12.66 12.42 12.66 12.55 12.48 12.74 12.73 12.73 12.73 12.73 12.73 12.72 12.68 12.67 12.67 12.67 12.67 12.67 12.75 12.75 12.74 12.75 12.74 12.76 12.75 12.74 12.73 12.74 12.75 12.74 12.74 12.74 12.74 12.72 12.74 12.75 12.73 12.74 12.73 12.74 12.74 12.72
9.42 9.88 10.28 10.30 10.17 10.67 10.64 10.15 10.26 10.59 11.08 11.60 11.91 11.81 11.94 11.79 11.74 11.96 12.18 12.47 12.49 12.39 12.36 12.49 12.54 12.57 12.60 12.54 12.43 12.46 12.37 12.28 12.31 12.38 12.36 12.66 12.66 12.66 12.55 12.48 12.48 12.73 12.73 12.73 12.73 12.73 12.65 12.65 12.68 12.68 12.67 12.67 12.67 12.71 12.71 12.71 12.71 12.71 12.73 12.73 12.69 12.71 12.71 12.72 12.72 12.71 12.72 12.71 12.68 12.71 12.71 12.71 12.70 12.72 12.72 12.72 12.70
9.48 9.33 9.79 10.25 10.47 11.08 10.65 10.63 10.56 10.65 10.97 11.39 11.12 11.57 11.73 11.60 11.65 11.80 11.98 12.34 12.39 12.40 12.31 12.30 12.47 12.53 12.38 12.25 12.22 12.34 12.33 12.34 12.47 12.29 12.36 12.36 12.66 12.66 12.55 12.48 12.48 12.48 12.73 12.73 12.73 12.73 12.65 12.65 12.65 12.68 12.68 12.69 12.69 12.69 12.69 12.69 12.69 12.69 12.69 12.70 12.67 12.69 12.69 12.70 12.70 12.69 12.69 12.70 12.67 12.65 12.67 12.69 12.68 12.70 12.70 12.68 12.67
