files/bom_datasets/05.16.18.txt
ncols 839
nrows 679
xllcenter 112.0500
yllcenter -43.9500
cellsize 0.0500
nodata_value 99999.90
[rows 544 to 577 of 679, columns 539 to 615 of 839]
99999.90 99999.90 99999.90 99999.90 99999.90 4.44 4.44 4.44 4.22 4.22 4.22 4.22 4.22 4.22 4.22 4.22 4.22 4.61 4.74 5.20 5.39 5.22 5.03 4.97 5.07 5.32 5.32 5.28 5.29 4.79 4.93 5.38 5.18 5.53 5.64 5.49 5.32 5.30 5.49 5.02 5.13 5.07 5.20 5.62 5.53 5.89 5.81 5.36 5.36 5.52 5.90 5.87 5.69 5.47 5.42 5.70 5.49 5.58 5.50 5.33 5.28 5.60 5.53 5.93 6.25 5.95 6.15 6.30 5.82 5.58 5.40 6.55 7.96 7.71 6.44 5.89 6.21
99999.90 99999.90 99999.90 99999.90 99999.90 4.44 4.22 4.22 4.22 4.22 4.22 4.22 4.22 4.22 4.22 4.22 4.22 4.22 4.74 4.76 4.94 5.01 4.92 5.04 4.87 5.12 5.05 5.18 4.94 5.00 4.91 5.04 4.77 4.72 5.00 5.39 5.48 5.12 5.56 5.01 5.19 5.22 4.91 5.32 5.53 5.91 5.58 4.99 5.93 5.72 5.91 5.64 5.41 5.48 5.69 5.44 5.57 5.74 5.41 5.75 5.56 5.24 5.44 5.88 5.57 5.49 5.61 5.73 5.70 5.34 5.23 5.62 6.40 6.34 6.12 6.05 6.15
99999.90 99999.90 99999.90 99999.90 99999.90 4.44 4.22 4.22 4.22 4.22 4.22 4.22 4.22 4.22 4.22 4.22 4.22 4.22 4.76 4.76 4.54 4.61 4.83 5.33 5.39 4.99 5.06 5.34 5.03 4.79 4.96 4.92 4.77 4.93 4.96 5.35 5.47 4.96 5.40 4.95 5.56 5.18 4.96 5.19 5.47 5.69 5.53 5.57 5.98 5.76 6.05 5.85 5.27 5.23 5.63 5.28 5.52 5.85 5.73 5.71 5.92 5.70 5.76 5.99 5.52 5.22 5.02 5.36 5.61 5.02 5.11 5.08 4.97 5.59 5.81 5.98 5.74
99999.90 99999.90 99999.90 99999.90 99999.90 4.44 4.22 4.22 4.22 4.22 4.22 4.22 4.22 4.22 4.22 4.22 4.22 4.76 4.76 4.54 4.54 4.48 4.69 5.19 5.33 5.19 5.19 5.35 5.07 4.73 4.89 4.94 4.56 4.61 5.07 5.43 5.47 5.31 5.02 4.65 4.82 5.02 4.90 5.24 5.27 5.71 5.91 5.74 5.95 5.85 5.98 5.87 5.66 5.70 5.84 5.69 5.75 5.52 5.30 5.34 5.46 5.70 5.90 5.68 5.28 4.82 4.95 5.08 5.30 5.21 5.08 5.19 5.23 5.35 5.99 6.11 5.85
99999.90 99999.90 99999.90 99999.90 99999.90 4.44 4.22 4.22 4.22 4.22 4.22 4.22 4.22 4.22 4.22 4.22 4.22 4.76 4.54 4.43 4.43 4.43 4.56 4.75 4.98 5.07 4.98 4.76 4.99 5.21 5.37 5.10 4.79 5.17 5.25 5.45 5.46 5.13 4.78 5.00 5.18 5.17 5.41 5.43 5.61 5.66 5.74 5.71 5.85 6.05 5.93 5.86 5.57 5.85 5.65 5.67 5.58 5.72 5.41 5.76 5.66 5.55 5.83 5.60 5.17 5.01 5.26 5.40 5.26 4.87 5.19 5.29 5.59 5.44 5.89 5.85 5.70
99999.90 99999.90 99999.90 99999.90 99999.90 4.44 4.22 4.22 4.22 4.22 4.22 4.22 4.22 4.22 4.22 4.22 4.22 4.43 4.43 4.43 4.43 4.43 4.46 4.79 5.08 4.80 4.74 4.83 4.76 5.40 5.37 5.26 4.73 5.48 5.42 5.34 5.13 4.78 4.96 5.17 5.09 5.09 5.38 5.41 5.20 5.01 5.46 5.67 5.60 5.50 5.34 5.26 5.62 6.06 5.75 5.77 5.83 5.74 5.63 5.46 5.44 5.41 5.48 5.41 5.04 4.99 5.43 5.46 5.08 4.77 5.39 5.52 5.61 5.73 5.93 5.83 5.64
99999.90 99999.90 99999.90 99999.90 99999.90 4.44 4.22 4.22 4.22 4.22 4.22 4.22 4.22 4.22 4.22 4.22 4.43 4.43 4.43 4.43 4.43 4.46 4.46 4.63 4.77 4.74 4.79 4.81 4.88 5.02 5.20 4.52 5.16 5.26 5.31 4.81 4.58 4.62 5.18 5.15 5.22 5.42 5.41 5.28 5.11 5.14 5.50 5.28 5.22 5.12 5.18 5.39 5.74 6.06 5.65 5.90 5.80 5.80 5.64 5.53 5.65 5.61 5.49 5.38 5.02 5.18 5.50 5.18 4.96 4.83 5.13 5.41 5.50 5.73 5.77 5.80 5.57
99999.90 99999.90 99999.90 99999.90 99999.90 99999.90 4.22 4.22 4.22 4.22 4.22 4.22 4.22 4.22 4.22 4.43 4.43 4.43 4.43 4.43 4.46 4.46 4.63 4.63 4.40 4.68 4.58 4.83 5.04 4.68 4.89 4.80 4.98 5.12 5.11 4.74 4.59 4.57 4.34 4.91 4.82 5.13 5.42 5.17 5.04 5.02 5.18 5.06 4.77 4.97 4.94 5.07 5.49 5.86 5.78 6.06 5.74 5.85 5.94 5.43 5.85 5.62 5.63 5.63 4.96 5.17 4.94 4.77 5.15 5.14 5.29 5.39 5.71 5.84 5.41 5.67 5.58
99999.90 99999.90 99999.90 99999.90 99999.90 99999.90 4.22 4.22 4.22 4.22 4.22 4.22 4.22 4.22 4.43 4.43 4.43 4.43 4.43 4.46 4.46 4.63 4.63 4.40 4.40 4.35 4.81 4.92 5.30 5.15 4.86 4.80 4.79 5.17 5.04 4.84 4.91 4.93 4.64 4.92 5.18 5.30 5.09 5.09 4.81 5.12 4.87 4.75 4.73 4.88 4.90 5.18 5.56 5.75 5.91 5.87 5.52 5.60 5.64 5.47 5.80 5.81 5.48 5.73 5.26 5.22 4.84 4.70 5.07 5.33 5.49 5.54 5.81 5.71 5.50 5.65 5.57
99999.90 99999.90 99999.90 99999.90 99999.90 99999.90 4.22 4.22 4.22 4.22 4.22 4.22 4.22 4.43 4.43 4.43 4.43 4.43 4.46 4.46 4.63 4.63 4.40 4.40 4.35 4.35 4.56 4.89 5.22 5.25 4.61 4.85 5.17 5.04 4.91 5.10 5.12 4.78 4.96 5.17 5.17 5.18 4.97 5.11 5.05 4.58 4.52 4.54 4.84 4.36 5.16 5.61 5.71 6.02 5.92 6.02 5.57 5.38 5.49 5.55 5.44 5.58 5.40 5.31 5.52 5.77 5.51 5.04 5.22 5.21 5.26 5.49 5.60 5.52 5.55 5.42 5.81
99999.90 99999.90 99999.90 99999.90 99999.90 99999.90 4.22 4.22 4.22 4.22 4.22 4.22 4.22 4.43 4.43 4.43 4.43 4.46 4.46 4.63 4.63 4.40 4.40 4.35 4.42 4.42 4.42 4.47 4.67 4.79 4.67 4.50 4.53 4.63 5.02 5.04 5.06 4.74 4.89 5.27 5.20 5.11 5.24 5.16 4.94 4.63 4.78 4.53 4.13 4.31 5.04 5.64 5.73 5.98 5.81 6.17 5.75 5.35 5.55 5.50 5.43 5.56 5.19 5.01 5.28 5.78 5.90 5.06 4.76 5.10 5.35 5.44 5.38 5.19 5.27 5.37 5.39
99999.90 99999.90 99999.90 99999.90 99999.90 99999.90 99999.90 99999.90 99999.90 4.76 4.76 4.43 4.43 4.43 4.43 4.43 4.46 4.46 4.63 4.63 4.40 4.40 4.42 4.42 4.42 4.42 4.42 4.19 4.32 4.53 4.46 4.16 4.45 4.60 4.90 4.79 5.11 5.11 4.78 4.56 4.73 4.92 4.99 5.03 4.67 4.61 4.54 4.51 4.53 4.65 4.96 5.23 5.39 5.62 5.44 5.58 5.61 5.30 5.10 5.51 5.44 5.21 4.74 4.78 4.89 5.05 5.65 5.26 4.89 5.08 5.34 5.30 5.08 5.13 5.15 5.14 5.04
99999.90 99999.90 99999.90 99999.90 99999.90 99999.90 99999.90 99999.90 99999.90 99999.90 4.54 4.43 4.43 4.43 4.43 4.46 4.46 4.63 4.63 4.40 4.42 4.42 4.42 4.42 4.42 4.42 4.19 4.19 4.58 4.30 4.31 4.49 4.79 4.56 4.74 4.88 5.18 4.98 4.56 4.37 4.49 4.59 4.80 4.91 4.99 4.78 4.46 4.52 4.61 4.59 4.72 4.88 5.18 4.99 5.19 5.22 5.38 5.11 5.50 5.63 5.60 5.74 5.03 4.93 5.00 4.90 5.28 5.08 4.88 5.22 5.17 5.44 5.02 5.48 5.33 4.98 4.84
99999.90 99999.90 99999.90 99999.90 99999.90 99999.90 99999.90 99999.90 99999.90 99999.90 99999.90 4.43 4.43 4.43 4.46 4.46 4.63 4.63 4.40 4.42 4.42 4.42 4.42 4.42 4.42 4.19 4.32 4.32 4.32 4.15 4.02 4.24 4.45 4.50 4.61 4.79 4.96 4.84 4.59 4.31 4.43 4.57 4.80 4.67 4.67 4.51 4.83 4.57 4.67 4.31 4.62 4.77 5.16 4.99 4.99 4.93 4.99 4.79 4.84 5.23 5.14 5.58 5.45 5.30 5.14 5.06 5.18 5.14 5.31 5.12 5.06 5.30 5.16 5.56 5.08 5.03 5.16
99999.90 99999.90 99999.90 99999.90 99999.90 99999.90 99999.90 99999.90 99999.90 99999.90 99999.90 4.43 4.43 4.46 4.46 4.63 4.63 4.42 4.42 4.42 4.42 4.42 4.42 4.42 4.32 4.32 4.32 4.32 4.32 4.15 4.08 4.19 4.64 4.65 4.33 4.67 4.74 4.68 4.33 4.28 4.45 4.43 4.32 4.22 4.32 4.25 4.62 4.66 4.83 4.42 4.58 4.70 4.69 5.14 5.08 5.21 5.05 4.70 4.69 5.03 4.89 4.99 5.36 5.62 5.30 5.09 5.08 5.15 5.13 4.98 5.09 4.87 5.10 5.34 5.27 4.94 5.19
99999.90 99999.90 99999.90 99999.90 99999.90 99999.90 99999.90 99999.90 99999.90 99999.90 99999.90 99999.90 4.46 4.46 4.63 4.63 4.42 4.42 4.42 4.42 4.42 4.42 4.32 4.32 4.32 4.32 4.32 4.32 4.32 4.08 4.08 4.19 4.56 4.85 4.48 4.43 4.45 4.56 4.30 4.09 4.32 4.27 4.03 3.96 4.06 3.99 4.46 4.57 4.76 4.41 4.47 4.54 4.61 4.81 4.89 5.05 4.77 4.81 4.86 4.66 4.68 4.69 4.79 5.46 5.34 5.04 4.78 5.26 5.27 5.08 4.96 4.86 5.28 4.91 4.94 5.34 5.26
99999.90 99999.90 99999.90 99999.90 99999.90 99999.90 99999.90 99999.90 99999.90 99999.90 99999.90 99999.90 99999.90 4.63 4.63 4.40 4.42 4.42 4.42 4.42 4.42 4.32 4.32 4.32 4.32 4.32 4.32 4.32 4.08 4.08 4.08 4.56 4.56 4.85 4.79 4.70 3.98 4.56 4.39 4.34 4.30 4.19 4.12 3.87 4.01 4.14 4.10 4.36 4.52 4.39 4.57 4.55 4.52 4.75 4.86 5.08 4.53 4.60 4.91 4.57 4.46 4.60 4.83 5.11 5.21 4.68 4.65 5.03 5.18 5.23 5.22 5.29 5.44 5.44 4.89 5.44 5.36
99999.90 99999.90 99999.90 99999.90 99999.90 99999.90 99999.90 99999.90 99999.90 99999.90 99999.90 99999.90 99999.90 99999.90 4.40 4.40 4.42 4.42 4.42 4.32 4.32 4.32 4.32 4.32 4.32 4.32 4.32 4.32 4.08 4.08 4.56 4.56 4.56 4.79 4.79 4.70 3.98 3.98 4.39 4.34 4.30 4.19 3.93 4.12 4.19 4.13 4.04 4.00 4.06 4.21 4.41 4.53 4.63 4.85 4.49 4.29 4.55 4.42 4.51 4.96 4.77 4.38 4.74 4.89 5.06 4.88 4.75 4.63 4.58 5.20 5.22 5.88 5.60 5.38 5.19 5.40 5.54
99999.90 99999.90 99999.90 99999.90 99999.90 99999.90 99999.90 99999.90 99999.90 99999.90 99999.90 99999.90 99999.90 99999.90 99999.90 4.35 4.42 4.42 4.32 4.32 4.32 4.32 4.32 4.32 4.32 4.32 4.32 4.08 4.08 4.08 4.56 4.56 4.79 4.79 4.79 4.70 3.98 3.98 4.39 4.34 4.30 3.93 3.93 4.12 4.03 4.25 4.13 3.80 3.89 4.12 4.26 4.21 4.15 4.43 4.29 3.97 4.18 4.26 4.73 5.17 4.90 4.44 4.75 5.26 5.33 4.96 4.71 4.75 4.76 5.14 5.21 5.11 5.24 5.60 5.38 5.05 5.11
99999.90 99999.90 99999.90 99999.90 99999.90 99999.90 99999.90 99999.90 99999.90 99999.90 99999.90 99999.90 99999.90 99999.90 99999.90 99999.90 4.42 4.42 4.32 4.32 4.32 4.32 4.32 4.32 4.32 4.32 4.32 4.08 4.08 4.56 4.56 4.56 4.79 4.79 4.79 4.70 3.98 3.98 4.39 4.34 3.93 3.93 3.93 4.03 4.03 4.25 4.26 3.92 3.89 4.20 4.37 4.16 4.19 4.18 4.11 4.07 4.17 4.01 4.18 4.97 4.90 4.41 4.63 4.70 4.81 4.80 4.63 4.89 4.95 5.16 4.64 4.81 4.86 5.36 5.28 4.93 4.95
99999.90 99999.90 99999.90 99999.90 99999.90 99999.90 99999.90 99999.90 99999.90 99999.90 99999.90 99999.90 99999.90 99999.90 99999.90 99999.90 4.42 4.42 4.32 4.32 4.32 4.32 4.32 4.32 4.32 4.32 4.08 4.08 4.08 4.56 4.56 4.79 4.79 4.79 4.79 4.70 3.98 3.98 4.39 4.34 3.93 3.93 4.03 4.03 4.03 4.26 4.26 4.09 3.91 4.30 4.36 4.06 4.37 4.49 4.28 4.68 4.54 4.26 4.29 4.56 4.68 4.69 4.53 4.33 4.49 4.33 4.22 4.89 5.35 5.25 4.91 5.02 4.99 5.35 5.52 5.18 4.94
99999.90 99999.90 99999.90 99999.90 99999.90 99999.90 99999.90 99999.90 99999.90 99999.90 99999.90 99999.90 99999.90 99999.90 99999.90 99999.90 99999.90 4.19 4.32 4.32 4.32 4.32 4.32 4.32 4.32 4.32 4.08 4.08 4.56 4.56 4.56 4.79 4.79 4.79 4.79 4.70 3.98 3.98 4.39 4.34 3.93 3.93 4.03 4.03 4.26 4.26 4.09 4.09 4.06 4.24 4.35 4.14 4.20 4.49 4.28 4.68 4.54 4.26 4.29 4.56 4.67 4.62 4.70 4.54 4.56 4.27 4.25 4.35 5.03 5.01 5.02 4.74 4.85 5.01 5.20 5.15 5.19
99999.90 99999.90 99999.90 99999.90 99999.90 99999.90 99999.90 99999.90 99999.90 99999.90 99999.90 99999.90 99999.90 99999.90 99999.90 99999.90 99999.90 99999.90 4.32 4.32 4.32 4.32 4.32 4.32 4.32 4.08 4.08 4.08 4.56 4.56 4.79 4.79 4.79 4.79 4.79 4.70 3.98 3.98 4.39 3.93 3.93 4.03 4.03 4.03 4.26 4.09 4.09 4.06 4.06 4.04 3.98 4.31 4.20 4.20 4.28 4.68 4.54 4.26 4.29 4.67 4.67 4.62 4.49 4.64 4.62 4.54 4.66 4.42 4.17 4.45 4.50 4.40 4.21 4.22 4.52 4.82 4.89
99999.90 99999.90 99999.90 99999.90 99999.90 99999.90 99999.90 99999.90 99999.90 99999.90 99999.90 99999.90 99999.90 99999.90 99999.90 99999.90 99999.90 99999.90 4.32 4.32 4.32 4.32 4.32 4.32 4.32 4.08 4.08 4.56 4.56 4.56 4.79 4.79 4.79 4.79 4.79 4.70 3.98 3.98 4.39 3.93 3.93 4.03 4.03 4.26 4.09 4.09 4.06 4.06 4.04 4.04 3.98 4.52 4.52 4.52 4.20 4.68 4.54 4.26 4.67 4.67 4.67 4.49 4.49 4.64 4.62 4.54 4.66 4.42 4.17 4.45 4.50 4.32 4.11 4.10 4.26 4.23 4.67
99999.90 99999.90 99999.90 99999.90 99999.90 99999.90 99999.90 99999.90 99999.90 99999.90 99999.90 99999.90 99999.90 99999.90 99999.90 99999.90 99999.90 99999.90 99999.90 99999.90 4.08 4.08 4.08 4.08 4.08 4.08 4.08 4.56 4.56 4.79 4.79 4.79 4.79 4.79 4.79 4.70 3.98 3.98 4.39 3.93 4.03 4.03 4.03 4.09 4.09 4.06 4.06 4.04 4.04 4.04 4.52 4.52 4.52 4.52 4.52 4.68 4.54 4.26 4.67 4.67 4.49 4.49 4.49 4.64 4.62 4.54 4.66 4.42 4.17 4.45 4.32 4.32 4.11 4.30 4.64 4.51 4.37
99999.90 99999.90 99999.90 99999.90 99999.90 99999.90 99999.90 99999.90 99999.90 99999.90 99999.90 99999.90 99999.90 99999.90 99999.90 99999.90 99999.90 99999.90 99999.90 99999.90 99999.90 99999.90 4.56 4.56 4.56 4.56 4.56 4.56 4.56 4.79 4.79 4.79 4.79 4.79 4.79 4.70 3.98 3.98 3.93 3.93 4.03 4.03 4.09 4.09 4.06 4.06 4.04 4.04 4.04 4.52 4.52 4.52 4.52 4.52 4.52 4.52 4.54 4.26 4.67 4.67 4.49 4.49 4.49 4.64 4.62 4.54 4.66 4.42 4.17 4.32 4.32 4.32 4.30 4.30 4.64 4.68 4.72
99999.90 99999.90 99999.90 99999.90 99999.90 99999.90 99999.90 99999.90 99999.90 99999.90 99999.90 99999.90 99999.90 99999.90 99999.90 99999.90 99999.90 99999.90 99999.90 99999.90 99999.90 99999.90 99999.90 99999.90 4.79 4.79 4.79 4.79 4.79 4.79 4.79 4.79 4.79 4.79 4.79 4.70 3.98 3.98 3.93 4.03 4.03 4.09 4.09 4.06 4.06 4.04 4.04 4.04 4.04 4.52 4.52 4.52 4.52 4.52 4.52 4.52 4.52 4.67 4.67 4.49 4.49 4.49 4.49 4.64 4.62 4.54 4.66 4.42 4.17 4.32 4.32 4.30 4.30 4.30 4.68 4.68 4.38
99999.90 99999.90 99999.90 99999.90 99999.90 99999.90 99999.90 99999.90 99999.90 99999.90 99999.90 99999.90 99999.90 99999.90 99999.90 99999.90 99999.90 99999.90 99999.90 99999.90 99999.90 99999.90 99999.90 99999.90 99999.90 99999.90 99999.90 99999.90 99999.90 99999.90 99999.90 99999.90 3.93 3.93 3.93 3.93 3.93 3.93 3.93 4.03 4.03 4.09 4.06 4.06 4.04 4.04 4.04 4.04 4.52 4.52 4.52 4.52 4.52 4.52 4.52 4.52 4.52 4.67 4.67 4.49 4.49 4.49 4.49 4.64 4.62 4.54 4.66 4.42 4.17 4.32 4.32 4.30 4.30 4.68 4.68 4.38 4.38
99999.90 99999.90 99999.90 99999.90 99999.90 99999.90 99999.90 99999.90 99999.90 99999.90 99999.90 99999.90 99999.90 99999.90 99999.90 99999.90 99999.90 99999.90 99999.90 99999.90 99999.90 99999.90 99999.90 99999.90 99999.90 99999.90 99999.90 99999.90 99999.90 99999.90 99999.90 99999.90 99999.90 99999.90 4.03 4.03 4.03 4.03 4.03 4.03 4.09 4.06 4.06 4.04 4.04 4.04 4.04 4.04 4.52 4.52 4.52 4.52 4.52 4.52 4.52 4.52 4.52 4.67 4.49 4.49 4.49 4.49 4.49 4.64 4.62 4.54 4.66 4.42 4.32 4.32 4.30 4.30 4.30 4.68 4.38 4.38 4.38
99999.90 99999.90 99999.90 99999.90 99999.90 99999.90 99999.90 99999.90 99999.90 99999.90 99999.90 99999.90 99999.90 99999.90 99999.90 99999.90 99999.90 99999.90 99999.90 99999.90 99999.90 99999.90 99999.90 99999.90 99999.90 99999.90 99999.90 99999.90 99999.90 99999.90 99999.90 99999.90 99999.90 99999.90 99999.90 99999.90 4.26 4.26 4.09 4.09 4.06 4.06 4.04 4.04 4.04 4.04 4.04 4.52 4.52 4.52 4.52 4.52 4.52 4.52 4.52 4.52 4.52 4.52 4.49 4.49 4.49 4.49 4.49 4.64 4.62 4.54 4.66 4.42 4.32 4.32 4.30 4.30 4.68 4.38 4.38 4.38 4.38
99999.90 99999.90 99999.90 99999.90 99999.90 99999.90 99999.90 99999.90 99999.90 99999.90 99999.90 99999.90 99999.90 99999.90 99999.90 99999.90 99999.90 99999.90 99999.90 99999.90 99999.90 99999.90 99999.90 99999.90 99999.90 99999.90 99999.90 99999.90 99999.90 99999.90 99999.90 99999.90 99999.90 99999.90 99999.90 99999.90 99999.90 4.09 4.09 4.06 4.06 4.04 4.04 4.04 4.04 4.04 4.04 4.52 4.52 4.52 4.52 4.52 4.52 4.52 4.52 4.52 4.52 4.52 4.49 4.49 4.49 4.49 4.49 4.64 4.62 4.54 4.66 4.42 4.32 4.30 4.30 4.30 4.38 4.38 4.38 4.38 4.38
99999.90 99999.90 99999.90 99999.90 99999.90 99999.90 99999.90 99999.90 99999.90 99999.90 99999.90 99999.90 99999.90 99999.90 99999.90 99999.90 99999.90 99999.90 99999.90 99999.90 99999.90 99999.90 99999.90 99999.90 99999.90 99999.90 99999.90 99999.90 99999.90 99999.90 99999.90 99999.90 99999.90 99999.90 99999.90 99999.90 99999.90 99999.90 4.06 4.06 4.04 4.04 4.04 4.04 4.04 4.04 4.52 4.52 4.52 4.52 4.52 4.52 4.52 4.52 4.52 4.52 4.52 4.52 4.49 4.49 4.49 4.49 4.49 4.64 4.62 4.54 4.66 4.32 4.32 4.30 4.30 4.38 4.38 4.38 4.38 4.38 4.38
99999.90 99999.90 99999.90 99999.90 99999.90 99999.90 99999.90 99999.90 99999.90 99999.90 99999.90 99999.90 99999.90 99999.90 99999.90 99999.90 99999.90 99999.90 99999.90 99999.90 99999.90 99999.90 99999.90 99999.90 99999.90 99999.90 99999.90 99999.90 99999.90 99999.90 99999.90 99999.90 99999.90 99999.90 99999.90 99999.90 99999.90 99999.90 99999.90 4.04 4.04 4.04 4.04 4.04 4.04 4.04 4.52 4.52 4.52 4.52 4.52 4.52 4.52 4.52 4.52 4.52 4.52 4.52 4.49 4.49 4.49 4.49 4.49 4.64 4.62 4.54 4.66 4.32 4.30 4.30 4.38 4.38 4.38 4.38 4.38 4.38 4.54
99999.90 99999.90 99999.90 99999.90 99999.90 99999.90 99999.90 99999.90 99999.90 99999.90 99999.90 99999.90 99999.90 99999.90 99999.90 99999.90 99999.90 99999.90 99999.90 99999.90 99999.90 99999.90 99999.90 99999.90 99999.90 99999.90 99999.90 99999.90 99999.90 99999.90 99999.90 99999.90 99999.90 99999.90 99999.90 99999.90 99999.90 99999.90 99999.90 99999.90 99999.90 4.52 4.52 4.52 4.52 4.52 4.52 4.52 4.52 4.52 4.52 4.52 4.52 4.52 4.52 4.52 4.52 4.52 4.52 4.52 4.52 4.52 4.32 4.32 4.32 4.32 4.32 4.32 4.30 4.30 4.38 4.38 4.38 4.38 4.38 4.38 4.54
