files/bom_datasets/05.13.18.txt
ncols 839
nrows 679
xllcenter 112.0500
yllcenter -43.9500
cellsize 0.0500
nodata_value 99999.90
[rows 408 to 441 of 679, columns 693 to 769 of 839]
14.41 14.41 14.42 14.42 14.46 14.48 14.47 14.49 14.52 14.50 14.50 14.49 14.45 14.46 14.48 14.46 14.49 14.41 13.87 14.25 14.46 14.35 14.40 14.45 14.45 14.46 14.45 14.46 14.45 14.46 14.45 14.33 14.40 14.44 14.44 14.43 14.49 14.46 14.47 14.47 14.43 14.39 14.44 14.43 14.42 14.41 14.42 14.36 14.38 14.32 14.21 14.38 14.30 14.37 14.15 14.35 14.25 14.38 14.44 14.33 14.42 14.40 14.36 14.37 14.15 13.67 14.24 14.01 14.20 14.21 14.25 14.25 14.21 14.23 14.01 14.00 13.92
14.39 14.40 14.39 14.40 14.43 14.44 14.44 14.47 14.48 14.45 14.48 14.50 14.47 14.45 14.46 14.45 14.43 14.42 14.36 14.45 14.43 14.41 14.43 14.42 14.39 14.43 14.42 14.38 14.40 14.39 14.40 14.42 14.38 14.39 14.42 14.39 14.46 14.46 14.45 14.45 14.39 14.39 14.35 14.39 14.39 14.42 14.41 14.35 14.35 14.37 14.32 14.34 14.36 14.38 14.17 14.38 14.25 14.30 14.36 14.40 14.38 14.33 14.37 14.30 14.08 13.59 13.80 14.28 14.26 14.16 14.19 13.93 14.15 14.19 13.86 13.69 13.91
14.37 14.38 14.39 14.41 14.43 14.41 14.40 14.39 14.44 14.38 14.40 14.42 14.46 14.47 14.43 14.40 14.34 14.41 14.42 14.42 14.41 14.40 14.43 14.41 14.40 14.37 14.41 14.39 14.40 14.39 14.38 14.39 14.38 14.36 14.40 14.42 14.44 14.44 14.43 14.43 14.35 14.33 14.33 14.33 14.34 14.38 14.33 14.33 14.36 14.32 14.33 14.32 14.28 14.33 14.23 14.31 14.11 14.33 14.31 14.32 14.36 14.34 14.34 14.24 13.90 13.84 13.82 14.15 14.21 13.93 14.08 13.82 14.22 14.13 13.82 14.08 14.11
14.36 14.35 14.35 14.38 14.40 14.43 14.45 14.43 14.43 14.34 14.38 14.43 14.43 14.40 14.37 14.38 14.39 14.37 14.38 14.39 14.40 14.39 14.35 14.41 14.36 14.32 14.38 14.38 14.38 14.42 14.40 14.36 14.35 14.32 14.37 14.36 14.38 14.37 14.40 14.41 14.35 14.31 14.31 14.30 14.31 14.37 14.33 14.33 14.29 14.26 14.30 14.30 14.31 14.32 14.30 14.30 14.25 14.24 14.22 14.30 14.28 14.32 14.29 14.23 13.95 14.03 14.01 14.16 13.93 14.10 14.11 13.96 13.87 14.15 14.05 13.89 13.49
14.32 14.32 14.32 14.35 14.38 14.39 14.40 14.34 14.37 14.38 14.37 14.40 14.39 14.41 14.40 14.31 14.33 14.33 14.34 14.36 14.38 14.37 14.35 14.38 14.36 14.30 14.38 14.33 14.38 14.37 14.30 14.35 14.33 14.33 14.37 14.37 14.36 14.36 14.37 14.29 14.28 14.28 14.29 14.29 14.29 14.30 14.30 14.29 14.27 14.26 14.27 14.30 14.28 14.31 14.17 14.23 14.23 14.09 14.30 14.29 14.31 14.31 14.29 14.22 13.83 13.91 14.00 13.98 13.43 13.82 13.87 14.04 13.67 14.00 13.61 13.46 13.56
14.30 14.29 14.30 14.32 14.34 14.36 14.33 14.34 14.35 14.35 14.35 14.32 14.32 14.37 14.37 14.34 14.26 13.97 14.30 14.34 14.35 14.35 14.34 14.33 14.35 14.32 14.34 14.34 14.21 14.33 14.34 14.30 14.30 14.34 14.34 14.36 14.34 14.31 14.31 14.32 14.25 14.26 14.25 14.25 14.25 14.24 14.20 14.28 14.29 14.24 14.25 14.28 14.29 14.30 14.27 14.27 14.26 14.00 14.29 14.26 14.28 14.30 14.28 14.15 13.72 13.95 13.79 13.64 13.69 13.68 13.60 13.54 13.36 13.69 13.22 13.20 12.94
14.26 14.27 14.27 14.28 14.28 14.27 14.31 14.33 14.33 14.33 14.37 14.34 14.33 14.34 14.34 14.33 14.31 14.10 14.27 14.31 14.32 14.32 14.31 14.26 14.28 14.31 14.28 14.34 14.21 14.35 14.34 14.31 14.33 14.31 14.29 14.27 14.26 14.29 14.26 14.29 14.28 14.24 14.24 14.24 14.22 14.24 14.21 14.22 14.24 14.21 14.25 14.27 14.29 14.29 14.27 14.23 14.25 13.89 14.15 14.21 14.26 14.26 14.22 13.95 13.74 13.94 13.98 14.11 13.85 13.39 13.14 13.25 13.13 13.13 13.34 12.66 12.66
14.26 14.26 14.27 14.27 14.30 14.28 14.33 14.31 14.33 14.31 14.33 14.34 14.32 14.31 14.33 14.30 14.29 14.27 14.26 14.30 14.28 14.28 14.30 14.27 14.22 14.28 14.27 14.29 14.25 14.33 14.33 14.32 14.29 14.29 14.29 14.28 14.27 14.29 14.30 14.31 14.29 14.28 14.24 14.25 14.18 14.23 14.21 14.22 14.22 14.21 14.22 14.27 14.27 14.25 14.19 14.04 13.97 14.07 14.15 14.22 14.16 14.15 14.14 13.65 13.96 13.78 14.10 13.60 13.25 13.15 13.26 12.89 13.05 12.96 13.05 12.72 12.74
14.23 14.25 14.25 14.25 14.29 14.29 14.32 14.31 14.28 14.29 14.29 14.29 14.28 14.28 14.31 14.28 14.24 14.24 14.27 14.26 14.27 14.25 14.26 14.28 14.18 14.21 14.20 14.20 14.28 14.31 14.30 14.29 14.26 14.29 14.29 14.25 14.26 14.29 14.29 14.29 14.30 14.27 14.22 14.22 14.19 14.13 14.15 14.20 14.20 14.22 14.22 14.18 14.18 14.25 14.21 13.85 13.89 14.16 14.03 13.93 13.87 13.96 14.15 14.11 14.06 13.84 13.79 13.81 13.34 13.60 13.39 13.61 13.36 13.10 13.09 13.21 12.75
14.21 14.22 14.24 14.21 14.26 14.25 14.27 14.29 14.26 14.22 14.25 14.26 14.26 14.25 14.28 14.27 14.24 14.18 14.25 14.25 14.23 14.22 14.24 14.28 14.26 14.23 14.23 14.24 14.23 14.28 14.24 14.27 14.25 14.24 14.23 14.25 14.19 14.23 14.26 14.27 14.27 14.22 14.20 14.20 14.22 14.23 14.13 14.18 14.19 14.20 14.19 14.23 13.96 14.20 14.18 13.69 14.01 13.80 13.47 13.52 13.96 13.87 13.86 13.86 13.92 14.01 13.92 13.63 13.56 13.52 13.58 13.27 13.23 13.11 13.38 13.27 13.09
14.21 14.22 14.23 14.23 14.19 14.21 14.24 14.27 14.25 14.23 14.25 14.25 14.25 14.26 14.26 14.27 14.21 14.19 14.24 14.24 14.22 14.21 14.22 14.24 14.23 14.17 14.20 14.26 14.26 14.26 14.19 14.20 14.11 14.19 14.18 14.26 14.13 14.14 14.19 14.20 14.26 14.24 14.11 14.19 14.21 14.23 14.17 14.13 14.18 14.18 14.19 14.22 14.06 14.19 14.12 13.93 13.74 13.66 13.48 13.91 13.78 13.79 13.63 13.92 13.73 13.88 13.87 13.30 13.71 13.60 13.86 13.71 13.65 13.65 13.61 13.63 13.58
14.19 14.18 14.18 14.20 14.21 14.19 14.22 14.24 14.23 14.23 14.21 14.20 14.21 14.21 14.22 14.21 14.21 14.15 14.17 14.21 14.20 14.21 14.20 14.20 14.19 14.18 14.23 14.20 14.19 14.23 14.22 14.17 14.13 14.13 14.14 14.16 14.17 14.15 14.20 14.16 14.24 14.19 14.18 14.18 14.21 14.15 14.13 14.17 14.17 14.15 14.15 14.15 14.10 14.14 14.17 14.08 13.77 13.77 13.53 13.70 13.94 13.86 13.62 13.88 13.87 13.81 13.71 13.20 13.55 13.50 13.66 13.62 13.82 13.74 13.48 13.70 13.20
14.19 14.15 14.15 14.17 14.19 14.19 14.18 14.18 14.20 14.19 14.20 14.19 14.14 14.17 14.19 14.19 14.16 14.14 14.15 14.18 14.18 14.17 14.16 14.19 14.19 14.21 14.15 14.15 14.17 14.17 14.16 14.14 14.10 14.20 14.15 14.13 14.07 14.12 14.15 14.13 14.15 14.13 14.13 14.16 14.05 14.18 14.12 14.15 14.14 14.12 14.12 14.10 14.08 13.97 14.05 14.07 13.94 13.82 13.56 13.77 13.72 13.56 13.48 13.70 13.65 13.74 13.69 13.48 13.54 13.58 13.61 13.68 13.77 13.54 13.60 13.75 13.56
14.18 14.13 14.13 14.14 14.17 14.17 14.15 14.14 14.20 14.17 14.17 14.16 14.17 14.21 14.21 14.19 14.16 14.14 14.14 14.15 14.16 14.14 14.16 14.17 14.18 14.17 14.15 14.13 14.10 14.14 14.15 14.13 13.98 14.13 14.13 14.13 14.02 14.07 14.12 14.15 14.18 14.15 14.13 14.13 14.08 14.07 14.05 13.92 14.04 14.10 14.11 14.11 14.07 13.98 13.98 13.91 13.93 13.90 13.74 13.81 13.89 13.32 13.47 13.58 13.67 13.85 13.63 13.73 13.80 13.84 14.00 13.93 13.65 13.40 13.38 13.42 13.59
14.13 14.10 14.10 14.13 14.15 14.13 14.13 14.15 14.10 14.16 14.15 14.14 14.15 14.19 14.17 14.10 14.14 14.13 14.12 14.14 14.14 14.12 14.10 14.15 14.16 14.15 14.15 14.14 14.12 14.12 14.11 14.09 14.10 14.08 14.13 14.06 14.06 14.11 14.08 14.11 14.10 14.11 14.12 14.10 14.10 14.03 13.97 14.04 14.04 14.08 14.10 14.10 14.05 13.96 14.05 14.04 14.00 13.91 13.88 13.76 13.44 13.62 13.16 13.13 13.16 13.54 13.66 13.75 13.84 13.90 13.88 13.71 13.64 13.41 13.39 13.49 13.43
14.07 14.08 14.08 14.10 14.10 14.08 14.10 14.11 14.13 14.13 14.14 14.12 14.14 14.13 14.13 14.08 14.10 14.12 13.84 14.06 14.11 14.10 14.11 14.12 14.13 14.12 14.12 14.12 14.11 14.10 14.09 14.06 14.10 14.08 14.10 14.02 14.01 14.11 14.13 14.09 14.14 14.10 14.04 14.08 14.04 14.06 14.02 14.07 14.05 14.07 14.08 14.07 14.06 14.03 14.07 14.05 14.02 14.01 13.88 13.76 13.66 13.59 13.58 13.60 13.24 13.08 13.51 13.82 14.01 13.49 13.66 13.69 13.52 13.24 13.29 13.13 12.82
14.09 14.07 14.07 14.09 14.09 14.07 14.06 14.08 14.08 14.10 14.07 14.11 14.10 14.10 14.11 14.10 14.07 14.09 14.09 14.08 14.00 14.06 14.08 14.09 14.11 14.10 14.09 14.07 14.07 14.09 14.08 14.07 14.08 14.05 14.09 14.08 14.07 14.06 14.05 14.06 14.03 13.99 13.92 14.05 14.02 14.05 14.05 14.05 14.04 14.04 14.05 14.05 14.05 14.04 14.01 14.01 13.93 13.81 13.76 13.78 13.69 13.41 13.54 13.14 12.86 13.13 13.28 13.80 13.77 13.61 13.48 13.36 12.94 13.06 12.84 12.89 12.52
14.06 14.06 14.05 14.07 14.04 14.07 14.04 14.05 14.03 14.07 14.02 14.05 14.03 13.98 14.04 14.08 14.07 14.06 14.10 14.07 14.04 13.86 14.01 13.93 14.06 14.06 14.08 14.03 14.06 14.08 14.08 14.08 14.05 14.05 14.04 14.04 14.04 13.98 13.97 14.05 14.05 14.05 14.03 13.98 13.98 14.02 14.02 14.02 14.01 13.99 13.98 13.97 13.93 13.87 13.94 13.92 13.92 13.73 13.47 13.68 13.56 13.42 12.90 12.95 12.80 12.93 13.42 13.64 13.67 13.46 13.04 12.99 12.78 12.56 12.63 12.62 12.59
14.04 14.03 14.02 14.01 14.03 14.04 14.02 14.02 14.03 14.05 14.02 14.03 14.04 14.05 14.07 13.94 13.97 14.04 14.07 14.03 14.00 13.84 13.77 14.03 13.90 14.04 14.06 14.03 14.05 14.02 14.05 14.02 13.98 13.99 14.01 14.00 13.97 14.02 14.00 14.02 14.02 14.07 13.93 13.97 14.01 14.00 13.99 14.00 13.86 13.92 13.92 13.87 13.92 13.72 13.73 13.80 13.78 13.55 13.70 13.37 13.18 13.26 13.09 12.80 12.93 12.63 12.73 13.39 13.53 13.83 13.29 12.49 12.92 12.63 12.57 12.86 12.57
13.95 13.99 13.99 14.03 14.01 14.01 14.02 13.98 13.95 14.00 13.99 14.01 14.03 14.05 13.99 13.93 14.00 14.03 13.91 13.97 14.01 13.97 14.00 13.98 14.00 14.00 13.99 14.02 13.98 13.99 13.99 13.99 13.95 14.03 13.97 13.99 13.96 14.02 13.95 13.99 13.97 13.95 14.00 13.96 14.02 13.99 13.98 13.97 13.83 13.84 13.86 13.87 13.85 13.74 13.64 13.41 13.48 13.24 13.26 13.39 13.15 12.97 13.16 13.01 12.58 12.50 13.03 13.65 13.63 13.85 13.39 12.83 12.85 12.90 12.55 12.77 12.29
13.93 13.94 13.97 14.00 13.99 13.98 14.03 14.03 13.99 13.99 14.00 13.98 14.01 14.03 13.96 14.01 13.99 14.01 14.01 14.02 13.97 13.96 14.00 13.97 14.03 13.98 14.01 13.98 13.97 14.00 13.97 13.99 14.01 13.98 13.93 13.95 13.94 14.01 14.00 13.98 13.99 13.92 14.02 13.99 13.94 13.97 13.97 13.98 13.81 13.75 13.64 13.81 13.88 13.82 13.68 13.51 13.47 13.38 13.50 13.54 13.51 13.60 13.44 13.38 13.10 12.78 13.06 13.14 13.12 13.14 13.19 12.41 12.75 12.72 12.71 12.52 12.27
13.89 13.92 13.94 13.90 13.87 13.93 13.96 13.97 13.98 13.99 13.99 13.99 13.95 13.98 13.98 13.98 13.99 13.96 13.95 14.00 14.00 13.95 13.99 13.77 13.94 13.95 13.93 13.95 13.95 13.95 13.98 13.96 13.97 13.98 13.98 13.94 13.89 13.97 13.98 13.96 13.95 14.01 14.01 14.00 14.00 13.94 13.99 13.93 13.74 13.72 13.78 13.88 13.72 13.59 13.45 13.59 13.58 13.53 13.50 13.51 13.52 13.36 13.20 13.28 12.90 12.92 12.78 12.86 12.94 12.93 12.72 12.36 12.59 12.87 12.53 12.72 12.67
13.91 13.91 13.89 13.91 13.91 13.93 13.93 13.93 13.97 13.95 13.94 13.94 13.97 13.96 13.97 13.99 13.97 13.93 13.90 13.93 13.95 13.93 13.94 13.95 13.91 13.96 13.91 13.85 13.90 13.91 13.95 13.96 13.95 13.95 13.92 13.97 13.94 13.93 13.91 13.87 13.91 13.96 13.94 13.95 13.93 13.94 13.92 13.78 13.57 13.80 13.75 13.70 13.63 13.49 13.55 13.50 13.41 13.41 13.53 13.64 13.44 13.10 12.94 13.19 12.95 12.89 13.12 13.00 13.16 12.12 12.67 12.41 12.95 12.74 12.95 12.81 12.87
13.88 13.88 13.89 13.89 13.83 13.84 13.88 13.90 13.92 13.91 13.95 13.92 13.93 13.93 13.96 13.96 13.91 13.91 13.89 13.90 13.91 13.92 13.93 13.90 13.92 13.94 13.90 13.86 13.88 13.94 13.91 13.95 13.93 13.94 13.92 13.93 13.92 13.91 13.92 13.91 13.96 13.86 13.87 13.87 13.88 13.72 13.81 13.80 13.52 13.59 13.76 13.62 13.65 13.28 13.26 13.62 13.46 13.48 13.20 13.34 13.40 13.17 12.61 13.23 13.46 13.02 12.55 11.87 12.23 12.01 12.67 12.79 12.72 12.78 12.77 12.73 12.68
13.88 13.88 13.88 13.86 13.80 13.73 13.85 13.89 13.91 13.92 13.93 13.93 13.90 13.93 13.93 13.94 13.94 13.91 13.86 13.90 13.90 13.89 13.91 13.91 13.90 13.89 13.91 13.86 13.85 13.84 13.89 13.91 13.90 13.92 13.90 13.92 13.92 13.89 13.86 13.93 13.92 13.86 13.86 13.75 13.56 13.62 13.74 13.67 13.47 13.69 13.47 13.55 13.26 13.39 13.44 13.25 13.23 13.00 12.85 13.37 13.24 12.63 12.20 12.68 12.80 12.48 12.57 12.19 11.28 11.71 12.52 12.89 12.49 12.68 12.60 12.39 12.09
13.86 13.90 13.87 13.85 13.79 13.79 13.84 13.87 13.87 13.90 13.90 13.91 13.92 13.91 13.90 13.90 13.91 13.52 13.87 13.88 13.66 13.79 13.90 13.89 13.84 13.86 13.82 13.84 13.74 13.87 13.91 13.88 13.89 13.90 13.91 13.88 13.83 13.87 13.82 13.87 13.90 13.84 13.75 13.57 13.72 13.70 13.65 13.52 13.59 13.62 13.45 13.48 13.39 13.19 13.50 13.31 12.98 12.66 12.74 12.86 12.86 12.04 12.10 12.08 12.10 11.82 11.37 12.23 11.92 11.77 11.68 12.48 12.57 12.89 13.12 12.84 11.60
13.84 13.85 13.84 13.82 13.86 13.83 13.80 13.76 13.78 13.86 13.82 13.89 13.89 13.89 13.89 13.85 13.85 13.83 13.86 13.85 13.46 13.44 13.81 13.88 13.51 13.44 13.84 13.84 13.77 13.83 13.84 13.84 13.89 13.89 13.87 13.87 13.84 13.79 13.88 13.85 13.85 13.85 13.82 13.74 13.74 13.61 13.67 13.69 13.68 13.72 13.25 13.26 13.04 13.04 13.09 13.08 12.85 12.76 12.62 12.57 12.58 12.42 12.09 11.56 12.10 12.15 12.12 12.04 12.44 12.49 12.70 12.20 12.14 12.38 12.06 12.45 11.20
13.76 13.81 13.85 13.80 13.86 13.79 13.81 13.76 13.86 13.82 13.82 13.84 13.86 13.88 13.85 13.87 13.81 13.83 13.83 13.83 13.77 13.30 13.81 13.86 13.85 13.80 13.83 13.85 13.82 13.81 13.81 13.62 13.79 13.81 13.83 13.83 13.81 13.82 13.78 13.81 13.80 13.83 13.78 13.70 13.70 13.61 13.44 13.37 13.39 13.52 13.41 12.95 12.93 12.97 13.04 13.09 12.83 12.98 12.66 12.48 12.32 12.14 11.82 12.08 12.17 12.09 11.97 12.01 12.01 12.47 12.61 12.26 12.30 12.42 12.20 12.36 12.16
13.77 13.77 13.81 13.80 13.81 13.82 13.76 13.85 13.84 13.81 13.77 13.79 13.83 13.84 13.83 13.82 13.83 13.79 13.82 13.73 13.78 13.76 13.53 13.83 13.79 13.72 13.79 13.71 13.76 13.78 13.81 13.77 13.79 13.83 13.76 13.73 13.77 13.82 13.82 13.80 13.77 13.74 13.71 13.50 13.63 13.70 13.25 13.21 13.32 13.52 13.09 12.77 12.64 12.58 12.84 13.10 13.34 13.23 12.82 12.46 11.84 11.85 12.01 11.96 12.26 12.20 11.88 11.67 11.87 11.80 12.02 11.99 12.30 12.33 12.28 11.86 11.89
13.77 13.77 13.80 13.82 13.76 13.80 13.80 13.77 13.74 13.76 13.78 13.76 13.77 13.82 13.82 13.80 13.75 13.72 13.75 13.65 13.76 13.78 13.82 13.82 13.78 13.80 13.72 13.70 13.70 13.78 13.76 13.76 13.74 13.76 13.73 13.76 13.76 13.78 13.77 13.78 13.74 13.63 13.44 13.20 13.20 13.32 13.38 13.53 13.36 13.35 13.37 12.28 12.26 12.04 12.43 12.68 12.70 12.67 12.46 12.35 11.92 11.67 11.66 11.84 12.18 12.17 12.09 11.81 11.31 11.35 11.34 11.36 10.98 11.01 10.41 9.99 10.16
13.75 13.76 13.76 13.75 13.73 13.69 13.71 13.73 13.76 13.75 13.75 13.77 13.78 13.77 13.79 13.74 13.76 13.75 13.77 13.65 13.40 13.77 13.81 13.78 13.77 13.75 13.74 13.77 13.65 13.62 13.67 13.79 13.76 13.79 13.74 13.74 13.78 13.77 13.77 13.76 13.74 13.53 13.41 13.15 13.26 13.20 13.29 13.09 13.11 12.92 12.96 12.79 12.56 12.17 12.21 12.23 11.85 12.11 11.96 11.93 11.94 11.63 11.59 11.83 11.84 11.71 11.81 11.66 11.33 10.96 10.56 10.78 10.77 10.37 10.19 9.80 9.74
13.72 13.74 13.75 13.72 13.71 13.60 13.69 13.74 13.73 13.70 13.70 13.71 13.75 13.73 13.71 13.74 13.74 13.74 13.70 13.72 13.63 13.74 13.74 13.63 13.71 13.74 13.76 13.72 13.66 13.50 13.38 13.74 13.77 13.77 13.74 13.79 13.76 13.73 13.70 13.68 13.67 13.29 13.29 13.12 12.97 13.08 13.20 13.42 12.95 12.33 12.28 12.40 12.29 12.14 12.05 12.18 11.75 11.95 11.91 12.56 12.28 12.04 11.44 11.53 11.41 11.62 11.62 11.73 11.34 11.24 10.99 10.77 10.40 10.69 10.50 10.16 9.68
13.70 13.71 13.73 13.70 13.65 13.67 13.70 13.70 13.70 13.71 13.71 13.70 13.72 13.71 13.71 13.69 13.69 13.71 13.66 13.68 13.73 13.71 13.69 13.71 13.73 13.72 13.69 13.48 13.56 13.59 13.54 13.72 13.75 13.67 13.71 13.72 13.73 13.71 13.73 13.75 13.72 13.66 13.65 13.49 13.22 13.11 13.17 12.93 12.89 12.51 12.09 12.10 12.06 12.01 12.25 12.05 11.70 11.60 12.12 12.71 12.25 11.98 11.30 10.79 11.20 11.72 11.76 11.84 11.98 12.01 11.15 10.50 10.66 11.38 10.78 10.65 10.31
13.67 13.67 13.69 13.68 13.70 13.68 13.68 13.70 13.68 13.72 13.72 13.71 13.71 13.71 13.70 13.68 13.67 13.67 13.57 13.53 13.60 13.65 13.66 13.70 13.72 13.72 13.69 13.46 13.36 13.23 13.69 13.63 13.69 13.73 13.76 13.73 13.73 13.71 13.73 13.74 13.71 13.65 13.59 13.31 13.24 13.27 13.09 12.93 12.77 13.01 12.86 12.81 12.50 12.35 12.64 12.60 12.34 12.08 11.89 11.72 11.51 11.18 11.20 10.82 11.10 11.67 12.05 12.31 12.11 11.87 11.33 11.13 11.60 11.50 11.15 10.86 10.98
