files/bom_datasets/05.15.18.txt
ncols 839
nrows 679
xllcenter 112.0500
yllcenter -43.9500
cellsize 0.0500
nodata_value 99999.90
[rows 34 to 67 of 679, columns 385 to 461 of 839]
21.74 21.65 21.65 21.57 21.57 21.88 21.88 21.88 21.81 21.81 21.86 21.80 21.80 21.80 21.80 21.80 21.80 21.80 21.80 21.80 21.72 21.72 21.72 21.72 21.72 21.72 21.88 21.90 21.82 21.77 21.86 21.89 21.85 21.83 21.87 21.90 21.90 21.87 21.85 21.85 21.83 21.85 21.86 21.86 21.84 21.84 21.85 21.84 21.84 21.82 21.82 21.82 21.82 21.82 21.82 21.82 21.82 21.82 21.80 21.80 21.80 21.80 21.79 21.79 21.49 21.49 21.49 21.49 21.49 21.50 21.50 21.50 21.50 21.50 21.50 21.38 21.38
21.74 21.74 21.65 21.65 21.57 21.57 21.88 21.88 21.88 21.81 21.80 21.80 21.80 21.80 21.80 21.80 21.80 21.80 21.80 21.72 21.72 21.72 21.72 21.72 21.72 21.72 21.62 21.62 21.72 21.80 21.83 21.79 21.86 21.87 21.86 21.89 21.89 21.87 21.86 21.86 21.83 21.85 21.86 21.86 21.84 21.84 21.85 21.84 21.84 21.84 21.81 21.81 21.81 21.78 21.82 21.82 21.82 21.82 21.80 21.80 21.80 21.80 21.79 21.79 21.49 21.49 21.49 21.49 21.49 21.50 21.50 21.50 21.50 21.50 21.38 21.38 21.38
21.78 21.74 21.74 21.65 21.65 21.57 21.57 21.88 21.88 21.35 21.24 21.80 21.80 21.80 21.80 21.80 21.80 21.80 21.80 21.72 21.72 21.72 21.72 21.72 21.72 21.62 21.62 21.62 21.09 21.51 21.69 21.80 21.85 21.85 21.87 21.87 21.84 21.87 21.87 21.88 21.88 21.87 21.87 21.84 21.84 21.84 21.85 21.84 21.82 21.82 21.63 21.63 21.78 21.79 21.82 21.82 21.82 21.80 21.80 21.80 21.80 21.79 21.79 21.79 21.49 21.49 21.49 21.49 21.49 21.50 21.50 21.50 21.50 21.50 21.38 21.38 21.38
21.78 21.78 21.74 21.74 21.65 21.65 21.57 21.35 21.35 21.35 21.24 21.50 21.43 21.30 21.59 21.59 21.59 21.59 21.59 21.30 21.72 21.72 21.72 21.39 21.39 21.39 21.39 20.94 20.94 21.34 21.59 21.82 21.83 21.83 21.85 21.85 21.83 21.83 21.80 21.82 21.82 21.83 21.83 21.83 21.82 21.84 21.82 21.82 21.82 21.76 21.77 21.78 21.78 21.79 21.82 21.82 21.82 21.80 21.80 21.80 21.79 21.79 21.79 21.64 21.65 21.49 21.49 21.49 21.49 21.50 21.50 21.50 21.50 21.38 21.38 21.38 21.38
21.64 21.64 21.64 21.64 21.64 21.64 21.64 21.35 21.35 21.35 21.24 21.50 21.43 21.30 21.30 21.59 21.59 21.59 21.59 21.30 21.48 21.48 21.48 21.39 21.39 21.39 21.39 21.39 21.44 21.78 21.78 21.77 21.77 21.81 21.82 21.84 21.78 21.77 21.79 21.78 21.78 21.78 21.80 21.81 21.82 21.83 21.82 21.83 21.81 21.75 21.74 21.76 21.76 21.79 21.75 21.75 21.80 21.80 21.80 21.80 21.79 21.79 21.79 21.64 21.65 21.72 21.49 21.49 21.49 21.50 21.50 21.50 21.38 21.38 21.38 21.38 21.38
21.64 21.64 21.64 21.64 21.64 21.64 21.64 21.35 21.35 21.35 21.24 21.50 21.43 21.30 21.30 21.59 21.59 21.59 21.59 21.30 21.48 21.48 21.48 21.48 21.55 21.55 21.55 21.55 21.70 21.71 21.73 21.78 21.74 21.78 21.83 21.84 21.78 21.72 21.73 21.73 21.73 21.75 21.73 21.77 21.79 21.81 21.81 21.81 21.78 21.74 21.77 21.80 21.81 21.80 21.78 21.76 21.78 21.78 21.78 21.80 21.79 21.79 21.76 21.64 21.65 21.64 21.72 21.49 21.49 21.50 21.50 21.50 21.38 21.38 21.38 21.38 21.38
21.64 21.64 21.64 21.64 21.64 21.64 21.35 21.35 21.35 21.35 21.24 21.50 21.43 21.30 21.30 21.59 21.59 21.59 21.59 21.30 21.21 21.48 21.48 21.48 21.48 21.39 21.39 21.39 21.25 21.33 21.54 21.74 21.75 21.76 21.76 21.72 21.67 21.70 21.74 21.75 21.73 21.73 21.72 21.77 21.78 21.79 21.79 21.80 21.75 21.77 21.77 21.79 21.80 21.79 21.78 21.78 21.77 21.79 21.79 21.80 21.79 21.79 21.76 21.64 21.65 21.64 21.72 21.72 21.62 21.54 21.54 21.41 21.38 21.38 21.38 21.38 21.38
21.64 21.64 21.64 21.64 21.64 21.23 21.35 21.35 21.35 21.35 21.24 21.50 21.43 21.30 21.30 21.39 21.59 21.59 21.59 21.30 21.21 21.28 21.48 21.48 21.48 21.04 21.41 21.39 21.30 21.65 21.69 21.74 21.76 21.76 21.67 21.61 21.67 21.64 21.73 21.71 21.70 21.64 21.66 21.67 21.74 21.76 21.78 21.76 21.76 21.75 21.80 21.80 21.80 21.78 21.77 21.77 21.77 21.77 21.78 21.79 21.79 21.78 21.76 21.64 21.65 21.64 21.58 21.64 21.55 21.57 21.41 21.41 21.38 21.38 21.38 21.35 21.35
21.64 21.64 21.64 21.64 21.23 21.53 21.51 21.35 21.35 21.35 21.24 21.50 21.43 21.30 21.30 21.39 21.59 21.59 21.59 21.30 21.21 21.40 21.28 21.48 21.48 21.04 21.41 21.42 21.30 21.34 21.54 21.66 21.68 21.66 21.61 21.58 21.62 21.62 21.62 21.68 21.68 21.63 21.57 21.67 21.71 21.74 21.74 21.73 21.72 21.75 21.78 21.79 21.78 21.77 21.76 21.75 21.71 21.70 21.70 21.76 21.77 21.77 21.76 21.74 21.74 21.66 21.68 21.75 21.76 21.75 21.13 21.28 21.38 21.35 21.35 21.35 21.55
21.66 21.66 21.66 21.23 21.23 21.53 21.51 21.35 21.35 21.35 21.24 21.50 21.43 21.30 21.30 21.39 21.39 21.59 21.59 21.30 21.21 21.40 21.28 21.28 21.65 21.56 21.59 21.58 21.51 21.37 21.36 21.52 21.58 21.53 21.53 21.55 21.56 21.56 21.55 21.56 21.60 21.57 21.59 21.66 21.67 21.68 21.70 21.72 21.70 21.77 21.74 21.75 21.75 21.75 21.74 21.67 21.45 21.67 21.50 21.61 21.74 21.74 21.74 21.73 21.71 21.65 21.68 21.74 21.76 21.76 21.37 21.05 21.19 21.35 21.35 21.55 21.72
21.57 21.57 21.23 21.23 21.55 21.53 21.51 21.33 21.35 21.35 21.24 21.50 21.43 21.30 21.30 21.39 21.39 21.59 21.59 21.30 21.21 21.40 21.40 21.01 21.50 21.44 21.55 21.58 21.61 21.45 21.37 21.40 21.31 21.23 21.36 21.48 21.50 21.58 21.60 21.65 21.63 21.65 21.66 21.65 21.62 21.65 21.63 21.65 21.71 21.75 21.70 21.73 21.74 21.75 21.75 21.73 21.73 21.72 21.69 21.56 21.71 21.73 21.74 21.73 21.73 21.70 21.71 21.66 21.73 21.74 21.73 21.67 21.71 21.72 21.55 21.55 21.72
21.44 21.35 21.23 21.23 21.55 21.53 21.51 21.33 21.35 21.35 21.24 21.50 21.43 21.30 21.30 21.39 21.39 21.53 21.56 21.14 21.44 21.56 21.56 21.01 21.38 21.48 21.54 21.58 21.57 21.56 21.49 21.37 21.39 21.32 21.33 21.36 21.48 21.49 21.60 21.63 21.60 21.61 21.62 21.57 21.57 21.60 21.59 21.66 21.70 21.68 21.71 21.73 21.73 21.73 21.73 21.71 21.70 21.71 21.68 21.51 21.62 21.71 21.70 21.72 21.71 21.71 21.71 21.70 21.71 21.72 21.71 21.71 21.72 21.72 21.62 21.46 21.72
21.50 21.45 21.43 21.53 21.55 21.53 21.51 21.33 21.30 21.20 21.40 21.54 21.44 21.36 21.07 21.20 21.37 21.63 21.38 21.17 21.49 21.48 21.48 21.35 21.33 21.41 21.42 21.52 21.50 21.47 21.42 21.41 21.41 21.35 21.37 21.45 21.54 21.55 21.54 21.53 21.57 21.53 21.58 21.57 21.60 21.60 21.58 21.61 21.61 21.64 21.69 21.71 21.71 21.72 21.71 21.70 21.68 21.69 21.66 21.64 21.66 21.69 21.70 21.69 21.68 21.69 21.70 21.70 21.69 21.70 21.70 21.69 21.70 21.69 21.61 21.67 21.71
21.51 21.38 21.51 21.52 21.57 21.51 21.49 21.40 21.36 21.23 21.47 21.56 21.46 21.34 21.35 21.42 21.45 21.46 21.53 21.33 21.48 21.52 21.22 21.41 21.49 21.49 21.40 21.43 21.39 21.37 21.39 21.37 21.31 21.31 21.37 21.54 21.54 21.49 21.42 21.34 21.46 21.48 21.53 21.55 21.61 21.64 21.60 21.59 21.58 21.63 21.67 21.69 21.71 21.70 21.69 21.69 21.68 21.66 21.63 21.66 21.65 21.69 21.68 21.67 21.67 21.66 21.66 21.66 21.68 21.68 21.69 21.67 21.67 21.69 21.68 21.69 21.69
21.45 21.48 21.50 21.45 21.53 21.44 21.44 21.43 21.28 21.26 21.47 21.55 21.59 21.55 21.41 21.39 21.42 21.50 21.50 21.55 21.57 21.57 21.32 21.38 21.51 21.49 21.48 21.42 21.37 21.32 21.33 21.38 21.34 21.43 21.38 21.47 21.42 21.30 21.17 21.29 21.32 21.39 21.43 21.45 21.52 21.57 21.60 21.55 21.57 21.58 21.62 21.64 21.69 21.68 21.68 21.68 21.67 21.66 21.65 21.63 21.66 21.67 21.67 21.67 21.67 21.64 21.64 21.64 21.64 21.61 21.64 21.64 21.63 21.63 21.63 21.64 21.67
21.42 21.44 21.45 21.39 21.52 21.52 21.48 21.38 21.38 21.33 21.43 21.50 21.55 21.55 21.50 21.34 21.35 21.49 21.51 21.49 21.50 21.50 21.34 21.35 21.51 21.47 21.46 21.44 21.40 21.35 21.24 21.28 21.38 21.47 21.39 21.24 21.24 21.35 21.37 21.25 21.28 21.33 21.36 21.46 21.46 21.48 21.49 21.54 21.58 21.57 21.56 21.58 21.60 21.65 21.67 21.67 21.66 21.65 21.65 21.62 21.60 21.64 21.65 21.64 21.65 21.64 21.61 21.62 21.62 21.62 21.60 21.61 21.60 21.56 21.61 21.63 21.63
21.47 21.38 21.36 21.41 21.54 21.48 21.46 21.39 21.33 21.36 21.40 21.38 21.50 21.54 21.54 21.43 21.43 21.50 21.52 21.48 21.46 21.47 21.41 21.31 21.44 21.45 21.47 21.46 21.37 21.37 21.32 21.18 21.24 21.37 21.36 21.27 21.39 21.41 21.38 21.33 21.31 21.25 21.34 21.35 21.41 21.36 21.42 21.52 21.59 21.57 21.51 21.53 21.58 21.60 21.65 21.65 21.64 21.64 21.64 21.63 21.62 21.62 21.63 21.63 21.62 21.61 21.60 21.60 21.60 21.61 21.61 21.62 21.58 21.54 21.57 21.59 21.60
21.49 21.38 21.39 21.42 21.52 21.47 21.47 21.46 21.38 21.29 21.39 21.43 21.42 21.51 21.48 21.50 21.53 21.57 21.50 21.48 21.45 21.47 21.47 21.40 21.46 21.45 21.44 21.49 21.41 21.39 21.34 21.22 21.12 21.22 21.32 21.34 21.35 21.22 21.15 21.20 21.34 21.36 21.33 21.30 21.28 21.33 21.37 21.41 21.52 21.58 21.53 21.52 21.56 21.58 21.59 21.63 21.63 21.63 21.64 21.64 21.61 21.60 21.61 21.61 21.59 21.62 21.62 21.61 21.59 21.59 21.59 21.59 21.56 21.52 21.56 21.57 21.58
21.40 21.41 21.41 21.43 21.53 21.46 21.46 21.50 21.46 21.45 21.35 21.45 21.45 21.37 21.54 21.50 21.51 21.53 21.51 21.50 21.46 21.48 21.43 21.36 21.33 21.39 21.39 21.44 21.40 21.43 21.34 21.24 21.18 21.18 21.20 21.32 21.42 21.30 21.15 21.19 21.17 21.21 21.19 21.19 21.17 21.17 21.29 21.37 21.41 21.49 21.55 21.54 21.50 21.53 21.57 21.60 21.61 21.61 21.61 21.63 21.62 21.61 21.60 21.59 21.60 21.61 21.61 21.60 21.60 21.54 21.53 21.56 21.54 21.48 21.55 21.56 21.57
21.32 21.30 21.38 21.41 21.49 21.44 21.44 21.46 21.51 21.51 21.41 21.33 21.44 21.42 21.45 21.48 21.46 21.49 21.52 21.51 21.49 21.47 21.45 21.40 21.31 21.33 21.33 21.34 21.35 21.32 21.25 21.18 21.18 21.16 21.10 21.21 21.27 21.30 21.31 21.32 21.24 21.19 21.22 21.19 21.19 21.18 21.24 21.26 21.30 21.38 21.42 21.54 21.51 21.53 21.48 21.55 21.57 21.61 21.58 21.60 21.59 21.58 21.57 21.58 21.58 21.59 21.59 21.59 21.59 21.56 21.54 21.57 21.57 21.54 21.53 21.53 21.55
21.26 21.35 21.35 21.37 21.45 21.36 21.29 21.28 21.39 21.42 21.47 21.41 21.36 21.48 21.45 21.47 21.50 21.51 21.51 21.50 21.50 21.49 21.47 21.41 21.30 21.26 21.35 21.31 21.28 21.25 21.21 21.20 21.22 21.23 21.16 21.14 21.21 21.29 21.31 21.34 21.30 21.31 21.27 21.31 21.26 21.22 21.25 21.20 21.26 21.25 21.32 21.46 21.52 21.54 21.51 21.48 21.54 21.56 21.58 21.57 21.56 21.56 21.55 21.55 21.55 21.56 21.56 21.57 21.57 21.57 21.55 21.55 21.56 21.55 21.54 21.56 21.56
21.43 21.42 21.38 21.37 21.33 21.34 21.30 21.27 21.31 21.38 21.40 21.41 21.41 21.50 21.48 21.47 21.45 21.48 21.47 21.50 21.49 21.47 21.46 21.41 21.28 21.27 21.31 21.36 21.29 21.24 21.21 21.21 21.25 21.15 21.19 21.23 21.29 21.34 21.30 21.29 21.33 21.28 21.32 21.30 21.26 21.29 21.30 21.29 21.30 21.22 21.31 21.37 21.41 21.51 21.53 21.50 21.51 21.54 21.55 21.54 21.53 21.53 21.55 21.54 21.55 21.54 21.53 21.54 21.56 21.55 21.56 21.55 21.55 21.56 21.56 21.55 21.55
21.42 21.38 21.44 21.37 21.36 21.32 21.20 21.36 21.26 21.32 21.38 21.36 21.40 21.47 21.44 21.40 21.43 21.43 21.42 21.47 21.45 21.45 21.45 21.37 21.30 21.24 21.35 21.41 21.29 21.24 21.19 21.22 21.18 21.07 21.23 21.26 21.29 21.27 21.23 21.17 21.18 21.27 21.31 21.29 21.31 21.31 21.38 21.40 21.38 21.28 21.31 21.38 21.48 21.46 21.51 21.50 21.49 21.51 21.51 21.53 21.52 21.52 21.52 21.52 21.52 21.53 21.52 21.51 21.53 21.53 21.54 21.53 21.54 21.54 21.54 21.54 21.55
21.40 21.41 21.43 21.42 21.43 21.30 21.31 21.27 21.26 21.35 21.35 21.28 21.39 21.37 21.45 21.36 21.37 21.40 21.40 21.43 21.45 21.47 21.44 21.34 21.37 21.37 21.42 21.42 21.33 21.26 21.18 21.14 21.08 21.14 21.18 21.19 21.24 21.23 21.28 21.18 21.20 21.21 21.19 21.27 21.29 21.28 21.32 21.34 21.33 21.37 21.33 21.12 21.48 21.50 21.50 21.49 21.47 21.49 21.48 21.47 21.48 21.50 21.52 21.51 21.50 21.50 21.47 21.49 21.49 21.51 21.52 21.52 21.52 21.51 21.52 21.52 21.53
21.43 21.39 21.43 21.40 21.35 21.30 21.30 21.33 21.36 21.36 21.30 21.28 21.35 21.33 21.38 21.32 21.34 21.39 21.40 21.35 21.36 21.42 21.42 21.43 21.41 21.41 21.45 21.42 21.36 21.30 21.21 21.14 21.15 21.19 21.17 21.22 21.21 21.19 21.21 21.22 21.26 21.23 21.25 21.36 21.31 21.32 21.32 21.27 21.25 21.29 21.40 21.33 21.17 21.48 21.48 21.46 21.46 21.46 21.45 21.45 21.46 21.46 21.48 21.48 21.47 21.46 21.46 21.45 21.46 21.48 21.49 21.49 21.49 21.50 21.49 21.49 21.49
21.32 21.37 21.38 21.39 21.37 21.32 21.25 21.32 21.33 21.41 21.24 21.24 21.35 21.28 21.31 21.30 21.36 21.40 21.39 21.37 21.33 21.33 21.37 21.41 21.40 21.42 21.40 21.37 21.36 21.30 21.25 21.20 21.23 21.20 21.16 21.17 21.08 21.07 21.15 21.22 21.27 21.25 21.21 21.25 21.29 21.30 21.31 21.22 21.22 21.20 21.28 21.31 21.30 21.42 21.44 21.46 21.45 21.45 21.45 21.44 21.44 21.45 21.45 21.44 21.45 21.44 21.45 21.46 21.45 21.46 21.46 21.48 21.47 21.48 21.48 21.47 21.47
21.30 21.34 21.36 21.36 21.40 21.31 21.26 21.26 21.35 21.32 21.27 21.19 21.19 21.26 21.22 21.23 21.27 21.37 21.35 21.26 21.32 21.32 21.32 21.37 21.37 21.40 21.41 21.40 21.37 21.32 21.26 21.22 21.31 21.16 21.08 21.12 21.00 20.98 21.09 21.16 21.17 21.23 21.16 21.18 21.20 21.27 21.31 21.22 21.24 21.21 21.18 21.29 21.33 21.39 21.41 21.44 21.44 21.44 21.42 21.43 21.42 21.42 21.42 21.44 21.42 21.42 21.44 21.44 21.45 21.45 21.45 21.45 21.46 21.45 21.45 21.45 21.43
21.25 21.31 21.33 21.33 21.33 21.32 21.27 21.28 21.30 21.31 21.27 21.23 21.21 21.17 21.11 21.14 21.14 21.27 21.21 21.23 21.26 21.32 21.29 21.29 21.33 21.38 21.39 21.38 21.37 21.39 21.30 21.27 21.27 21.18 21.16 21.12 20.97 20.98 21.03 21.08 21.20 21.20 21.24 21.25 21.23 21.20 21.27 21.30 21.29 21.27 21.21 21.12 21.36 21.35 21.39 21.41 21.41 21.40 21.41 21.41 21.41 21.41 21.41 21.39 21.39 21.41 21.42 21.42 21.42 21.42 21.43 21.42 21.42 21.43 21.42 21.43 21.43
21.22 21.23 21.29 21.30 21.22 21.26 21.24 21.19 21.22 21.26 21.29 21.21 21.19 21.14 21.06 21.05 21.07 21.16 21.21 21.19 21.29 21.26 21.27 21.28 21.31 21.32 21.34 21.35 21.35 21.37 21.33 21.35 21.34 21.27 21.32 21.33 21.17 21.12 21.12 21.13 21.19 21.24 21.25 21.32 21.33 21.27 21.32 21.30 21.25 21.28 21.30 21.34 21.36 21.35 21.38 21.39 21.37 21.41 21.40 21.40 21.41 21.41 21.38 21.37 21.37 21.39 21.40 21.40 21.40 21.41 21.41 21.41 21.40 21.41 21.40 21.41 21.41
21.26 21.22 21.25 21.28 21.24 21.18 21.19 21.20 21.20 21.24 21.29 21.17 21.17 21.16 21.17 21.13 21.08 21.15 21.19 21.24 21.28 21.23 21.26 21.27 21.26 21.27 21.32 21.34 21.29 21.31 21.27 21.35 21.38 21.34 21.33 21.33 21.35 21.29 21.24 21.10 21.09 21.22 21.32 21.38 21.37 21.39 21.32 21.28 21.32 21.34 21.36 21.35 21.36 21.34 21.32 21.38 21.38 21.37 21.39 21.39 21.40 21.37 21.36 21.36 21.35 21.36 21.37 21.39 21.38 21.40 21.39 21.35 21.39 21.38 21.39 21.40 21.41
21.12 21.17 21.23 21.23 21.23 21.27 21.21 21.18 21.10 21.22 21.19 21.17 21.16 21.21 21.18 21.12 21.11 21.16 21.18 21.26 21.27 21.23 21.23 21.24 21.27 21.32 21.26 21.26 21.27 21.31 21.32 21.34 21.34 21.35 21.31 21.30 21.32 21.37 21.33 21.27 21.10 21.16 21.24 21.34 21.38 21.38 21.36 21.36 21.34 21.32 21.34 21.35 21.34 21.33 21.33 21.31 21.37 21.38 21.38 21.38 21.37 21.37 21.37 21.35 21.34 21.34 21.34 21.36 21.37 21.37 21.33 21.32 21.35 21.38 21.37 21.39 21.40
21.10 21.13 21.16 21.22 21.21 21.26 21.23 21.26 21.20 21.11 21.07 21.14 21.24 21.25 21.10 21.18 21.21 21.05 21.09 21.19 21.21 21.20 21.22 21.28 21.35 21.31 21.33 21.32 21.31 21.24 21.26 21.29 21.32 21.33 21.34 21.35 21.34 21.35 21.38 21.36 21.32 21.16 21.24 21.30 21.34 21.34 21.33 21.32 21.31 21.25 21.32 21.33 21.31 21.30 21.30 21.29 21.34 21.34 21.33 21.34 21.34 21.34 21.35 21.35 21.34 21.34 21.32 21.33 21.35 21.36 21.34 21.32 21.35 21.36 21.36 21.36 21.37
21.17 21.19 21.17 21.16 21.13 21.19 21.18 21.22 21.20 21.18 21.18 21.19 21.17 21.13 21.09 21.07 21.12 21.11 21.08 21.16 21.10 21.12 21.27 21.28 21.28 21.30 21.33 21.31 21.33 21.33 21.31 21.30 21.30 21.34 21.33 21.33 21.34 21.34 21.34 21.35 21.35 21.35 21.32 21.32 21.31 21.31 21.31 21.31 21.28 21.27 21.29 21.31 21.25 21.20 21.27 21.26 21.30 21.25 21.28 21.27 21.31 21.32 21.32 21.33 21.33 21.33 21.32 21.32 21.32 21.33 21.34 21.33 21.34 21.34 21.34 21.34 21.34
21.19 21.19 21.24 21.19 21.01 21.09 21.07 21.16 21.19 21.19 21.22 21.13 21.16 21.19 21.23 21.18 21.09 21.08 21.15 21.13 21.10 21.06 21.20 21.24 21.25 21.28 21.29 21.28 21.29 21.31 21.28 21.28 21.28 21.30 21.32 21.31 21.30 21.30 21.32 21.33 21.35 21.33 21.32 21.30 21.29 21.30 21.29 21.30 21.30 21.29 21.30 21.30 21.27 21.22 21.18 21.23 21.29 21.25 21.28 21.29 21.29 21.31 21.31 21.31 21.32 21.32 21.32 21.31 21.30 21.26 21.32 21.32 21.32 21.33 21.32 21.33 21.32
