files/bom_datasets/05.10.18.txt
ncols 839
nrows 679
xllcenter 112.0500
yllcenter -43.9500
cellsize 0.0500
nodata_value 99999.90
[rows 204 to 237 of 679, columns 77 to 153 of 839]
15.91 99999.90 99999.90 99999.90 99999.90 18.72 18.75 18.75 18.84 18.84 18.84 18.84 18.84 18.84 18.84 18.84 18.84 18.84 18.84 18.84 18.84 18.79 18.79 18.79 18.79 18.79 18.79 18.79 18.79 18.82 18.74 18.74 18.74 18.74 18.70 18.74 19.00 19.00 19.01 19.01 19.01 19.01 19.01 19.02 19.02 19.02 18.90 18.97 19.06 18.99 19.03 18.98 18.98 18.98 18.93 18.79 18.95 18.99 18.92 19.03 19.03 18.97 18.73 18.95 18.90 19.00 19.02 18.77 18.83 18.80 18.76 18.78 18.79 18.87 18.95 18.93 18.91
15.91 99999.90 99999.90 18.56 18.56 18.56 18.56 18.56 18.56 18.84 18.84 18.84 18.84 18.84 18.84 18.84 18.84 18.84 18.84 18.84 18.84 18.79 18.79 18.79 18.79 18.79 18.79 18.79 18.82 18.82 18.74 18.74 18.74 18.74 18.74 18.70 18.74 19.00 19.00 19.01 19.01 19.01 19.01 19.02 19.02 19.02 18.90 18.97 19.06 18.99 19.03 19.07 18.98 18.98 18.93 18.79 18.95 18.99 18.92 18.92 19.07 19.03 18.70 18.98 18.89 18.93 18.93 18.77 18.80 18.80 18.77 18.78 18.83 18.88 18.88 18.93 18.88
15.91 18.14 18.14 18.14 18.14 18.14 18.14 18.14 18.14 18.56 18.84 18.84 18.84 18.84 18.84 18.84 18.84 18.84 18.84 18.84 18.84 18.79 18.79 18.79 18.79 18.79 18.79 18.79 18.82 18.82 18.63 18.74 18.74 18.74 18.74 18.70 18.70 18.74 19.00 19.00 19.01 19.01 19.01 19.01 19.02 19.02 18.90 18.97 19.06 18.99 19.03 19.07 18.98 18.98 18.93 18.79 18.95 18.99 18.97 18.99 19.08 19.06 19.10 18.87 18.90 18.93 18.93 18.90 18.79 18.67 18.74 18.71 18.72 18.78 18.85 18.86 18.86
17.27 17.27 17.27 17.27 17.27 17.27 18.14 18.14 18.14 18.56 18.75 18.84 18.84 18.84 18.84 18.84 18.84 18.84 18.84 18.84 18.84 18.79 18.79 18.79 18.79 18.79 18.79 18.82 18.82 18.48 18.63 18.74 18.74 18.74 18.74 18.70 18.70 18.74 18.74 19.00 19.00 19.01 19.01 19.01 19.02 19.02 18.90 18.97 19.06 18.99 19.03 19.07 19.06 19.05 19.06 19.02 19.00 18.93 18.92 19.04 19.07 19.07 19.07 18.74 18.51 18.93 18.89 18.94 18.84 18.75 18.66 18.60 18.59 18.73 18.86 18.82 18.81
17.27 17.27 17.27 17.27 17.27 17.27 18.14 18.14 18.14 18.56 18.56 18.75 18.84 18.84 18.84 18.84 18.84 18.84 18.84 18.84 18.84 18.79 18.79 18.79 18.79 18.79 18.79 18.82 18.82 18.48 18.63 18.74 18.74 18.74 18.74 18.70 18.70 18.70 18.74 18.74 19.00 19.00 19.01 19.01 19.06 19.09 19.04 19.06 19.03 19.06 19.03 19.04 19.03 18.99 18.97 19.00 18.95 18.90 18.89 18.98 18.96 18.98 18.86 18.54 18.02 18.63 18.87 18.98 18.90 18.87 18.72 18.57 18.48 18.64 18.83 18.82 18.79
17.27 17.27 17.27 17.27 17.27 17.27 17.27 18.14 18.14 18.14 18.56 18.56 18.75 18.84 18.84 18.84 18.84 18.84 18.84 18.84 18.74 18.79 18.79 18.79 18.79 18.79 18.82 18.82 18.82 18.48 18.63 18.74 18.74 18.74 18.74 18.67 18.70 18.70 18.74 18.74 18.74 19.00 19.00 19.04 19.02 19.05 19.02 19.03 19.00 19.01 19.01 19.02 19.00 18.99 18.91 18.93 18.94 18.85 18.85 18.91 18.94 18.87 18.77 18.79 18.59 18.61 18.87 18.90 18.85 18.72 18.56 18.59 18.43 18.45 18.65 18.81 18.76
17.27 17.27 17.27 17.27 17.27 17.27 17.27 18.14 18.14 18.14 18.56 18.56 18.75 18.75 18.84 18.84 18.84 18.84 18.84 18.84 18.74 18.79 18.79 18.79 18.79 18.79 18.82 18.82 18.48 18.48 18.63 18.63 18.74 18.74 18.74 18.67 18.70 18.70 18.70 18.74 18.74 18.74 18.81 19.02 19.00 19.01 18.96 18.93 18.94 18.99 18.98 18.96 19.00 18.97 18.93 18.86 18.82 18.80 18.80 18.88 18.94 18.82 18.75 18.72 18.73 18.80 18.80 18.83 18.73 18.56 18.36 18.48 18.38 18.44 18.56 18.71 18.68
17.27 17.27 17.27 17.27 17.27 17.27 17.27 18.14 18.14 18.14 18.56 18.56 18.56 18.75 18.75 18.84 18.84 18.84 18.84 18.84 18.74 18.74 18.79 18.79 18.79 18.82 18.82 18.82 18.48 18.48 18.63 18.63 18.74 18.74 18.74 18.67 18.60 18.70 18.70 18.74 18.74 18.53 18.86 18.97 18.98 18.96 18.94 18.97 18.95 18.97 18.94 18.95 18.93 18.89 18.87 18.81 18.81 18.79 18.77 18.77 18.83 18.76 18.69 18.70 18.73 18.71 18.66 18.72 18.72 18.63 18.38 18.46 18.40 18.47 18.53 18.65 18.65
17.27 17.27 17.27 17.27 17.27 17.27 17.27 18.14 18.14 18.14 18.14 18.56 18.56 18.72 18.75 18.75 18.84 18.84 18.84 18.84 18.74 18.74 18.79 18.79 18.79 18.82 18.82 18.08 18.48 18.48 18.63 18.63 17.82 18.74 18.74 18.67 18.60 18.70 18.70 18.19 18.82 18.94 18.98 18.98 18.97 18.95 18.93 18.94 18.93 18.92 18.89 18.84 18.89 18.81 18.75 18.71 18.73 18.71 18.73 18.75 18.77 18.75 18.69 18.70 18.69 18.63 18.60 18.61 18.56 18.62 18.44 18.48 18.51 18.50 18.47 18.55 18.58
17.27 17.27 17.27 17.27 17.27 17.27 17.27 17.88 18.14 18.14 18.14 18.56 18.56 18.56 18.72 18.75 18.75 18.74 18.74 18.71 18.74 18.74 18.82 18.82 18.83 18.82 18.82 18.08 18.48 18.48 18.63 18.63 17.82 18.74 18.74 18.67 18.60 18.66 18.74 18.25 18.88 18.94 18.96 18.95 18.96 18.94 18.92 18.88 18.89 18.84 18.84 18.75 18.84 18.82 18.72 18.71 18.67 18.63 18.66 18.72 18.77 18.69 18.65 18.56 18.52 18.58 18.66 18.61 18.58 18.48 18.54 18.60 18.53 18.54 18.48 18.45 18.41
17.27 17.27 17.27 17.27 17.27 17.27 17.27 17.88 18.14 18.14 18.14 18.21 18.56 18.56 18.72 18.72 18.68 18.72 18.71 18.71 18.69 18.67 18.76 18.76 18.81 18.86 18.54 18.08 18.48 18.48 18.63 18.63 17.82 18.29 18.81 18.57 18.27 18.64 18.79 18.82 18.87 18.92 18.91 18.88 18.88 18.88 18.88 18.89 18.86 18.85 18.85 18.84 18.85 18.86 18.84 18.79 18.77 18.71 18.76 18.70 18.78 18.78 18.67 18.60 18.57 18.63 18.65 18.65 18.77 18.57 18.67 18.65 18.58 18.58 18.48 18.48 18.43
16.20 17.27 17.27 17.27 17.27 17.27 17.27 17.88 17.99 18.14 18.14 18.21 18.56 18.56 18.69 18.79 18.61 18.60 18.62 18.68 18.57 18.63 18.73 18.81 18.73 18.72 18.78 18.66 18.61 18.42 18.41 18.55 18.33 18.66 18.73 18.69 18.75 18.70 18.72 18.82 18.89 18.89 18.88 18.84 18.83 18.89 18.86 18.88 18.87 18.84 18.80 18.78 18.81 18.81 18.79 18.75 18.69 18.68 18.71 18.67 18.64 18.65 18.55 18.58 18.60 18.60 18.58 18.63 18.72 18.44 18.56 18.66 18.70 18.52 18.51 18.45 18.43
16.20 16.20 17.27 17.27 17.27 17.27 17.27 17.88 17.99 18.14 18.14 18.21 18.30 18.44 18.50 18.57 18.62 18.61 18.50 18.49 18.55 18.57 18.68 18.63 18.64 18.71 18.74 18.65 18.48 18.62 18.70 18.66 18.79 18.76 18.76 18.70 18.71 18.71 18.73 18.80 18.74 18.81 18.82 18.82 18.80 18.81 18.83 18.82 18.81 18.83 18.80 18.79 18.78 18.78 18.74 18.71 18.59 18.66 18.70 18.74 18.67 18.64 18.69 18.56 18.60 18.57 18.53 18.59 18.65 18.50 18.55 18.63 18.71 18.55 18.52 18.52 18.58
15.76 16.20 16.20 16.52 17.27 17.27 17.27 17.88 17.99 18.04 18.03 18.28 18.26 18.31 18.30 18.39 18.54 18.64 18.41 18.28 18.47 18.56 18.60 18.60 18.56 18.60 18.60 18.59 18.46 18.60 18.57 18.63 18.67 18.68 18.75 18.69 18.65 18.73 18.75 18.76 18.64 18.75 18.76 18.78 18.78 18.77 18.74 18.79 18.79 18.77 18.77 18.72 18.63 18.59 18.66 18.68 18.58 18.60 18.66 18.65 18.67 18.73 18.69 18.56 18.54 18.54 18.56 18.52 18.53 18.55 18.60 18.66 18.61 18.53 18.61 18.56 18.54
15.76 16.20 16.20 16.20 16.52 17.06 17.06 17.51 17.65 17.82 18.08 18.05 18.13 18.13 18.18 18.32 18.59 18.57 18.55 18.49 18.57 18.50 18.41 18.46 18.50 18.50 18.54 18.44 18.48 18.47 18.52 18.58 18.58 18.63 18.64 18.58 18.72 18.72 18.70 18.75 18.77 18.70 18.66 18.64 18.68 18.73 18.68 18.71 18.76 18.74 18.71 18.67 18.58 18.54 18.61 18.53 18.63 18.62 18.61 18.60 18.61 18.63 18.65 18.59 18.58 18.54 18.52 18.55 18.56 18.54 18.61 18.57 18.51 18.54 18.55 18.51 18.53
15.76 15.76 16.20 16.20 16.52 16.52 17.15 17.29 17.61 17.43 17.60 17.90 18.08 18.14 18.22 18.40 18.55 18.57 18.47 18.30 18.27 18.35 18.56 18.57 18.56 18.56 18.64 18.52 18.45 18.39 18.46 18.52 18.53 18.55 18.63 18.66 18.68 18.67 18.54 18.60 18.66 18.54 18.55 18.62 18.58 18.55 18.58 18.64 18.77 18.75 18.76 18.64 18.54 18.50 18.49 18.53 18.55 18.57 18.59 18.56 18.59 18.59 18.53 18.54 18.51 18.54 18.51 18.54 18.52 18.55 18.54 18.57 18.51 18.54 18.52 18.46 18.52
15.76 15.76 16.20 16.20 16.32 16.46 16.66 17.03 17.41 17.54 17.60 17.58 17.79 17.98 18.22 18.39 18.37 18.35 18.34 18.27 18.27 18.28 18.36 18.46 18.59 18.58 18.59 18.43 18.48 18.41 18.46 18.40 18.28 18.44 18.54 18.57 18.63 18.59 18.58 18.55 18.62 18.56 18.53 18.58 18.55 18.53 18.55 18.61 18.68 18.69 18.71 18.70 18.68 18.59 18.43 18.37 18.60 18.54 18.49 18.50 18.51 18.56 18.50 18.48 18.49 18.50 18.51 18.47 18.58 18.51 18.49 18.51 18.49 18.47 18.49 18.48 18.44
15.76 15.76 16.12 16.27 15.99 16.11 16.55 16.83 17.00 17.24 17.59 17.67 17.34 17.43 17.77 18.14 18.24 18.26 18.17 18.06 17.95 18.19 18.23 18.27 18.47 18.49 18.49 18.41 18.54 18.43 18.32 18.43 18.50 18.53 18.56 18.51 18.54 18.50 18.61 18.63 18.58 18.43 18.46 18.52 18.49 18.49 18.52 18.62 18.67 18.68 18.74 18.74 18.78 18.69 18.45 18.37 18.54 18.51 18.50 18.47 18.45 18.49 18.44 18.45 18.44 18.58 18.56 18.59 18.60 18.50 18.45 18.48 18.44 18.48 18.50 18.50 18.47
16.02 16.07 16.08 16.32 16.11 16.06 16.32 16.69 16.97 16.94 17.31 17.33 17.22 17.21 17.54 17.75 17.98 18.19 18.25 17.74 17.85 17.97 18.08 18.13 18.39 18.43 18.43 18.28 18.24 18.32 18.42 18.46 18.52 18.50 18.45 18.48 18.49 18.47 18.56 18.47 18.51 18.43 18.33 18.39 18.35 18.38 18.38 18.41 18.56 18.58 18.60 18.60 18.49 18.37 18.40 18.48 18.47 18.44 18.46 18.55 18.53 18.51 18.46 18.46 18.52 18.53 18.52 18.53 18.54 18.48 18.45 18.46 18.39 18.47 18.45 18.45 18.43
16.12 16.34 16.30 16.28 15.98 16.01 16.09 16.77 16.88 16.93 16.94 17.05 17.20 17.38 17.38 17.30 17.12 17.44 17.79 17.82 17.68 17.68 17.90 18.00 18.04 18.24 18.35 18.33 18.35 18.34 18.30 18.28 18.32 18.40 18.37 18.33 18.27 18.38 18.44 18.53 18.44 18.45 18.34 18.34 18.32 18.26 18.39 18.46 18.43 18.52 18.56 18.59 18.46 18.39 18.39 18.50 18.53 18.53 18.49 18.48 18.46 18.46 18.52 18.57 18.61 18.63 18.58 18.56 18.49 18.48 18.44 18.39 18.32 18.34 18.33 18.32 18.40
16.76 16.85 16.74 16.37 15.98 16.07 15.88 16.23 16.60 16.88 17.16 17.31 17.24 17.10 17.23 17.62 17.40 16.97 16.63 17.57 17.80 17.48 17.69 17.92 17.95 18.18 18.32 18.20 18.13 18.24 18.34 18.27 18.29 18.39 18.28 18.34 18.36 18.34 18.44 18.55 18.41 18.42 18.43 18.39 18.44 18.46 18.49 18.53 18.52 18.45 18.48 18.51 18.33 18.38 18.32 18.44 18.41 18.55 18.54 18.52 18.45 18.49 18.51 18.54 18.53 18.58 18.61 18.56 18.50 18.47 18.46 18.52 18.36 18.30 18.29 18.27 18.47
17.57 17.40 17.01 16.46 16.20 16.10 16.30 16.33 16.38 16.59 16.54 17.14 17.08 16.89 16.93 17.31 17.42 17.47 17.12 17.00 17.31 17.17 17.42 17.70 17.90 18.18 18.26 18.03 17.92 18.14 18.22 18.35 18.39 18.33 18.30 18.34 18.36 18.40 18.40 18.47 18.35 18.31 18.36 18.43 18.47 18.41 18.35 18.44 18.31 18.40 18.50 18.54 18.33 18.43 18.44 18.46 18.43 18.54 18.54 18.50 18.33 18.39 18.46 18.49 18.49 18.53 18.46 18.46 18.46 18.59 18.59 18.50 18.40 18.30 18.35 18.33 18.28
17.62 17.57 17.17 16.98 16.41 16.33 16.35 16.56 16.53 16.22 16.21 16.48 16.90 16.86 16.46 16.90 16.98 17.31 17.28 17.25 17.16 17.04 17.28 17.39 17.65 17.96 18.07 18.07 18.04 17.92 18.01 18.26 18.35 18.29 18.24 18.22 18.12 18.27 18.28 18.35 18.26 18.23 18.33 18.39 18.37 18.36 18.33 18.31 18.26 18.35 18.42 18.53 18.36 18.33 18.39 18.41 18.50 18.49 18.53 18.48 18.55 18.41 18.41 18.47 18.38 18.38 18.42 18.37 18.40 18.45 18.38 18.34 18.39 18.35 18.36 18.36 18.36
17.83 17.65 17.54 17.47 16.98 16.63 16.34 16.60 16.89 16.59 16.12 15.87 16.53 17.06 16.61 16.46 16.78 16.58 16.85 17.14 17.13 17.22 17.09 17.16 17.26 17.50 17.59 17.80 17.92 17.87 18.04 18.12 18.12 18.11 18.00 18.03 18.02 17.91 18.04 18.14 18.26 18.10 18.32 18.43 18.47 18.31 18.29 18.29 18.25 18.29 18.32 18.30 18.26 18.32 18.35 18.42 18.44 18.48 18.44 18.38 18.31 18.44 18.34 18.36 18.35 18.42 18.37 18.37 18.37 18.34 18.33 18.27 18.39 18.38 18.30 18.39 18.33
17.96 17.85 17.79 17.48 17.27 16.84 16.92 16.74 16.64 16.93 16.76 16.23 16.28 16.76 16.93 16.44 16.76 16.85 16.59 16.50 16.98 17.09 16.95 16.80 16.86 17.00 17.02 17.15 17.62 17.60 17.86 17.87 17.87 17.98 17.76 17.86 18.03 17.89 17.90 18.12 18.12 18.13 18.28 18.33 18.24 18.09 18.21 18.33 18.29 18.40 18.40 18.43 18.40 18.36 18.38 18.48 18.64 18.65 18.54 18.30 18.34 18.38 18.28 18.22 18.35 18.35 18.33 18.39 18.34 18.39 18.36 18.36 18.31 18.37 18.30 18.33 18.32
17.66 17.85 17.76 17.47 17.40 17.06 17.21 17.02 16.48 16.55 16.95 16.88 16.55 16.36 16.56 16.75 16.64 16.74 16.52 16.40 16.83 16.91 16.93 16.75 16.71 17.00 16.94 17.01 16.98 17.20 17.77 17.83 17.73 17.71 17.36 17.66 17.83 17.70 17.90 18.11 18.17 18.13 18.23 18.25 18.18 18.02 18.17 18.40 18.37 18.36 18.42 18.43 18.38 18.53 18.44 18.48 18.56 18.61 18.57 18.38 18.47 18.34 18.16 18.15 18.28 18.28 18.37 18.36 18.37 18.35 18.38 18.33 18.25 18.25 18.20 18.21 18.28
17.59 17.46 17.43 17.47 17.60 17.41 17.35 17.26 16.95 16.61 16.49 16.95 17.02 16.73 16.50 16.41 16.28 16.43 16.62 16.71 16.82 17.08 16.91 17.00 16.97 16.97 17.28 17.12 16.46 16.53 17.29 17.76 17.82 17.57 16.91 17.30 17.63 17.42 17.66 17.92 18.03 18.02 18.16 18.26 18.24 18.15 18.13 18.38 18.30 18.31 18.29 18.26 18.38 18.52 18.50 18.37 18.29 18.35 18.31 18.30 18.24 18.06 18.08 18.26 18.31 18.32 18.41 18.39 18.48 18.39 18.30 18.31 18.30 18.31 18.24 18.22 18.22
17.69 17.57 17.45 17.67 17.77 17.58 17.61 17.53 17.26 16.93 16.27 16.63 17.06 16.97 16.82 16.69 16.23 16.55 16.77 16.86 16.80 16.90 16.92 17.20 17.00 16.82 16.83 17.15 16.74 16.81 16.83 17.49 17.87 17.48 17.14 17.18 17.06 17.29 17.63 17.99 18.02 18.05 18.00 18.19 18.32 18.23 18.20 18.34 18.12 18.22 18.34 18.39 18.35 18.25 18.38 18.36 18.25 18.35 18.37 18.20 18.14 18.02 18.14 18.27 18.24 18.34 18.41 18.37 18.41 18.31 18.34 18.38 18.37 18.34 18.27 18.21 18.23
17.38 17.61 17.58 17.46 17.67 17.54 17.69 17.52 17.55 17.11 16.87 16.45 16.70 17.43 17.09 17.03 16.65 16.54 16.81 17.10 17.20 17.10 16.82 17.27 17.25 17.12 17.17 16.90 16.90 17.22 17.17 17.16 17.42 17.24 16.93 16.45 16.41 16.78 17.58 17.92 18.02 18.03 18.06 18.13 18.25 18.15 18.20 18.22 18.01 18.04 18.11 18.32 18.22 18.12 18.18 18.22 18.12 18.13 18.03 18.11 18.16 18.10 18.19 18.27 18.18 18.22 18.26 18.31 18.39 18.38 18.37 18.33 18.26 18.27 18.23 18.23 18.28
17.63 17.74 17.84 17.27 17.21 17.39 17.54 17.33 17.44 17.37 17.30 17.40 16.88 17.11 17.29 16.86 17.15 16.75 16.75 16.80 17.32 17.27 17.08 17.31 17.54 17.38 17.03 17.02 17.00 16.97 17.30 17.29 17.01 16.82 16.97 16.72 16.25 16.60 17.08 17.26 17.65 17.88 17.79 18.10 18.23 18.22 18.22 18.07 18.13 17.94 18.02 18.17 18.26 18.25 18.10 18.17 18.08 18.01 18.00 18.02 18.19 18.20 18.36 18.20 18.10 18.15 18.17 18.14 18.25 18.37 18.28 18.16 18.15 18.13 18.05 18.13 18.20
17.90 17.64 17.67 17.66 17.25 17.37 17.39 17.30 17.66 17.57 17.43 17.74 17.59 17.44 17.62 17.24 17.04 16.88 16.69 16.52 16.74 17.19 17.31 17.36 17.20 17.17 17.26 17.31 17.15 17.46 17.27 17.35 17.24 17.00 16.52 16.74 16.81 16.47 16.39 16.50 16.74 17.14 17.43 17.83 18.08 18.17 17.94 18.14 18.08 18.14 18.10 18.07 18.08 18.19 18.06 18.09 18.09 18.09 18.06 18.04 18.13 18.20 18.09 18.18 18.16 18.20 18.20 18.21 18.26 18.24 18.30 18.27 17.89 18.11 18.00 18.14 18.17
18.00 17.76 17.66 17.98 17.75 17.49 17.43 17.75 17.71 17.58 17.47 17.75 17.69 17.75 17.55 17.48 17.24 17.03 16.92 16.55 16.17 16.86 17.23 17.27 17.11 17.07 17.01 17.16 17.35 17.41 17.45 17.28 17.41 17.17 16.41 16.80 16.73 16.38 16.47 16.26 16.58 16.80 17.14 17.47 17.31 17.42 17.59 17.99 18.22 18.22 18.13 18.01 17.95 17.93 18.02 18.16 18.16 18.12 18.11 18.18 18.16 18.17 18.15 18.20 18.34 18.31 18.30 18.22 18.19 18.18 18.27 18.16 18.06 18.04 18.09 18.20 18.13
17.74 18.00 17.90 17.77 17.85 17.95 17.78 17.68 17.94 17.84 17.63 17.56 17.68 17.78 17.61 17.52 17.58 17.50 17.08 16.67 16.63 16.90 17.05 16.97 17.10 17.10 16.93 17.27 17.58 17.56 17.55 17.35 17.32 17.44 16.94 17.12 16.78 16.67 17.07 16.76 16.99 17.29 17.16 17.25 17.18 16.91 17.04 17.66 17.88 18.13 18.23 18.13 17.97 17.79 17.81 18.06 17.97 18.06 18.16 18.17 18.06 18.22 18.09 18.18 18.30 18.24 18.19 18.11 18.11 18.29 18.17 18.04 18.04 18.13 17.99 18.09 18.14
17.59 17.97 18.09 17.60 17.37 17.75 17.90 17.75 17.73 17.72 17.76 17.69 17.55 17.55 17.72 17.66 17.63 17.53 17.25 17.26 16.81 16.48 16.45 16.97 17.38 17.23 16.99 17.06 17.46 17.35 17.33 17.42 17.40 17.38 17.41 17.33 17.30 17.54 17.49 17.26 17.15 17.51 17.46 17.05 16.71 16.42 16.88 16.74 17.27 17.69 17.68 17.90 17.93 17.83 17.88 17.99 17.94 17.96 18.16 18.29 18.03 18.11 18.16 18.21 18.24 18.26 18.16 18.11 18.08 18.17 18.01 17.87 17.91 17.97 17.99 18.06 18.11
