files/bom_datasets/05.12.18.txt
ncols 839
nrows 679
xllcenter 112.0500
yllcenter -43.9500
cellsize 0.0500
nodata_value 99999.90
[rows 204 to 237 of 679, columns 77 to 153 of 839]
17.86 99999.90 99999.90 99999.90 99999.90 18.44 18.58 18.58 18.57 18.57 18.57 18.57 18.57 18.57 18.57 18.57 18.57 18.57 18.57 18.57 18.57 18.44 18.44 18.44 18.44 18.44 18.44 18.44 18.44 18.53 18.41 18.41 18.41 18.41 18.47 18.39 18.64 18.64 18.75 18.75 18.75 18.75 18.75 18.61 18.61 18.61 18.58 18.63 18.81 18.69 18.77 18.74 18.74 18.74 18.64 18.38 18.66 18.76 18.47 18.65 18.65 18.46 18.42 18.75 18.70 18.78 18.80 18.57 18.63 18.61 18.59 18.60 18.62 18.65 18.74 18.71 18.71
17.86 99999.90 99999.90 18.24 18.24 18.24 18.24 18.24 18.24 18.57 18.57 18.57 18.57 18.57 18.57 18.57 18.57 18.57 18.57 18.57 18.57 18.44 18.44 18.44 18.44 18.44 18.44 18.44 18.53 18.53 18.41 18.41 18.41 18.41 18.41 18.47 18.39 18.64 18.64 18.75 18.75 18.75 18.75 18.61 18.61 18.61 18.58 18.63 18.81 18.69 18.77 18.86 18.74 18.74 18.64 18.38 18.66 18.76 18.47 18.47 18.78 18.73 18.45 18.73 18.68 18.70 18.71 18.54 18.59 18.58 18.57 18.60 18.66 18.67 18.68 18.70 18.67
17.86 18.40 18.40 18.40 18.40 18.40 18.40 18.40 18.40 18.24 18.57 18.57 18.57 18.57 18.57 18.57 18.57 18.57 18.57 18.57 18.57 18.44 18.44 18.44 18.44 18.44 18.44 18.44 18.53 18.53 18.41 18.41 18.41 18.41 18.41 18.47 18.47 18.39 18.64 18.64 18.75 18.75 18.75 18.75 18.61 18.61 18.58 18.63 18.81 18.69 18.77 18.86 18.74 18.74 18.64 18.38 18.66 18.76 18.75 18.79 18.88 18.83 18.89 18.64 18.69 18.71 18.73 18.67 18.57 18.45 18.55 18.51 18.54 18.58 18.65 18.63 18.63
18.32 18.32 18.32 18.32 18.32 18.32 18.40 18.40 18.40 18.24 18.58 18.57 18.57 18.57 18.57 18.57 18.57 18.57 18.57 18.57 18.57 18.44 18.44 18.44 18.44 18.44 18.44 18.53 18.53 18.20 18.41 18.41 18.41 18.41 18.41 18.47 18.47 18.39 18.39 18.64 18.64 18.75 18.75 18.75 18.61 18.61 18.58 18.63 18.81 18.69 18.77 18.86 18.87 18.85 18.86 18.84 18.80 18.70 18.70 18.81 18.83 18.86 18.88 18.49 18.31 18.74 18.68 18.71 18.63 18.52 18.44 18.37 18.39 18.52 18.64 18.60 18.61
18.32 18.32 18.32 18.32 18.32 18.32 18.40 18.40 18.40 18.24 18.24 18.58 18.57 18.57 18.57 18.57 18.57 18.57 18.57 18.57 18.57 18.44 18.44 18.44 18.44 18.44 18.44 18.53 18.53 18.20 18.41 18.41 18.41 18.41 18.41 18.47 18.47 18.47 18.39 18.39 18.64 18.64 18.75 18.75 18.81 18.82 18.74 18.78 18.80 18.84 18.79 18.79 18.84 18.79 18.77 18.76 18.73 18.68 18.66 18.75 18.74 18.75 18.63 18.30 17.79 18.41 18.65 18.74 18.68 18.64 18.51 18.33 18.25 18.42 18.60 18.61 18.57
18.32 18.32 18.32 18.32 18.32 18.32 18.32 18.40 18.40 18.40 18.24 18.24 18.58 18.57 18.57 18.57 18.57 18.57 18.57 18.57 18.24 18.44 18.44 18.44 18.44 18.44 18.53 18.53 18.53 18.20 18.41 18.41 18.41 18.41 18.41 18.40 18.47 18.47 18.37 18.39 18.39 18.64 18.64 18.74 18.79 18.79 18.71 18.71 18.74 18.78 18.76 18.73 18.81 18.76 18.69 18.71 18.72 18.61 18.63 18.68 18.72 18.62 18.56 18.58 18.38 18.40 18.65 18.68 18.61 18.50 18.35 18.38 18.21 18.22 18.41 18.59 18.52
18.32 18.32 18.32 18.32 18.32 18.32 18.32 18.40 18.40 18.40 18.24 18.24 18.58 18.58 18.57 18.57 18.57 18.57 18.57 18.57 18.24 18.44 18.44 18.44 18.44 18.44 18.53 18.53 18.20 18.20 18.41 18.38 18.41 18.41 18.41 18.40 18.47 18.47 18.47 18.37 18.39 18.39 18.44 18.80 18.78 18.75 18.66 18.61 18.66 18.74 18.73 18.70 18.75 18.74 18.70 18.63 18.58 18.58 18.58 18.67 18.71 18.58 18.52 18.50 18.51 18.58 18.56 18.62 18.50 18.36 18.15 18.28 18.14 18.21 18.31 18.48 18.42
18.32 18.32 18.32 18.32 18.32 18.32 18.32 18.40 18.40 18.40 18.24 18.24 18.24 18.58 18.58 18.57 18.57 18.57 18.57 18.57 18.24 18.24 18.44 18.44 18.44 18.53 18.53 18.53 18.20 18.20 18.41 18.38 18.41 18.41 18.41 18.40 18.33 18.47 18.47 18.37 18.37 18.15 18.64 18.76 18.70 18.67 18.64 18.68 18.66 18.68 18.61 18.64 18.65 18.66 18.62 18.58 18.57 18.54 18.52 18.54 18.58 18.55 18.45 18.49 18.50 18.49 18.42 18.50 18.48 18.43 18.16 18.25 18.16 18.24 18.30 18.43 18.42
18.32 18.32 18.32 18.32 18.32 18.32 18.32 18.40 18.40 18.40 18.40 18.24 18.24 18.44 18.58 18.58 18.57 18.57 18.57 18.57 18.24 18.24 18.44 18.44 18.44 18.53 18.53 17.87 18.20 18.20 18.41 18.38 17.36 18.41 18.41 18.40 18.33 18.47 18.47 17.83 18.63 18.73 18.77 18.75 18.71 18.71 18.68 18.68 18.67 18.63 18.57 18.51 18.58 18.52 18.49 18.47 18.46 18.49 18.50 18.53 18.53 18.53 18.46 18.46 18.44 18.40 18.36 18.39 18.31 18.41 18.22 18.28 18.30 18.26 18.24 18.34 18.34
18.32 18.32 18.32 18.32 18.32 18.32 18.32 18.24 18.40 18.40 18.40 18.24 18.24 18.24 18.44 18.58 18.58 18.59 18.59 18.45 18.24 18.24 18.56 18.60 18.59 18.53 18.53 17.87 18.20 18.20 18.41 18.38 17.36 18.41 18.41 18.40 18.33 18.36 18.35 17.95 18.68 18.73 18.74 18.73 18.73 18.73 18.70 18.65 18.64 18.58 18.55 18.48 18.56 18.56 18.47 18.49 18.40 18.41 18.43 18.50 18.54 18.48 18.42 18.32 18.30 18.34 18.41 18.37 18.32 18.25 18.32 18.38 18.32 18.32 18.25 18.22 18.17
18.32 18.32 18.32 18.32 18.32 18.32 18.32 18.24 18.40 18.40 18.40 18.46 18.24 18.24 18.44 18.44 18.50 18.62 18.50 18.45 18.30 18.30 18.53 18.57 18.52 18.57 18.18 17.87 18.20 18.20 18.41 18.38 17.36 18.10 18.51 18.18 17.95 18.38 18.56 18.58 18.63 18.69 18.67 18.67 18.66 18.64 18.61 18.61 18.61 18.60 18.56 18.57 18.59 18.62 18.62 18.59 18.54 18.46 18.52 18.48 18.55 18.53 18.42 18.34 18.34 18.38 18.42 18.40 18.50 18.33 18.42 18.41 18.35 18.35 18.25 18.23 18.20
17.99 18.32 18.32 18.32 18.32 18.32 18.32 18.24 18.25 18.40 18.40 18.46 18.24 18.24 18.35 18.42 18.42 18.52 18.49 18.46 18.34 18.43 18.54 18.55 18.44 18.46 18.53 18.44 18.42 18.08 18.05 18.37 18.16 18.52 18.58 18.52 18.50 18.44 18.46 18.57 18.64 18.65 18.64 18.60 18.64 18.63 18.62 18.64 18.62 18.62 18.59 18.54 18.57 18.58 18.56 18.53 18.47 18.45 18.45 18.45 18.39 18.41 18.31 18.33 18.37 18.37 18.33 18.40 18.48 18.25 18.33 18.38 18.46 18.29 18.28 18.24 18.25
17.99 17.99 18.32 18.32 18.32 18.32 18.32 18.24 18.25 18.40 18.40 18.46 18.57 18.47 18.41 18.33 18.35 18.43 18.40 18.41 18.45 18.44 18.47 18.46 18.43 18.46 18.48 18.36 18.28 18.42 18.46 18.46 18.53 18.47 18.50 18.36 18.39 18.48 18.50 18.56 18.48 18.57 18.56 18.58 18.58 18.61 18.59 18.58 18.63 18.60 18.56 18.55 18.54 18.54 18.50 18.48 18.36 18.42 18.44 18.50 18.41 18.40 18.41 18.28 18.32 18.32 18.28 18.36 18.40 18.28 18.30 18.39 18.45 18.35 18.31 18.30 18.38
17.74 17.99 17.99 18.24 18.32 18.32 18.32 18.24 18.25 18.32 18.42 18.46 18.36 18.43 18.46 18.46 18.36 18.40 18.36 18.42 18.44 18.46 18.41 18.43 18.43 18.43 18.33 18.27 18.17 18.32 18.38 18.44 18.42 18.39 18.45 18.37 18.39 18.50 18.52 18.56 18.41 18.49 18.50 18.52 18.57 18.55 18.54 18.58 18.57 18.57 18.51 18.52 18.43 18.36 18.41 18.43 18.33 18.35 18.39 18.41 18.40 18.49 18.41 18.31 18.27 18.28 18.27 18.28 18.30 18.31 18.34 18.41 18.32 18.27 18.35 18.33 18.30
17.74 17.99 17.99 17.99 18.24 18.26 18.26 18.32 18.40 18.38 18.27 18.14 18.25 18.40 18.46 18.49 18.46 18.36 18.36 18.46 18.46 18.45 18.36 18.37 18.35 18.31 18.30 18.16 18.15 18.20 18.30 18.40 18.39 18.45 18.41 18.37 18.49 18.48 18.45 18.55 18.55 18.45 18.37 18.40 18.46 18.51 18.48 18.50 18.47 18.51 18.41 18.46 18.37 18.29 18.31 18.30 18.38 18.38 18.36 18.36 18.38 18.38 18.34 18.36 18.32 18.29 18.25 18.24 18.28 18.30 18.36 18.35 18.27 18.30 18.32 18.25 18.27
17.74 17.74 17.99 17.99 18.24 18.24 18.25 18.36 18.34 18.40 18.19 18.21 18.27 18.34 18.43 18.44 18.41 18.34 18.36 18.38 18.38 18.41 18.34 18.31 18.39 18.37 18.42 18.31 18.21 18.20 18.24 18.36 18.36 18.38 18.39 18.41 18.41 18.40 18.30 18.39 18.43 18.32 18.35 18.43 18.40 18.41 18.40 18.45 18.49 18.51 18.48 18.38 18.31 18.24 18.21 18.32 18.33 18.32 18.33 18.33 18.36 18.36 18.27 18.32 18.25 18.30 18.28 18.28 18.26 18.28 18.27 18.33 18.30 18.29 18.27 18.16 18.16
17.74 17.74 17.99 17.99 18.20 18.31 18.39 18.43 18.34 18.34 18.23 18.30 18.24 18.12 18.27 18.34 18.37 18.33 18.41 18.35 18.31 18.40 18.33 18.28 18.33 18.38 18.42 18.33 18.29 18.23 18.24 18.24 18.28 18.30 18.32 18.32 18.37 18.35 18.36 18.38 18.38 18.37 18.33 18.43 18.41 18.37 18.31 18.37 18.42 18.44 18.45 18.47 18.45 18.39 18.23 18.22 18.35 18.29 18.29 18.29 18.30 18.33 18.27 18.27 18.28 18.26 18.30 18.24 18.36 18.28 18.28 18.26 18.24 18.19 18.20 18.13 18.09
17.74 17.74 18.04 18.06 18.10 18.14 18.25 18.40 18.34 18.33 18.23 18.10 18.16 18.17 18.18 18.19 18.35 18.36 18.36 18.39 18.33 18.44 18.30 18.25 18.20 18.21 18.30 18.32 18.40 18.36 18.25 18.26 18.32 18.33 18.33 18.31 18.29 18.27 18.39 18.37 18.32 18.21 18.22 18.29 18.31 18.36 18.39 18.41 18.45 18.45 18.50 18.56 18.57 18.50 18.25 18.17 18.32 18.30 18.33 18.29 18.26 18.29 18.23 18.27 18.24 18.36 18.31 18.36 18.38 18.30 18.27 18.28 18.28 18.25 18.24 18.19 18.20
17.68 18.21 18.22 18.04 18.07 17.96 18.13 18.34 18.24 18.32 18.24 18.15 18.02 18.24 18.28 18.23 18.27 18.30 18.37 18.27 18.27 18.35 18.28 18.14 18.10 18.10 18.21 18.23 18.30 18.39 18.20 18.11 18.21 18.28 18.32 18.33 18.36 18.30 18.33 18.20 18.24 18.15 18.10 18.19 18.23 18.22 18.28 18.29 18.38 18.40 18.43 18.42 18.35 18.22 18.25 18.25 18.26 18.22 18.29 18.33 18.35 18.30 18.24 18.22 18.28 18.30 18.32 18.33 18.32 18.26 18.28 18.30 18.25 18.29 18.29 18.25 18.27
16.94 18.34 18.34 18.25 18.24 18.22 18.18 18.16 18.17 18.19 18.27 18.18 18.11 18.18 18.13 18.03 18.11 18.23 18.25 18.24 18.24 18.17 18.25 18.14 18.03 18.06 18.12 18.12 18.24 18.28 18.19 18.01 18.05 18.14 18.24 18.27 18.30 18.28 18.26 18.26 18.16 18.20 18.11 18.09 18.18 18.15 18.24 18.24 18.25 18.35 18.35 18.32 18.22 18.23 18.16 18.33 18.32 18.29 18.30 18.26 18.24 18.25 18.27 18.32 18.36 18.36 18.37 18.34 18.30 18.28 18.27 18.20 18.15 18.16 18.16 18.09 18.21
16.43 18.31 18.29 18.21 18.25 18.29 18.27 18.25 18.21 18.16 18.28 18.16 18.20 18.11 17.93 17.92 18.25 18.22 18.13 18.15 18.13 18.04 18.12 18.06 18.06 17.95 18.16 18.12 18.12 18.18 18.30 18.06 18.03 18.15 18.08 18.21 18.34 18.32 18.31 18.35 18.16 18.14 18.20 18.19 18.23 18.21 18.20 18.24 18.24 18.23 18.32 18.41 18.13 18.20 18.19 18.26 18.28 18.30 18.30 18.27 18.22 18.25 18.28 18.30 18.27 18.33 18.35 18.30 18.24 18.25 18.29 18.31 18.22 18.14 18.09 18.10 18.28
18.27 18.29 18.29 18.26 18.17 18.20 18.22 18.24 18.21 18.17 18.07 18.12 18.04 18.05 18.08 17.89 18.05 18.05 17.97 17.92 17.86 17.77 17.81 17.86 17.98 17.88 18.04 17.99 17.98 18.04 18.14 18.18 18.21 18.08 18.13 18.24 18.29 18.26 18.31 18.37 18.23 18.19 18.23 18.18 18.21 18.13 18.10 18.15 18.05 18.19 18.28 18.38 18.18 18.23 18.26 18.22 18.28 18.31 18.29 18.21 18.10 18.18 18.22 18.21 18.20 18.25 18.23 18.22 18.17 18.36 18.35 18.26 18.24 18.12 18.18 18.17 18.09
18.25 18.26 18.28 18.32 18.28 18.21 18.15 18.23 18.21 18.11 18.02 18.04 18.15 18.11 18.13 18.06 17.92 18.02 17.97 17.70 17.79 17.71 17.66 17.71 17.91 17.91 17.66 17.94 17.94 17.94 17.98 18.08 18.12 18.09 18.06 18.12 18.13 18.23 18.21 18.27 18.18 18.15 18.19 18.09 18.08 18.09 18.09 18.07 18.05 18.20 18.23 18.36 18.17 18.18 18.25 18.24 18.29 18.27 18.30 18.22 18.24 18.17 18.19 18.24 18.11 18.18 18.16 18.15 18.14 18.18 18.12 18.11 18.20 18.13 18.10 18.16 18.14
18.24 18.31 18.34 18.31 18.24 18.26 18.19 18.21 18.09 18.02 18.05 18.15 18.29 18.30 18.26 18.28 17.97 17.83 17.92 17.84 17.65 17.74 17.91 17.92 17.60 17.82 17.74 17.82 17.74 17.74 17.84 17.87 17.94 18.01 18.02 18.10 18.15 18.16 18.16 18.10 18.11 18.08 18.34 18.33 18.21 18.05 18.05 18.04 18.00 18.12 18.17 18.21 18.15 18.19 18.23 18.28 18.32 18.32 18.25 18.19 18.09 18.18 18.12 18.13 18.14 18.16 18.06 18.10 18.09 18.09 18.04 18.08 18.18 18.17 18.05 18.15 18.12
18.21 18.27 18.26 18.22 18.23 18.32 18.37 18.30 18.02 18.01 17.94 17.95 17.98 18.18 18.18 18.17 18.07 17.96 17.95 17.97 17.82 17.87 17.82 17.96 17.84 18.06 17.95 17.89 17.75 17.66 17.74 17.70 17.90 18.06 18.02 18.18 18.14 18.15 18.11 18.03 17.95 17.94 18.19 18.19 17.98 17.86 17.88 17.95 17.95 18.10 18.19 18.27 18.16 18.15 18.16 18.18 18.38 18.41 18.24 18.03 18.13 18.21 18.11 18.05 18.18 18.16 18.07 18.15 18.08 18.14 18.07 18.13 18.06 18.12 18.06 18.14 18.10
18.29 18.29 18.20 18.23 18.29 18.33 18.35 18.30 18.04 17.93 17.96 17.98 17.96 17.92 17.95 18.09 18.23 18.17 18.14 18.02 18.06 17.97 18.00 18.01 18.03 18.12 18.16 18.09 17.98 17.92 17.96 17.75 17.73 17.91 17.91 18.02 17.96 17.98 17.97 17.96 17.83 17.70 17.77 17.94 17.92 17.77 17.77 17.84 17.82 17.90 17.98 18.09 18.10 18.15 18.13 18.02 18.26 18.27 18.13 18.00 18.19 18.15 18.06 18.12 18.18 18.12 18.18 18.18 18.11 18.08 18.01 17.95 17.96 17.98 17.95 18.04 18.07
18.25 18.21 18.20 18.32 18.19 18.15 18.11 18.05 17.93 17.83 17.86 17.93 17.99 17.92 17.94 17.97 18.09 18.09 18.09 18.14 18.14 18.21 18.20 18.17 18.18 18.22 18.20 18.22 18.15 18.24 18.22 18.06 17.91 17.92 17.88 17.92 17.89 17.95 17.94 17.87 17.91 17.79 17.69 17.92 18.03 17.88 17.74 17.83 17.84 17.79 17.69 17.91 18.03 18.11 18.17 17.96 17.99 18.07 17.90 17.91 18.03 17.86 17.86 18.05 18.07 18.09 18.16 18.09 18.16 18.08 18.06 17.92 18.03 17.95 17.90 17.96 17.97
18.22 18.19 18.16 18.28 18.17 18.16 18.13 18.00 17.96 17.87 17.92 17.93 17.87 17.86 17.82 18.09 18.03 18.09 18.13 18.10 18.19 18.15 18.19 18.22 18.24 18.29 18.18 18.17 18.14 18.22 18.19 18.16 18.15 18.03 17.88 17.82 17.78 17.81 17.88 17.94 17.89 17.93 17.92 18.01 18.07 18.01 17.93 18.01 18.04 18.02 17.92 18.03 17.97 17.95 18.13 17.99 17.93 18.10 18.09 17.82 17.84 17.86 17.74 17.92 17.94 17.94 18.15 18.08 18.07 18.12 18.19 18.03 18.02 17.97 17.86 17.84 17.82
18.17 18.14 18.16 18.05 18.10 18.14 18.15 18.07 18.05 17.98 17.95 18.00 18.03 18.04 18.00 17.98 18.01 18.06 18.07 18.06 18.08 18.06 18.10 18.10 18.14 18.14 18.11 18.13 18.13 18.18 18.17 18.11 18.01 18.03 17.88 17.69 17.56 17.63 17.94 17.95 18.02 18.01 18.00 18.07 18.22 18.17 18.03 18.04 17.98 18.03 18.02 18.03 18.00 18.02 17.96 17.97 17.90 17.85 17.83 17.87 18.01 17.86 17.92 17.89 17.74 17.81 17.98 18.06 18.07 18.11 18.09 18.09 18.02 17.85 17.78 17.84 17.98
18.18 18.16 18.15 18.03 18.09 18.10 18.11 18.09 18.08 18.06 18.04 18.08 18.09 18.02 17.99 17.94 18.01 17.96 18.00 17.73 18.02 18.09 18.13 18.11 17.99 17.86 18.09 18.04 17.91 17.94 18.08 18.10 18.04 18.04 17.98 17.91 17.82 17.79 17.91 17.93 18.01 17.92 17.85 18.05 18.19 18.17 18.10 17.95 17.98 18.00 18.01 18.04 18.09 18.10 18.07 17.91 17.80 17.73 17.76 17.83 18.02 18.07 18.00 17.87 17.76 17.73 17.75 17.92 18.02 18.00 17.97 17.88 17.78 17.78 17.75 17.88 17.95
18.11 18.07 18.05 18.00 18.13 18.05 18.13 18.17 18.14 18.11 18.09 18.03 18.12 18.16 18.11 18.10 18.12 18.08 17.99 18.02 18.02 18.08 18.08 18.13 18.06 17.94 17.86 17.88 17.71 17.76 18.13 18.18 18.16 18.10 18.07 18.11 18.12 18.09 18.02 17.94 17.93 17.91 17.90 17.92 18.01 18.15 18.15 18.05 17.99 18.10 17.99 18.00 18.07 18.09 18.07 18.03 17.91 17.90 17.86 17.90 17.84 17.92 17.78 17.88 17.90 17.98 17.84 17.90 18.04 17.85 17.91 17.94 17.54 17.70 17.81 17.93 17.95
18.09 18.11 18.08 18.08 18.05 17.94 18.04 18.22 18.16 18.07 18.00 17.96 18.01 18.11 18.13 18.14 18.14 18.07 18.16 18.03 18.08 18.06 18.08 18.06 18.07 18.04 18.00 17.98 18.08 18.11 18.17 18.17 18.18 18.12 18.09 18.07 18.08 18.05 18.02 18.03 17.99 17.98 17.99 17.79 17.65 17.96 18.04 18.10 18.15 18.10 17.98 17.89 18.05 18.05 18.02 18.13 18.11 17.91 17.92 18.02 18.08 17.97 17.94 18.06 18.10 18.09 17.95 17.96 18.06 17.91 17.91 17.83 17.70 17.73 17.77 17.85 17.76
18.15 18.12 18.11 18.03 17.97 17.98 18.01 18.04 18.02 18.02 17.87 17.93 18.08 18.08 18.14 18.13 18.13 18.14 17.98 18.00 18.10 18.10 18.13 18.07 17.98 17.98 17.94 17.98 18.02 18.04 18.05 18.08 18.10 18.12 18.08 18.04 18.04 17.80 17.74 17.99 18.05 18.17 18.07 17.95 17.86 17.78 17.94 18.12 18.11 18.12 18.11 18.02 17.99 17.84 17.95 18.13 18.08 17.98 17.96 17.87 18.00 18.08 18.00 18.02 18.13 18.12 17.98 17.80 17.89 17.93 17.91 17.81 17.81 17.88 17.79 17.76 17.77
18.06 18.07 18.07 18.07 17.92 17.94 17.95 17.95 17.95 17.91 17.95 17.98 17.96 18.05 18.03 18.05 17.97 18.03 17.98 18.02 17.96 17.97 17.99 18.02 18.00 18.02 17.97 17.99 18.02 17.99 17.91 17.93 18.01 18.03 18.04 18.02 18.04 17.97 18.02 18.01 18.05 18.04 18.11 18.04 17.70 17.69 17.89 17.84 17.96 17.99 17.81 17.90 17.94 17.85 17.96 18.05 18.06 18.10 18.00 18.01 17.91 18.06 17.96 17.98 17.96 17.94 17.93 17.82 17.86 17.92 17.88 17.86 17.79 17.78 17.79 17.80 17.91
