files/bom_datasets/05.10.18.txt
ncols 839
nrows 679
xllcenter 112.0500
yllcenter -43.9500
cellsize 0.0500
nodata_value 99999.90
[rows 136 to 169 of 679, columns 539 to 615 of 839]
19.33 19.33 19.33 20.16 20.16 20.16 20.19 20.19 20.19 20.00 20.00 20.00 20.00 20.00 20.00 20.00 20.00 20.42 20.42 20.42 20.42 20.42 20.42 20.42 99999.90 99999.90 99999.90 99999.90 19.57 19.04 19.79 19.79 19.79 19.79 19.79 19.79 19.79 19.79 19.64 19.64 19.53 19.53 19.53 18.54 18.12 17.98 18.43 18.70 19.05 18.83 18.64 18.20 19.00 19.35 19.12 19.42 19.04 19.19 19.01 19.31 19.29 19.39 19.58 19.64 19.71 19.77 19.55 19.54 19.53 19.31 19.43 19.49 19.57 19.42 19.61 19.42 19.35
19.33 19.33 19.33 19.31 19.31 20.16 20.19 20.19 20.00 20.00 20.00 20.00 20.00 20.00 20.00 20.00 20.00 20.00 20.00 20.00 20.00 20.42 20.42 20.42 99999.90 99999.90 99999.90 99999.90 19.57 19.04 19.79 19.79 19.79 19.79 19.79 19.79 19.79 19.79 19.79 19.64 19.64 19.24 19.24 18.99 19.01 19.17 19.18 18.72 19.08 19.18 18.60 18.72 18.51 19.06 19.39 19.41 19.33 19.19 19.13 18.83 19.17 19.37 19.66 19.68 19.73 19.90 19.72 19.67 19.67 19.54 19.40 19.40 19.34 19.55 19.59 19.67 19.59
19.33 19.33 19.31 19.31 19.68 19.68 19.68 20.00 20.00 20.00 20.00 20.00 20.00 20.00 20.00 20.00 20.00 20.00 20.00 20.00 20.00 20.42 20.42 20.42 99999.90 99999.90 99999.90 19.83 19.57 19.04 19.79 19.79 19.79 19.79 19.79 19.79 19.79 19.79 19.79 19.79 19.64 19.64 19.01 19.01 18.94 18.58 18.64 18.32 18.21 18.45 19.40 18.83 18.66 18.68 18.66 19.08 19.35 19.10 18.96 18.62 19.00 19.30 19.29 19.61 19.68 19.76 19.81 19.72 19.73 19.62 19.48 19.37 19.39 19.60 19.59 19.72 19.72
20.09 19.31 19.31 19.68 19.68 19.68 19.68 20.00 20.00 20.00 20.00 20.00 20.00 20.00 20.00 20.00 20.00 20.00 20.00 20.00 20.00 20.42 20.42 20.42 99999.90 99999.90 19.47 19.83 19.57 19.04 19.04 19.04 19.79 19.79 19.79 19.79 19.79 19.79 19.79 19.79 19.79 19.44 18.76 18.62 18.57 18.10 18.55 18.50 18.60 18.21 18.91 18.76 18.83 18.59 18.83 18.91 19.13 19.03 19.03 18.97 18.96 19.02 19.24 19.37 19.56 19.76 19.62 19.75 19.75 19.60 19.56 19.56 19.37 19.27 19.56 19.56 19.63
20.13 19.43 19.68 19.68 19.68 19.68 19.68 20.00 20.00 20.00 20.00 20.00 20.00 20.00 20.00 20.00 20.00 20.00 20.00 20.00 20.00 19.49 19.49 99999.90 19.26 19.26 19.26 19.26 19.57 19.04 19.04 19.04 19.04 19.04 19.04 19.50 19.50 19.50 19.50 19.50 19.50 19.05 18.76 18.64 18.66 18.18 18.29 18.61 18.40 18.83 18.67 18.70 18.94 18.86 18.82 18.92 18.87 18.73 18.83 18.86 18.85 18.70 18.67 19.31 19.62 19.55 19.58 19.80 19.76 19.65 19.51 19.43 19.49 19.47 19.38 19.69 19.76
20.15 20.04 20.14 20.14 20.14 20.14 20.14 20.12 20.12 20.12 20.12 20.12 20.12 20.12 20.12 20.12 20.12 20.12 20.12 20.12 20.12 19.61 19.61 19.61 19.61 19.26 19.26 19.26 19.26 19.04 19.04 19.04 19.04 19.04 19.04 19.04 19.04 19.04 19.20 19.20 19.20 18.86 18.62 19.10 19.03 18.53 18.80 18.46 18.36 18.80 18.37 18.63 18.86 18.79 18.87 18.45 18.93 18.50 18.50 18.77 18.93 18.60 18.65 19.09 19.46 19.59 19.55 19.52 19.70 19.72 19.33 19.57 19.57 19.52 19.57 19.44 19.51
20.10 20.14 19.37 19.37 19.37 20.02 20.02 20.12 20.12 20.12 20.12 20.12 20.12 20.12 20.12 20.12 20.12 20.12 20.12 20.12 19.61 19.61 19.53 19.53 19.53 18.88 18.88 19.26 19.26 19.26 19.57 19.04 19.04 19.04 19.04 19.04 19.04 19.04 19.04 18.72 18.72 18.12 18.65 19.12 19.23 18.73 18.75 18.91 18.68 19.01 19.09 18.98 18.51 18.68 18.94 19.10 19.16 18.90 18.81 18.64 18.28 18.23 18.62 18.98 19.41 19.54 19.58 19.44 19.46 19.64 19.67 19.44 19.56 19.50 19.57 19.49 19.65
20.14 20.19 20.18 20.18 20.02 20.02 20.02 20.12 20.12 20.12 20.12 20.12 20.12 20.12 20.12 20.12 20.12 20.12 20.12 19.61 19.61 19.61 19.53 19.53 18.61 18.61 18.61 18.88 19.26 19.26 19.26 19.57 19.57 19.57 19.04 19.04 19.04 19.04 19.04 19.04 18.48 17.78 18.40 18.56 19.07 18.99 18.72 19.12 18.90 19.05 18.89 18.55 18.56 18.71 18.62 18.71 18.81 18.35 19.06 18.66 18.29 18.08 18.61 19.00 18.89 19.51 19.56 19.28 19.29 19.21 19.68 19.60 19.55 19.65 19.68 19.79 19.75
20.16 20.16 20.15 20.02 20.02 20.02 19.99 19.45 19.46 20.12 20.12 20.12 20.12 20.12 20.12 20.12 20.12 19.61 19.61 19.61 19.61 19.53 19.53 19.53 18.61 18.61 18.61 18.88 19.26 19.26 19.26 19.26 19.57 19.57 19.57 19.57 19.57 19.20 19.20 19.20 18.27 17.61 18.37 18.91 19.22 18.44 18.98 19.57 19.22 18.84 19.18 18.99 18.82 18.91 17.87 18.59 18.30 19.21 18.86 19.20 18.26 18.43 18.40 18.90 18.95 19.25 19.63 19.49 19.69 19.45 19.36 19.61 19.62 19.45 19.64 19.62 19.83
20.16 20.13 20.09 20.06 20.06 19.99 19.27 19.45 19.46 19.46 19.46 19.60 19.60 19.60 19.60 19.49 19.61 19.61 19.61 19.61 19.61 19.53 19.53 19.53 18.61 18.61 18.61 18.88 18.88 19.26 19.26 19.26 19.26 19.83 19.57 19.57 19.57 19.57 18.56 18.56 18.86 18.24 18.48 18.92 19.08 18.94 19.02 19.32 19.15 19.30 19.39 18.99 18.93 18.88 18.78 19.03 18.42 18.59 18.40 18.39 18.67 18.28 18.57 18.43 18.90 19.25 19.12 19.09 19.54 19.13 19.26 19.35 19.35 19.42 19.63 19.59 19.70
20.10 20.10 20.07 20.03 19.99 19.99 19.27 19.45 19.46 19.46 19.60 19.60 19.60 19.60 19.49 19.49 19.61 19.61 19.61 19.61 19.53 19.53 19.53 19.53 18.85 18.61 18.61 18.61 18.88 18.88 19.26 19.26 19.26 19.26 19.83 19.83 19.57 19.57 19.57 18.66 17.87 18.06 18.53 19.26 18.97 18.73 18.89 19.27 19.41 19.66 19.53 19.15 18.93 18.96 18.91 19.35 19.11 18.98 19.02 18.85 18.93 19.15 19.08 19.07 18.65 18.77 18.93 19.06 19.45 19.55 19.20 19.17 18.98 19.18 19.42 19.58 19.57
20.12 20.10 20.01 20.02 19.92 19.64 19.27 19.45 19.46 19.46 19.60 19.60 19.60 19.49 19.49 19.31 19.61 19.61 19.61 19.61 19.53 19.53 19.53 18.67 18.85 18.61 18.61 18.61 18.88 18.88 19.26 19.26 19.26 19.26 19.47 19.83 19.83 19.34 19.34 18.22 18.01 17.87 18.88 19.44 18.93 18.81 18.97 19.14 19.50 19.55 19.40 19.56 19.15 19.09 18.93 19.38 19.43 19.11 18.97 18.68 18.53 19.13 19.10 18.60 18.85 18.70 18.78 18.81 18.93 19.44 19.15 18.94 19.23 18.98 19.34 19.31 19.46
20.01 19.99 19.99 19.97 19.95 19.65 18.45 18.90 19.10 19.25 19.60 19.60 19.49 19.49 19.49 19.31 19.61 19.61 19.61 19.53 19.53 19.53 19.53 18.67 18.85 18.61 18.61 18.61 18.88 18.88 18.88 19.26 19.26 19.26 19.26 19.47 19.83 19.83 19.03 17.90 18.30 18.99 19.32 19.47 19.42 19.20 19.07 19.27 19.71 19.39 19.61 19.53 19.29 18.80 18.90 19.02 19.07 19.16 18.97 18.68 18.45 18.67 18.87 18.55 18.63 18.84 19.00 18.78 19.07 19.31 19.33 19.22 19.17 18.99 19.18 19.36 19.47
19.99 19.97 19.96 20.03 20.03 19.92 17.75 17.64 18.38 18.54 19.43 19.49 19.49 19.49 19.02 19.31 19.61 19.61 19.61 19.53 19.53 19.53 19.53 18.67 18.85 18.61 18.61 18.61 18.61 18.88 18.88 18.45 19.26 19.26 19.26 19.47 19.47 18.77 18.08 17.85 17.94 19.16 19.48 19.46 19.53 19.31 19.40 19.56 19.34 19.64 19.69 19.41 19.30 19.18 19.00 19.38 19.45 19.43 19.24 18.86 19.05 18.61 18.98 19.17 18.59 18.98 19.10 18.74 18.57 18.85 19.19 18.80 18.82 19.01 19.05 19.44 19.56
19.88 19.95 19.99 20.03 19.99 19.99 19.52 17.18 18.21 19.00 18.89 19.26 19.49 19.49 19.02 19.31 19.61 19.61 19.53 19.53 19.53 19.53 19.13 18.67 18.85 18.03 18.61 18.61 18.61 18.88 18.88 18.88 18.45 19.26 19.26 18.87 18.09 18.17 18.59 17.32 17.28 18.37 19.50 19.69 19.66 19.45 19.48 19.58 19.51 19.59 19.49 19.50 19.38 19.48 19.27 19.08 18.99 19.38 18.72 18.75 18.70 18.75 18.98 19.18 18.81 18.88 18.81 19.29 19.13 18.55 19.17 19.14 18.91 18.77 19.15 19.19 19.30
19.95 19.93 19.97 19.99 19.95 19.97 19.95 19.69 19.01 18.88 19.33 18.91 18.85 19.03 19.02 19.31 19.61 19.61 19.53 19.53 19.53 19.57 19.13 18.67 18.85 18.03 18.61 18.61 18.61 18.68 18.88 18.88 18.45 18.45 18.36 18.67 17.61 18.82 17.18 18.23 18.19 18.97 19.37 19.82 19.70 19.69 19.43 19.46 19.28 19.61 19.72 19.54 19.21 19.17 19.06 19.01 19.23 19.52 19.02 19.20 19.26 19.23 19.03 18.65 18.97 19.15 18.86 19.04 19.21 18.79 19.08 19.04 19.00 18.88 19.15 18.93 19.11
19.92 19.95 19.98 20.04 20.00 19.97 19.94 19.89 19.63 19.55 19.62 18.10 17.65 18.43 18.97 19.42 19.67 19.57 19.53 19.53 19.57 19.41 19.13 18.67 18.85 18.03 17.44 18.61 18.61 18.68 18.88 18.88 18.47 19.01 17.69 18.63 18.52 19.28 18.22 18.95 18.87 18.76 18.78 19.79 19.65 19.49 19.20 19.03 19.40 19.50 19.61 19.51 19.22 19.16 19.64 19.37 19.53 19.32 19.08 19.33 19.20 19.27 19.36 19.00 19.10 19.44 18.71 18.65 19.34 19.01 19.07 18.96 19.03 18.72 18.80 18.83 19.11
19.93 19.92 20.03 19.99 20.02 19.98 19.98 19.93 19.59 19.63 19.54 18.50 18.18 19.20 18.83 19.16 19.84 19.25 19.11 19.57 19.57 19.41 19.13 18.67 18.85 18.03 17.44 18.61 18.61 18.68 18.20 18.02 17.99 18.68 18.16 18.89 19.16 18.91 19.14 19.12 19.40 19.50 19.17 19.74 19.55 19.53 19.38 19.69 19.57 19.63 19.63 19.71 19.44 19.62 19.04 19.40 19.51 19.38 19.37 19.02 18.70 19.31 19.00 19.13 19.23 18.83 19.13 18.81 18.77 19.20 19.05 19.14 19.17 19.05 19.04 18.91 18.77
19.83 19.67 19.89 19.94 19.88 19.95 19.98 19.95 19.77 19.62 19.46 19.61 19.68 19.54 18.81 19.61 19.82 19.30 19.73 19.65 19.64 19.41 19.13 18.67 18.85 18.03 17.44 17.77 17.41 18.57 18.26 18.36 18.48 19.05 18.67 18.64 19.23 18.82 18.97 19.47 19.46 19.34 19.12 19.58 19.43 19.77 19.61 19.21 19.41 19.54 19.48 19.56 19.68 19.51 19.38 19.49 19.47 19.51 19.55 19.40 19.51 19.46 19.27 19.18 18.74 18.94 19.36 19.24 18.76 19.12 19.11 19.16 19.39 19.31 19.34 19.06 19.16
19.82 19.70 19.83 19.85 19.83 19.85 19.83 19.96 19.52 19.53 19.44 19.42 19.51 19.52 19.39 19.67 19.72 19.75 19.66 19.76 19.77 19.81 19.72 18.79 18.84 18.28 18.00 18.17 18.33 18.48 18.75 17.62 18.48 19.02 19.47 18.68 19.18 19.30 18.81 19.24 19.43 19.63 19.32 19.49 19.44 19.32 19.19 19.00 19.20 19.57 19.63 19.46 19.53 18.94 19.25 19.04 19.35 19.46 19.01 18.93 19.13 19.36 19.31 19.40 19.27 18.93 19.36 19.18 19.29 18.85 19.14 18.72 19.25 19.40 19.32 19.39 19.31
19.93 19.87 19.87 19.76 19.82 19.82 19.72 19.70 19.49 19.54 19.38 19.37 19.47 19.43 19.54 19.88 19.72 19.78 19.60 19.80 19.79 19.79 19.88 19.63 18.78 19.05 18.81 19.22 17.92 18.14 18.69 18.91 18.74 18.51 18.83 18.97 19.05 18.85 19.25 19.15 19.21 19.15 19.46 19.51 19.51 19.32 19.51 19.55 19.18 19.26 19.51 19.59 19.66 19.74 19.21 19.62 19.78 19.61 19.59 19.33 19.55 19.45 19.23 19.32 19.13 19.05 19.04 18.93 19.27 19.02 18.76 18.79 19.03 19.31 19.26 19.32 19.37
19.93 19.90 19.82 19.81 19.97 19.92 19.66 19.29 19.49 19.47 19.47 19.52 19.58 19.37 19.50 19.52 19.68 19.87 19.69 19.60 19.44 19.64 19.84 19.79 19.49 19.19 19.46 19.35 18.23 17.84 19.13 18.71 18.96 18.62 18.54 18.46 19.40 18.52 18.64 18.76 19.17 18.99 18.96 19.23 19.29 19.38 19.54 19.18 19.04 19.25 19.15 19.56 19.54 19.59 19.44 19.26 19.33 19.48 19.24 19.15 19.38 19.01 19.01 19.38 19.22 19.31 19.37 19.34 18.55 19.12 19.09 18.62 18.79 18.99 19.31 19.38 19.41
19.83 19.86 19.83 19.85 19.84 19.87 19.54 19.20 19.32 19.37 19.53 19.61 19.67 19.44 19.26 19.28 19.63 19.60 19.70 19.52 19.28 19.47 19.60 19.78 19.32 19.45 19.69 19.49 18.96 18.96 19.21 19.09 19.25 19.01 18.80 18.70 18.56 19.09 19.20 18.88 18.90 18.64 19.31 19.67 19.66 19.35 18.85 19.04 18.90 19.19 19.20 19.33 19.38 19.54 19.50 19.03 19.26 19.20 18.27 19.02 18.22 18.50 19.29 18.67 19.40 19.22 19.37 19.29 18.98 18.97 18.76 18.71 18.75 18.83 19.07 19.34 19.26
19.81 19.84 19.74 19.75 19.83 19.77 19.59 19.38 19.38 19.50 19.51 19.71 19.60 19.41 19.38 19.17 19.50 19.32 19.29 19.53 19.35 19.56 19.72 19.72 19.49 19.54 19.71 19.52 19.42 19.54 19.38 19.35 19.00 18.93 19.22 18.93 18.44 19.26 18.65 18.72 18.71 18.81 18.64 19.57 19.62 19.52 19.06 19.27 19.46 19.11 19.20 19.15 19.48 19.35 19.55 19.59 19.01 19.55 19.34 19.08 18.84 19.13 19.18 18.71 18.98 18.34 18.96 19.18 18.74 18.21 18.91 18.53 18.75 18.80 19.04 19.11 19.23
19.82 19.79 19.80 19.84 19.74 19.77 19.71 19.47 19.42 19.53 19.53 19.59 19.33 19.44 19.51 19.33 19.33 19.40 19.27 19.41 19.49 19.72 19.66 19.73 19.59 19.42 19.53 19.67 19.45 19.58 19.42 19.50 19.29 19.24 19.11 19.23 18.89 19.20 18.95 18.93 18.44 18.37 18.05 19.42 19.57 19.47 19.25 18.93 19.03 18.56 19.58 18.97 19.49 19.41 19.50 19.21 19.10 18.74 18.77 18.42 18.94 18.90 18.60 18.73 19.15 18.72 18.61 18.28 18.90 18.45 18.58 18.53 18.62 18.80 18.92 19.03 19.33
19.82 19.81 19.66 19.55 19.49 19.73 19.66 19.51 19.45 19.56 19.58 19.60 19.34 19.39 19.36 19.24 19.22 19.39 19.25 19.42 19.75 19.73 19.64 19.59 19.55 19.65 19.64 19.48 19.36 19.56 19.39 19.41 19.35 19.45 19.44 19.24 18.98 19.26 18.92 19.27 18.75 17.79 18.54 18.67 19.17 19.29 19.05 19.03 18.92 19.08 18.97 19.23 19.17 19.12 19.27 19.27 19.00 18.52 19.06 18.97 18.84 18.67 18.66 18.74 19.37 18.98 19.06 19.00 19.18 18.71 18.46 18.95 18.98 18.59 18.53 19.00 18.99
19.71 19.72 19.42 19.37 19.42 19.50 19.51 19.47 19.51 19.55 19.43 19.51 19.16 18.95 19.30 19.24 19.17 19.39 19.06 19.29 19.81 19.76 19.70 19.26 19.12 19.65 19.68 19.50 19.48 19.50 19.35 19.38 19.38 19.47 19.46 19.38 19.05 19.51 19.19 19.23 19.14 18.75 18.36 18.81 19.53 19.42 19.12 18.82 19.27 18.56 18.61 18.98 19.13 19.09 19.19 19.16 19.24 19.15 19.29 18.95 18.59 18.86 18.75 18.70 19.11 19.24 18.71 19.07 18.36 19.05 18.64 18.85 18.62 18.23 18.96 18.83 18.95
19.32 19.27 19.51 19.52 19.39 19.38 19.35 19.47 19.49 19.45 19.39 19.46 19.08 19.12 19.34 19.38 19.15 19.10 19.24 19.31 19.70 19.78 19.74 19.54 19.38 19.42 19.55 19.52 19.53 19.42 19.31 19.38 19.43 19.36 19.43 19.47 19.39 19.70 19.52 19.16 18.94 18.89 18.02 18.80 19.36 19.16 19.48 19.42 18.78 18.23 19.01 18.72 19.14 18.90 19.08 19.04 18.91 18.57 19.17 19.10 19.19 18.79 18.49 19.10 18.91 19.10 18.90 18.78 19.26 18.49 18.89 18.86 18.77 18.97 18.98 18.70 18.94
19.40 19.33 19.56 19.49 19.47 19.20 19.17 19.28 19.40 19.24 19.41 19.43 19.13 19.23 19.21 19.05 19.06 19.08 19.30 19.51 19.65 19.73 19.69 19.62 19.49 19.26 19.47 19.61 19.45 19.14 18.81 19.24 18.94 19.16 19.42 19.43 19.42 19.61 19.67 19.55 19.37 18.57 19.02 18.61 18.37 19.12 19.09 19.16 18.82 18.63 18.55 18.79 18.51 18.27 18.49 18.78 18.75 18.64 19.13 19.11 19.10 18.98 18.71 18.97 19.13 18.82 18.63 18.50 18.49 18.99 18.73 18.77 19.01 19.04 18.96 19.18 18.89
19.47 19.50 19.43 19.38 19.42 19.19 19.04 19.10 19.29 19.40 19.27 19.08 19.19 19.10 18.87 19.07 19.10 19.17 19.17 19.42 19.71 19.73 19.65 19.65 19.49 19.46 19.56 19.45 19.51 19.09 18.58 18.79 18.98 19.25 19.36 19.34 19.32 19.63 19.71 19.68 19.49 19.13 19.02 18.62 18.58 19.25 18.89 18.79 19.02 19.04 18.43 18.88 18.61 18.98 18.76 18.61 18.98 19.34 19.04 18.75 19.17 19.30 19.39 19.10 18.99 18.91 18.63 18.47 18.40 18.41 18.85 19.05 18.85 19.14 19.25 19.18 19.19
19.43 19.52 19.43 19.30 19.37 19.25 18.79 19.04 19.27 19.28 19.19 19.08 19.08 18.97 18.86 18.99 18.89 19.17 19.18 19.20 19.32 19.64 19.56 19.60 19.33 19.46 19.38 19.43 19.59 19.43 19.04 18.98 19.02 19.08 19.20 19.36 19.36 19.58 19.79 19.57 19.61 19.41 19.25 18.57 18.89 18.78 19.15 18.92 18.98 19.00 18.74 18.62 18.14 18.87 18.79 19.01 18.69 18.92 18.79 19.07 19.31 19.05 19.10 18.73 19.33 19.41 18.79 18.82 18.77 18.54 18.89 18.62 18.90 18.60 19.10 19.04 19.19
19.38 19.54 19.40 19.42 19.53 19.37 18.82 18.84 19.09 19.14 19.01 19.09 18.99 18.95 18.80 18.70 18.65 19.14 19.15 19.18 19.30 19.43 19.52 19.51 19.40 19.61 19.50 19.46 19.47 19.43 19.35 19.06 18.89 19.11 18.92 19.03 19.17 19.30 19.73 19.46 19.67 19.59 19.43 19.18 18.98 19.30 18.82 19.08 18.84 19.16 18.83 18.86 18.99 19.11 18.80 18.72 18.83 18.94 19.39 18.94 19.26 19.32 19.03 18.94 19.27 19.40 19.40 18.66 18.98 18.75 18.79 18.87 18.77 18.86 18.99 18.86 19.09
19.41 19.46 19.38 19.42 19.56 19.34 18.85 18.91 18.91 18.94 18.83 18.75 18.94 19.12 18.78 18.66 18.82 18.99 18.94 18.85 19.36 19.52 19.59 19.45 19.38 19.71 19.69 19.58 19.47 19.36 19.35 19.49 19.49 19.34 18.73 18.94 18.95 19.62 19.55 19.42 19.51 19.53 19.44 19.46 19.41 19.31 19.03 19.20 18.99 19.32 19.15 19.01 18.90 19.08 19.39 18.90 19.29 18.90 18.96 18.64 19.11 18.91 19.17 19.41 18.86 19.03 19.07 18.92 18.19 18.53 18.53 18.91 18.80 18.70 18.72 19.04 18.88
19.41 19.47 19.40 19.49 19.40 19.10 18.95 18.85 18.82 18.91 18.78 18.85 18.99 18.88 18.79 18.68 18.98 19.16 19.02 19.15 19.20 19.55 19.35 19.42 19.34 19.67 19.69 19.64 19.43 19.29 19.21 19.21 19.46 19.28 18.86 18.96 19.39 19.39 19.56 19.42 19.35 19.39 19.16 19.33 19.39 19.48 19.31 19.61 19.35 19.38 19.48 19.02 19.17 19.14 19.45 19.32 19.36 19.17 18.97 18.86 18.93 18.98 18.88 19.40 19.04 19.32 19.13 19.25 18.31 18.42 18.62 18.64 18.90 18.86 19.00 18.74 19.00
