files/bom_datasets/05.16.18.txt
ncols 839
nrows 679
xllcenter 112.0500
yllcenter -43.9500
cellsize 0.0500
nodata_value 99999.90
[rows 442 to 475 of 679, columns 231 to 307 of 839]
9.01 9.13 9.30 9.63 9.56 9.66 9.70 9.50 9.28 9.54 9.94 9.81 9.81 9.36 9.37 9.65 9.97 10.33 10.80 11.02 10.99 11.07 11.47 11.62 11.64 11.70 12.23 12.36 12.43 12.65 12.60 12.74 12.64 12.78 13.01 12.93 12.98 13.05 13.30 13.25 13.15 13.04 13.09 13.05 13.06 13.07 13.09 13.07 13.07 13.16 13.30 13.26 13.28 13.36 13.21 12.98 13.12 13.08 13.05 13.11 12.94 12.84 12.69 12.91 12.37 11.96 11.80 11.46 11.50 10.78 9.71 8.63 9.92 9.74 9.69 10.05 10.49
9.40 9.38 9.46 9.48 9.45 9.28 9.24 9.04 9.19 9.57 9.59 9.56 9.60 9.17 8.90 9.34 9.75 9.97 10.49 10.48 10.61 10.83 11.03 11.47 11.60 11.89 12.00 12.15 12.39 12.53 12.65 12.69 12.58 12.76 12.87 12.86 12.92 13.03 13.08 13.22 13.11 13.08 13.02 12.93 12.99 12.79 12.68 12.83 12.60 12.73 13.15 13.05 13.25 13.25 13.26 13.08 12.97 12.78 12.98 13.22 13.13 13.11 13.09 12.93 12.68 12.44 12.22 11.95 11.45 10.52 9.90 10.22 10.25 10.49 9.83 10.26 10.15
9.37 9.25 9.55 9.31 9.31 9.09 9.00 9.15 9.22 9.49 9.28 9.25 9.43 9.58 9.23 9.38 9.59 9.72 9.97 10.22 10.44 10.74 11.08 11.30 11.54 11.61 11.86 11.99 12.31 12.37 12.45 12.74 12.68 12.58 12.84 12.77 12.63 12.81 12.90 13.08 13.06 12.96 12.92 12.88 12.70 12.80 12.70 12.92 12.92 13.11 13.08 13.05 13.25 13.25 13.11 13.04 12.66 12.65 12.89 13.09 13.10 13.18 13.17 13.00 12.87 12.62 12.41 11.75 11.56 12.06 11.61 11.20 11.72 11.04 10.56 10.57 10.15
9.17 9.11 9.47 9.38 9.19 8.96 9.14 9.20 9.20 9.31 9.77 9.47 9.37 9.65 9.43 9.40 9.44 9.58 9.75 9.92 10.30 11.06 10.97 11.23 11.61 11.80 11.83 12.12 12.34 12.36 12.54 12.78 12.72 12.66 12.60 12.87 12.65 12.48 12.69 12.79 12.82 12.70 12.60 12.62 12.64 12.81 12.70 12.92 12.92 13.11 13.08 13.08 13.25 13.11 13.11 13.04 12.66 12.65 12.89 13.09 12.89 12.89 12.81 13.00 12.87 12.62 12.41 11.75 11.56 12.06 11.61 11.20 11.72 11.04 10.56 10.57 10.57
9.13 9.10 9.32 9.52 9.10 9.31 9.09 9.27 9.38 9.80 9.40 9.20 9.71 9.75 9.30 9.44 9.60 9.44 9.65 9.85 10.28 10.70 10.93 11.11 11.68 11.90 11.98 12.08 12.13 12.35 12.34 12.57 12.44 12.51 12.56 12.33 12.41 12.39 12.58 12.50 12.38 12.14 12.34 12.64 12.64 12.81 12.81 12.92 12.92 13.11 13.08 13.08 13.08 13.11 13.11 13.04 12.66 12.65 12.89 12.89 12.89 12.89 12.81 12.81 12.87 12.62 12.41 11.75 11.56 12.06 11.61 11.20 11.72 11.04 10.56 10.57 10.57
8.96 8.95 8.97 9.32 9.14 9.61 9.59 9.94 9.72 10.03 9.85 9.68 9.79 9.82 9.40 9.29 9.79 9.49 9.46 9.74 10.23 10.43 10.99 11.16 11.51 11.88 12.03 11.99 12.07 12.21 12.13 12.27 12.20 12.22 12.29 12.19 12.13 12.16 12.36 12.25 11.97 12.10 12.40 12.64 12.64 12.81 12.81 12.81 12.92 13.11 13.08 13.08 13.08 13.11 13.11 13.04 12.66 12.65 12.89 12.89 12.89 12.89 12.81 12.81 12.81 12.62 12.41 11.75 11.56 12.06 11.61 11.20 11.72 11.04 10.56 10.57 10.57
9.06 9.10 9.19 9.34 9.58 10.04 10.14 9.80 10.15 10.11 10.13 9.99 9.66 9.66 9.27 9.51 10.03 9.81 9.71 10.01 10.58 10.61 10.98 11.34 11.52 11.86 11.89 11.96 11.98 12.22 12.17 12.09 11.89 11.75 11.97 11.67 11.55 11.59 11.85 11.97 11.77 12.10 12.40 12.40 12.64 12.64 12.81 12.81 12.92 13.11 13.08 13.08 13.08 13.11 13.11 13.04 12.66 12.65 12.89 12.89 12.89 12.89 12.81 12.81 12.81 12.62 12.41 11.75 11.56 12.06 11.61 11.20 11.72 11.04 10.56 10.57 10.57
8.90 9.01 9.34 9.58 9.92 10.03 9.78 9.99 10.31 10.32 9.88 9.76 9.34 9.68 9.53 10.26 10.41 10.12 9.68 10.20 10.42 10.64 10.85 11.32 11.49 11.70 11.96 11.98 11.86 11.92 11.93 11.87 11.86 11.69 11.32 11.13 11.34 11.26 11.31 11.55 11.77 11.77 12.40 12.40 12.40 12.64 12.81 12.81 12.92 13.11 13.08 13.08 13.08 13.11 13.11 13.04 12.66 12.65 12.89 12.89 12.89 12.89 12.81 12.81 12.81 12.62 12.41 11.75 11.56 12.06 11.61 11.20 11.72 11.04 10.56 10.57 10.57
9.16 9.07 9.45 9.93 9.73 9.79 10.05 10.03 10.37 10.00 9.66 9.86 9.66 9.57 9.96 10.34 10.35 10.02 9.69 10.37 10.73 10.59 10.89 11.28 11.52 11.74 11.78 11.74 11.71 11.74 11.46 11.38 11.49 11.39 11.01 10.78 10.79 10.89 11.31 11.55 11.55 11.77 11.77 12.40 12.40 12.40 12.64 12.81 12.81 13.11 13.08 13.08 13.08 13.11 13.11 13.04 12.66 12.89 12.89 12.89 12.89 12.89 12.81 12.81 12.81 12.81 12.41 11.75 11.56 12.06 11.61 11.20 11.72 11.04 10.56 10.57 10.57
9.25 9.31 9.93 9.72 9.50 9.48 9.92 10.10 9.92 9.49 9.84 9.66 9.49 9.62 9.97 9.87 10.01 10.11 10.01 10.30 10.41 10.74 10.95 11.04 11.38 11.55 11.66 11.48 11.23 11.22 11.03 10.87 10.92 10.74 11.01 10.78 10.79 10.89 10.89 11.55 11.55 11.55 11.77 12.40 12.40 12.40 12.40 12.81 12.81 13.11 13.08 13.08 13.08 13.11 13.11 13.04 12.66 12.89 12.89 12.89 12.89 12.89 12.81 12.81 12.81 12.81 12.41 11.75 11.56 12.06 11.61 11.20 11.72 11.04 10.56 10.57 10.57
9.55 9.72 9.71 9.44 9.39 9.76 10.02 9.64 9.69 9.68 9.52 9.85 9.65 9.86 10.41 10.39 10.49 10.00 10.07 10.29 10.39 10.56 10.60 10.77 10.88 11.06 11.01 10.90 10.68 10.50 10.37 10.16 10.92 10.74 10.74 10.78 10.79 10.89 10.89 10.89 11.55 11.55 11.55 11.77 12.40 12.40 12.40 12.40 12.81 13.11 13.08 13.08 13.08 13.11 13.11 13.04 12.66 12.89 12.89 12.89 12.89 12.89 12.81 12.81 12.81 12.81 12.41 11.75 11.56 12.06 11.61 11.20 11.72 11.04 10.56 10.57 10.57
10.07 9.87 9.61 9.41 9.61 9.74 9.72 9.52 9.52 10.07 9.89 9.71 9.97 10.57 10.85 10.48 10.45 10.12 9.89 10.00 10.08 10.35 10.50 10.43 10.48 10.43 10.43 10.32 10.33 10.21 10.37 10.16 10.16 10.74 10.74 10.74 10.79 10.89 10.89 10.89 11.55 11.55 11.55 11.55 12.40 12.40 12.40 12.40 12.40 12.81 13.08 13.08 13.08 13.11 13.11 13.04 12.89 12.89 12.89 12.89 12.89 12.89 12.81 12.81 12.81 12.81 12.81 11.75 11.56 12.06 11.61 11.20 11.72 11.04 10.56 10.57 10.57
10.17 9.73 9.78 9.38 9.75 9.86 9.50 9.52 9.36 9.51 9.71 9.95 10.52 10.87 10.67 10.68 10.42 10.25 10.15 10.18 10.23 10.09 10.36 10.16 10.08 10.14 9.94 9.80 10.33 10.21 10.21 10.16 10.16 10.16 10.74 10.74 10.79 10.89 10.89 10.89 10.89 11.55 11.55 11.55 11.55 12.40 12.40 12.40 12.40 12.81 13.08 13.08 13.08 13.11 13.11 13.04 12.89 12.89 12.89 12.89 12.89 12.89 12.81 12.81 12.81 12.81 12.81 11.75 11.56 12.06 11.61 11.20 11.72 11.04 10.56 10.57 10.57
10.13 9.86 9.65 9.58 9.74 9.63 9.31 9.75 9.27 9.56 10.39 10.32 10.66 10.63 10.70 10.75 10.76 10.82 10.77 10.50 10.37 10.30 10.19 10.24 10.18 9.91 9.94 9.80 9.80 10.21 10.21 10.21 10.16 10.16 10.74 10.74 10.79 10.89 10.89 10.89 10.89 11.55 11.55 11.55 11.55 11.55 12.40 12.40 12.40 12.40 12.81 12.81 12.81 12.89 12.89 12.89 12.89 12.89 12.89 12.89 12.89 12.89 12.81 12.81 12.81 12.81 12.81 12.81 12.81 12.81 12.81 12.81 12.81 99999.90 99999.90 99999.90 99999.90
10.13 10.06 9.85 9.84 9.56 9.60 9.81 10.26 10.31 10.29 10.37 10.72 11.26 11.14 11.05 10.86 10.71 10.68 10.59 10.41 10.35 10.27 10.27 10.16 9.88 9.91 9.91 9.80 9.80 9.80 10.21 10.21 10.16 10.16 10.16 10.74 10.74 10.89 10.89 10.89 10.89 10.89 11.55 11.55 11.55 11.55 12.40 12.40 12.40 12.40 12.40 12.40 12.64 12.64 99999.90 99999.90 99999.90 99999.90 99999.90 99999.90 99999.90 99999.90 99999.90 99999.90 99999.90 99999.90 99999.90 99999.90 99999.90 99999.90 99999.90 99999.90 99999.90 99999.90 99999.90 99999.90 99999.90
10.26 10.03 10.02 9.85 9.75 9.63 9.99 10.67 10.68 10.97 11.40 11.06 10.76 10.62 10.21 10.05 10.10 10.11 10.25 10.24 10.28 10.24 10.05 10.16 9.88 9.88 9.91 9.91 9.80 9.80 10.21 10.21 10.21 10.16 10.16 10.74 10.74 10.89 10.89 10.89 10.89 10.89 11.55 11.55 11.55 11.55 11.55 12.40 12.40 12.40 12.40 12.40 12.40 99999.90 99999.90 99999.90 99999.90 99999.90 99999.90 99999.90 99999.90 99999.90 99999.90 99999.90 99999.90 99999.90 99999.90 99999.90 99999.90 99999.90 99999.90 99999.90 99999.90 99999.90 99999.90 99999.90 99999.90
10.45 10.24 10.15 10.07 9.77 10.06 10.54 10.86 11.12 11.04 10.84 10.59 10.28 9.91 10.12 10.05 10.10 10.11 10.25 10.24 10.28 10.24 10.05 10.05 9.88 9.88 9.88 9.91 9.80 9.80 9.80 10.21 10.21 10.16 10.16 10.16 10.74 10.89 10.89 10.89 10.89 10.89 10.89 11.55 11.55 11.55 11.55 11.55 11.55 11.77 11.77 99999.90 99999.90 99999.90 99999.90 99999.90 99999.90 99999.90 99999.90 99999.90 99999.90 99999.90 99999.90 99999.90 99999.90 99999.90 99999.90 99999.90 99999.90 99999.90 99999.90 99999.90 99999.90 99999.90 99999.90 99999.90 99999.90
10.57 10.53 10.45 10.39 10.20 10.53 10.75 10.75 10.52 10.68 10.65 10.19 9.88 9.91 10.12 10.12 10.10 10.11 10.25 10.24 10.28 10.24 10.05 10.05 10.05 9.88 9.88 9.88 9.91 9.80 9.80 10.21 10.21 10.21 10.16 10.16 10.74 10.74 10.89 10.89 10.89 10.89 10.89 11.55 11.55 11.55 11.55 11.55 11.55 11.55 99999.90 99999.90 99999.90 99999.90 99999.90 99999.90 99999.90 99999.90 99999.90 99999.90 99999.90 99999.90 99999.90 99999.90 99999.90 99999.90 99999.90 99999.90 99999.90 99999.90 99999.90 99999.90 99999.90 99999.90 99999.90 99999.90 99999.90
10.68 10.79 10.88 10.92 10.82 10.97 10.72 10.69 10.58 10.75 10.47 10.31 9.88 9.88 10.12 10.12 10.12 10.11 10.25 10.24 10.28 10.24 10.05 10.05 10.05 9.88 9.88 9.88 9.88 9.80 9.80 9.80 10.21 10.21 10.16 10.16 10.16 10.74 10.89 10.89 10.89 10.89 10.89 10.89 10.89 10.89 10.89 10.89 99999.90 99999.90 99999.90 99999.90 99999.90 99999.90 99999.90 99999.90 99999.90 99999.90 99999.90 99999.90 99999.90 99999.90 99999.90 99999.90 99999.90 99999.90 99999.90 99999.90 99999.90 99999.90 99999.90 99999.90 99999.90 99999.90 99999.90 99999.90 99999.90
11.01 11.21 11.28 11.20 10.95 10.98 10.51 10.56 10.45 10.53 10.28 10.31 10.31 9.88 9.88 10.12 10.12 10.11 10.25 10.24 10.28 10.24 10.05 10.05 10.05 10.05 9.88 9.88 9.88 9.88 9.80 9.80 10.21 10.21 10.21 10.16 10.16 10.74 10.74 10.74 10.74 10.74 10.74 10.74 99999.90 99999.90 99999.90 99999.90 99999.90 99999.90 99999.90 99999.90 99999.90 99999.90 99999.90 99999.90 99999.90 99999.90 99999.90 99999.90 99999.90 99999.90 99999.90 99999.90 99999.90 99999.90 99999.90 99999.90 99999.90 99999.90 99999.90 99999.90 99999.90 99999.90 99999.90 99999.90 99999.90
11.52 11.42 11.23 11.02 10.85 11.17 10.50 10.44 10.22 10.29 10.28 10.28 10.31 10.31 9.88 10.12 10.12 10.11 10.25 10.24 10.28 10.24 10.05 10.05 10.05 10.05 9.88 9.88 9.88 9.88 9.88 9.80 9.80 10.21 10.21 10.16 10.16 10.16 10.16 10.16 10.16 10.16 99999.90 99999.90 99999.90 99999.90 99999.90 99999.90 99999.90 99999.90 99999.90 99999.90 99999.90 99999.90 99999.90 99999.90 99999.90 99999.90 99999.90 99999.90 99999.90 99999.90 99999.90 99999.90 99999.90 99999.90 99999.90 99999.90 99999.90 99999.90 99999.90 99999.90 99999.90 99999.90 99999.90 99999.90 99999.90
11.65 11.59 11.23 10.98 10.97 10.86 10.35 10.27 9.86 10.00 10.00 10.00 10.28 10.31 10.31 9.88 10.12 10.12 10.25 10.24 10.28 10.24 10.05 10.05 10.05 10.05 10.05 9.88 9.88 9.88 9.88 9.80 9.80 10.21 10.21 10.21 10.21 10.21 10.21 10.21 99999.90 99999.90 99999.90 99999.90 99999.90 99999.90 99999.90 99999.90 99999.90 99999.90 99999.90 99999.90 99999.90 99999.90 99999.90 99999.90 99999.90 99999.90 99999.90 99999.90 99999.90 99999.90 99999.90 99999.90 99999.90 99999.90 99999.90 99999.90 99999.90 99999.90 99999.90 99999.90 99999.90 99999.90 99999.90 99999.90 99999.90
12.05 11.51 11.33 11.28 11.13 10.86 10.56 10.02 9.60 10.00 10.00 10.00 10.00 10.00 10.31 10.31 10.12 10.12 10.25 10.24 10.28 10.24 10.05 10.05 10.05 10.05 10.05 9.88 9.88 9.88 9.88 9.88 9.80 9.80 9.80 9.80 9.80 9.80 99999.90 99999.90 99999.90 99999.90 99999.90 99999.90 99999.90 99999.90 99999.90 99999.90 99999.90 99999.90 99999.90 99999.90 99999.90 99999.90 99999.90 99999.90 99999.90 99999.90 99999.90 99999.90 99999.90 99999.90 99999.90 99999.90 99999.90 99999.90 99999.90 99999.90 99999.90 99999.90 99999.90 99999.90 99999.90 99999.90 99999.90 99999.90 99999.90
11.70 11.24 11.38 11.22 11.08 10.53 10.35 9.89 9.89 9.89 9.89 10.00 10.00 10.00 10.00 10.00 10.31 10.12 10.25 10.24 10.28 10.24 10.05 10.05 10.05 10.05 10.05 10.05 9.88 9.88 9.88 9.88 9.88 9.88 9.91 9.91 99999.90 99999.90 99999.90 99999.90 99999.90 99999.90 99999.90 99999.90 99999.90 99999.90 99999.90 99999.90 99999.90 99999.90 99999.90 99999.90 99999.90 99999.90 99999.90 99999.90 99999.90 99999.90 99999.90 99999.90 99999.90 99999.90 99999.90 99999.90 99999.90 99999.90 99999.90 99999.90 99999.90 99999.90 99999.90 99999.90 99999.90 99999.90 99999.90 99999.90 99999.90
11.33 11.30 11.29 10.89 10.92 10.40 10.31 9.80 9.89 9.89 9.89 9.89 9.89 10.00 10.00 10.00 10.00 10.31 10.12 10.24 10.28 10.24 10.05 10.05 10.05 10.05 10.05 10.05 9.88 9.88 9.88 9.88 9.88 9.88 9.88 99999.90 99999.90 99999.90 99999.90 99999.90 99999.90 99999.90 99999.90 99999.90 99999.90 99999.90 99999.90 99999.90 99999.90 99999.90 99999.90 99999.90 99999.90 99999.90 99999.90 99999.90 99999.90 99999.90 99999.90 99999.90 99999.90 99999.90 99999.90 99999.90 99999.90 99999.90 99999.90 99999.90 99999.90 99999.90 99999.90 99999.90 99999.90 99999.90 99999.90 99999.90 99999.90
11.27 11.38 11.26 10.84 11.08 10.42 10.12 9.93 9.93 9.93 9.89 9.89 9.89 9.89 9.89 10.00 10.00 10.00 10.12 10.24 10.28 10.24 10.05 10.05 10.05 10.05 10.05 10.05 10.05 10.05 10.05 10.05 10.05 99999.90 99999.90 99999.90 99999.90 99999.90 99999.90 99999.90 99999.90 99999.90 99999.90 99999.90 99999.90 99999.90 99999.90 99999.90 99999.90 99999.90 99999.90 99999.90 99999.90 99999.90 99999.90 99999.90 99999.90 99999.90 99999.90 99999.90 99999.90 99999.90 99999.90 99999.90 99999.90 99999.90 99999.90 99999.90 99999.90 99999.90 99999.90 99999.90 99999.90 99999.90 99999.90 99999.90 99999.90
11.21 11.47 10.94 11.03 10.97 10.44 10.06 9.51 9.51 9.51 9.51 9.51 9.89 9.89 9.89 9.89 9.89 10.00 10.00 10.12 10.12 10.12 10.12 10.12 10.12 99999.90 99999.90 99999.90 99999.90 99999.90 99999.90 99999.90 99999.90 99999.90 99999.90 99999.90 99999.90 99999.90 99999.90 99999.90 99999.90 99999.90 99999.90 99999.90 99999.90 99999.90 99999.90 99999.90 99999.90 99999.90 99999.90 99999.90 99999.90 99999.90 99999.90 99999.90 99999.90 99999.90 99999.90 99999.90 99999.90 99999.90 99999.90 99999.90 99999.90 99999.90 99999.90 99999.90 99999.90 99999.90 99999.90 99999.90 99999.90 99999.90 99999.90 99999.90 99999.90
11.36 11.54 11.23 11.09 10.59 10.34 9.83 9.51 9.51 9.51 9.51 9.51 9.51 9.51 9.51 9.89 9.89 9.89 9.89 10.00 10.31 9.88 9.88 99999.90 99999.90 99999.90 99999.90 99999.90 99999.90 99999.90 99999.90 99999.90 99999.90 99999.90 99999.90 99999.90 99999.90 99999.90 99999.90 99999.90 99999.90 99999.90 99999.90 99999.90 99999.90 99999.90 99999.90 99999.90 99999.90 99999.90 99999.90 99999.90 99999.90 99999.90 99999.90 99999.90 99999.90 99999.90 99999.90 99999.90 99999.90 99999.90 99999.90 99999.90 99999.90 99999.90 99999.90 99999.90 99999.90 99999.90 99999.90 99999.90 99999.90 99999.90 99999.90 99999.90 99999.90
11.06 11.15 11.16 10.92 10.56 10.08 9.91 9.91 9.91 9.51 9.51 9.51 9.51 9.51 9.51 9.51 9.51 9.51 9.89 10.00 10.31 10.31 99999.90 99999.90 99999.90 99999.90 99999.90 99999.90 99999.90 99999.90 99999.90 99999.90 99999.90 99999.90 99999.90 99999.90 99999.90 99999.90 99999.90 99999.90 99999.90 99999.90 99999.90 99999.90 99999.90 99999.90 99999.90 99999.90 99999.90 99999.90 99999.90 99999.90 99999.90 99999.90 99999.90 99999.90 99999.90 99999.90 99999.90 99999.90 99999.90 99999.90 99999.90 99999.90 99999.90 99999.90 99999.90 99999.90 99999.90 99999.90 99999.90 99999.90 99999.90 99999.90 99999.90 99999.90 99999.90
10.92 10.95 10.75 10.53 10.34 10.00 9.91 9.91 9.91 9.91 9.91 9.51 9.51 9.51 9.51 9.51 9.51 9.51 9.89 10.00 10.28 99999.90 99999.90 99999.90 99999.90 99999.90 99999.90 99999.90 99999.90 99999.90 99999.90 99999.90 99999.90 99999.90 99999.90 99999.90 99999.90 99999.90 99999.90 99999.90 99999.90 99999.90 99999.90 99999.90 99999.90 99999.90 99999.90 99999.90 99999.90 99999.90 99999.90 99999.90 99999.90 99999.90 99999.90 99999.90 99999.90 99999.90 99999.90 99999.90 99999.90 99999.90 99999.90 99999.90 99999.90 99999.90 99999.90 99999.90 99999.90 99999.90 99999.90 99999.90 99999.90 99999.90 99999.90 99999.90 99999.90
10.88 10.78 10.69 10.29 10.05 10.00 10.00 9.91 9.91 9.91 9.91 9.91 9.91 9.51 9.51 9.51 9.51 9.51 9.89 10.00 99999.90 99999.90 99999.90 99999.90 99999.90 99999.90 99999.90 99999.90 99999.90 99999.90 99999.90 99999.90 99999.90 99999.90 99999.90 99999.90 99999.90 99999.90 99999.90 99999.90 99999.90 99999.90 99999.90 99999.90 99999.90 99999.90 99999.90 99999.90 99999.90 99999.90 99999.90 99999.90 99999.90 99999.90 99999.90 99999.90 99999.90 99999.90 99999.90 99999.90 99999.90 99999.90 99999.90 99999.90 99999.90 99999.90 99999.90 99999.90 99999.90 99999.90 99999.90 99999.90 99999.90 99999.90 99999.90 99999.90 99999.90
10.65 10.81 10.42 10.29 10.05 10.05 10.00 10.00 9.91 9.91 9.91 9.91 9.91 9.91 9.91 9.51 9.51 9.51 9.89 10.00 99999.90 99999.90 99999.90 99999.90 99999.90 99999.90 99999.90 99999.90 99999.90 99999.90 99999.90 99999.90 99999.90 99999.90 99999.90 99999.90 99999.90 99999.90 99999.90 99999.90 99999.90 99999.90 99999.90 99999.90 99999.90 99999.90 99999.90 99999.90 99999.90 99999.90 99999.90 99999.90 99999.90 99999.90 99999.90 99999.90 99999.90 99999.90 99999.90 99999.90 99999.90 99999.90 99999.90 99999.90 99999.90 99999.90 99999.90 99999.90 99999.90 99999.90 99999.90 99999.90 99999.90 99999.90 99999.90 99999.90 99999.90
10.70 10.63 10.39 10.39 10.05 10.05 10.05 10.00 10.00 9.91 9.91 9.91 9.91 9.91 9.91 9.91 9.91 9.51 9.89 99999.90 99999.90 99999.90 99999.90 99999.90 99999.90 99999.90 99999.90 99999.90 99999.90 99999.90 99999.90 99999.90 99999.90 99999.90 99999.90 99999.90 99999.90 99999.90 99999.90 99999.90 99999.90 99999.90 99999.90 99999.90 99999.90 99999.90 99999.90 99999.90 99999.90 99999.90 99999.90 99999.90 99999.90 99999.90 99999.90 99999.90 99999.90 99999.90 99999.90 99999.90 99999.90 99999.90 99999.90 99999.90 99999.90 99999.90 99999.90 99999.90 99999.90 99999.90 99999.90 99999.90 99999.90 99999.90 99999.90 99999.90 99999.90
10.80 10.49 10.06 10.06 10.06 10.06 10.05 10.05 10.00 10.00 9.91 9.91 9.91 9.91 9.91 9.91 9.91 9.51 9.89 99999.90 99999.90 99999.90 99999.90 99999.90 99999.90 99999.90 99999.90 99999.90 99999.90 99999.90 99999.90 99999.90 99999.90 99999.90 99999.90 99999.90 99999.90 99999.90 99999.90 99999.90 99999.90 99999.90 99999.90 99999.90 99999.90 99999.90 99999.90 99999.90 99999.90 99999.90 99999.90 99999.90 99999.90 99999.90 99999.90 99999.90 99999.90 99999.90 99999.90 99999.90 99999.90 99999.90 99999.90 99999.90 99999.90 99999.90 99999.90 99999.90 99999.90 99999.90 99999.90 99999.90 99999.90 99999.90 99999.90 99999.90 99999.90
