files/bom_datasets/05.13.18.txt
ncols 839
nrows 679
xllcenter 112.0500
yllcenter -43.9500
cellsize 0.0500
nodata_value 99999.90
[rows 238 to 271 of 679, columns 77 to 153 of 839]
17.80 17.88 17.93 17.94 17.92 17.85 17.81 17.84 17.87 17.93 17.92 17.79 17.84 17.88 17.84 17.91 17.92 17.92 17.98 17.94 17.89 17.78 17.79 17.83 17.89 17.89 17.89 17.87 17.95 17.93 17.76 17.82 17.86 17.72 17.83 17.88 17.91 17.86 17.88 17.89 17.86 17.98 17.99 17.91 17.42 17.26 17.41 17.34 17.64 17.73 17.51 17.42 17.57 17.72 17.82 17.88 17.87 17.87 17.87 17.85 17.87 17.84 17.86 17.86 17.86 17.84 17.75 17.74 17.71 17.86 17.79 17.56 17.49 17.82 17.63 17.64 17.73
17.83 17.87 17.89 17.93 17.98 17.90 17.83 17.90 17.98 17.95 17.82 17.81 17.78 17.84 17.86 17.93 17.88 17.85 17.82 17.92 17.89 17.76 17.80 17.84 17.88 17.87 17.88 17.92 17.88 17.89 17.86 17.83 17.90 17.85 17.85 17.87 17.88 17.92 17.87 17.90 17.90 17.92 17.87 17.91 17.67 17.62 17.79 17.80 17.82 17.88 17.73 17.45 17.46 17.38 17.68 17.74 17.78 17.79 17.85 17.78 17.75 17.90 17.77 17.74 17.84 17.80 17.82 17.69 17.73 17.81 17.78 17.87 17.68 17.73 17.65 17.63 17.58
17.84 17.86 17.92 17.95 17.92 17.88 17.76 17.81 17.86 17.85 17.78 17.85 17.88 17.91 17.92 17.94 17.94 17.86 17.86 17.91 17.90 17.86 17.78 17.77 17.84 17.89 17.88 17.87 17.84 17.74 17.78 17.88 17.89 17.91 17.88 17.83 17.84 17.84 17.87 17.95 17.99 17.92 17.91 17.93 17.86 17.86 17.86 17.85 17.86 17.89 17.83 17.93 17.70 17.71 17.82 17.71 17.81 17.72 17.57 17.72 17.80 17.82 17.81 17.75 17.79 17.77 17.76 17.74 17.70 17.67 17.66 17.73 17.64 17.71 17.64 17.55 17.56
17.86 17.82 17.86 17.82 17.86 17.84 17.86 17.74 17.80 17.81 17.81 17.84 17.86 17.88 17.93 17.91 17.87 17.82 17.87 17.94 17.90 17.94 17.87 17.88 17.78 17.80 17.81 17.79 17.82 17.84 17.79 17.76 17.88 17.81 17.77 17.80 17.78 17.81 17.82 17.88 17.89 17.94 17.87 17.90 17.85 17.90 17.87 17.90 17.80 17.73 17.90 17.81 17.88 17.80 17.86 17.90 17.93 17.80 17.61 17.60 17.56 17.73 17.58 17.54 17.72 17.68 17.69 17.71 17.64 17.67 17.65 17.60 17.65 17.67 17.56 17.54 17.56
17.85 17.75 17.76 17.80 17.82 17.85 17.84 17.81 17.83 17.85 17.86 17.84 17.82 17.82 17.88 17.88 17.85 17.87 17.81 17.80 17.88 17.87 17.88 17.77 17.83 17.72 17.70 17.74 17.75 17.74 17.78 17.71 17.76 17.72 17.69 17.71 17.74 17.75 17.77 17.82 17.88 17.86 17.85 17.80 17.87 17.90 17.81 17.73 17.76 17.75 17.97 17.82 17.94 17.98 17.93 17.92 17.91 17.85 17.78 17.91 17.89 17.96 17.88 17.78 17.75 17.72 17.75 17.66 17.65 17.57 17.61 17.62 17.61 17.69 17.63 17.67 17.56
17.83 17.76 17.72 17.74 17.86 17.83 17.87 17.81 17.83 17.84 17.86 17.82 17.84 17.86 17.88 17.90 17.89 17.85 17.86 17.81 17.80 17.82 17.77 17.68 17.69 17.68 17.66 17.66 17.72 17.73 17.73 17.73 17.80 17.82 17.77 17.75 17.82 17.82 17.71 17.68 17.82 17.82 17.79 17.78 17.74 17.72 17.71 17.70 17.72 17.80 17.90 17.83 17.83 17.84 17.85 17.97 17.97 17.91 17.81 17.85 17.91 17.92 17.95 17.92 17.92 17.88 17.83 17.73 17.70 17.58 17.60 17.72 17.68 17.62 17.64 17.60 17.70
17.76 17.68 17.67 17.78 17.82 17.80 17.76 17.78 17.81 17.83 17.86 17.82 17.77 17.83 17.86 17.87 17.80 17.72 17.73 17.83 17.80 17.73 17.77 17.78 17.79 17.76 17.73 17.70 17.65 17.62 17.61 17.66 17.66 17.72 17.77 17.77 17.83 17.82 17.74 17.75 17.80 17.79 17.76 17.71 17.80 17.77 17.75 17.75 17.68 17.66 17.76 17.74 17.66 17.68 17.76 17.83 17.83 17.85 17.88 17.90 17.93 17.95 17.93 17.91 17.93 17.89 17.88 17.86 17.80 17.69 17.53 17.59 17.54 17.52 17.53 17.56 17.65
17.76 17.70 17.82 17.74 17.79 17.74 17.70 17.75 17.80 17.78 17.77 17.84 17.76 17.76 17.78 17.77 17.77 17.71 17.67 17.73 17.71 17.70 17.78 17.81 17.77 17.79 17.77 17.68 17.75 17.70 17.74 17.67 17.56 17.67 17.75 17.53 17.32 17.41 17.13 17.58 17.71 17.84 17.76 17.74 17.72 17.79 17.78 17.78 17.82 17.78 17.70 17.70 17.78 17.67 17.73 17.80 17.85 17.80 17.82 17.92 17.92 17.86 17.84 17.88 17.90 17.92 17.89 17.79 17.74 17.76 17.72 17.75 17.74 17.58 17.51 17.57 17.70
17.74 17.75 17.74 17.56 17.57 17.71 17.70 17.64 17.70 17.76 17.71 17.79 17.68 17.64 17.73 17.71 17.66 17.69 17.69 17.76 17.75 17.76 17.69 17.71 17.73 17.68 17.76 17.77 17.74 17.77 17.78 17.72 17.55 17.63 17.66 17.46 17.47 17.52 17.51 17.65 17.71 17.68 17.68 17.71 17.64 17.72 17.73 17.74 17.86 17.81 17.83 17.71 17.70 17.71 17.78 17.66 17.82 17.81 17.84 17.82 17.79 17.78 17.69 17.69 17.72 17.74 17.66 17.66 17.76 17.81 17.84 17.81 17.80 17.69 17.68 17.71 17.76
17.57 17.70 17.63 17.40 17.29 17.50 17.72 17.68 17.65 17.58 17.67 17.72 17.60 17.68 17.65 17.69 17.67 17.62 17.63 17.77 17.75 17.75 17.59 17.64 17.68 17.59 17.62 17.68 17.71 17.84 17.86 17.79 17.70 17.74 17.60 17.60 17.71 17.75 17.65 17.62 17.66 17.54 17.68 17.60 17.50 17.56 17.64 17.66 17.63 17.65 17.68 17.69 17.69 17.71 17.62 17.71 17.75 17.80 17.85 17.85 17.85 17.84 17.76 17.78 17.80 17.72 17.71 17.77 17.60 17.49 17.79 17.81 17.79 17.81 17.87 17.78 17.78
17.66 17.67 17.70 17.73 17.45 17.41 17.52 17.62 17.61 17.63 17.73 17.68 17.66 17.65 17.61 17.66 17.69 17.62 17.61 17.68 17.68 17.72 17.63 17.61 17.62 17.59 17.64 17.69 17.66 17.69 17.61 17.66 17.61 17.66 17.54 17.56 17.72 17.70 17.69 17.75 17.67 17.52 17.65 17.64 17.58 17.51 17.43 17.49 17.45 17.54 17.39 17.44 17.55 17.61 17.62 17.69 17.62 17.50 17.55 17.68 17.74 17.81 17.77 17.72 17.69 17.75 17.81 17.78 17.75 17.76 17.67 17.61 17.54 17.51 17.51 17.66 17.71
17.66 17.64 17.60 17.62 17.50 17.52 17.64 17.73 17.55 17.11 17.47 17.71 17.76 17.55 17.54 17.69 17.72 17.69 17.69 17.62 17.59 17.65 17.68 17.69 17.62 17.56 17.56 17.59 17.55 17.51 17.56 17.60 17.48 17.39 17.45 17.66 17.66 17.57 17.56 17.54 17.60 17.66 17.62 17.49 17.48 17.56 17.48 17.38 17.26 17.59 17.56 17.52 17.45 17.50 17.56 17.54 17.51 17.61 17.57 17.59 17.54 17.55 17.58 17.70 17.69 17.64 17.74 17.75 17.79 17.73 17.72 17.75 17.70 17.68 17.69 17.66 17.52
17.67 17.70 17.69 17.60 17.46 17.44 17.53 17.61 17.60 17.31 17.34 17.46 17.51 17.20 17.47 17.56 17.48 17.59 17.60 17.60 17.67 17.77 17.72 17.63 17.60 17.61 17.67 17.58 17.53 17.57 17.52 17.54 17.47 17.39 17.45 17.49 17.55 17.59 17.49 17.47 17.51 17.56 17.57 17.58 17.58 17.57 17.60 17.51 17.62 17.74 17.68 17.52 17.51 17.54 17.53 17.52 17.59 17.71 17.66 17.66 17.55 17.59 17.58 17.58 17.66 17.64 17.66 17.61 17.65 17.61 17.72 17.81 17.74 17.71 17.84 17.70 17.67
17.62 17.60 17.68 17.75 17.63 17.56 17.42 17.33 17.50 17.62 17.40 17.50 17.52 17.50 17.23 17.05 17.22 17.55 17.47 17.60 17.58 17.61 17.61 17.65 17.71 17.70 17.73 17.67 17.62 17.61 17.64 17.63 17.60 17.48 17.47 17.53 17.45 17.51 17.41 17.36 17.42 17.47 17.55 17.63 17.55 17.48 17.59 17.58 17.64 17.70 17.59 17.55 17.51 17.50 17.52 17.49 17.66 17.63 17.57 17.56 17.59 17.56 17.55 17.54 17.63 17.64 17.65 17.70 17.63 17.55 17.61 17.72 17.75 17.78 17.60 17.44 17.53
17.33 17.30 17.37 17.69 17.69 17.65 17.45 17.14 17.28 17.58 17.51 17.46 17.51 17.47 17.48 17.32 17.39 17.38 17.30 17.48 17.42 17.47 17.49 17.64 17.72 17.60 17.56 17.57 17.58 17.48 17.61 17.63 17.64 17.59 17.70 17.71 17.71 17.47 17.38 17.31 17.24 17.20 17.26 17.44 17.58 17.53 17.70 17.59 17.58 17.50 17.41 17.45 17.40 17.48 17.47 17.50 17.50 17.43 17.53 17.49 17.57 17.57 17.67 17.69 17.63 17.54 17.59 17.66 17.49 17.54 17.75 17.75 17.78 17.78 17.69 17.56 17.64
17.16 17.03 17.24 17.63 17.57 17.67 17.45 17.00 17.09 17.51 17.64 17.53 17.46 17.36 17.51 17.53 17.50 17.31 17.35 17.25 17.18 17.31 17.45 17.58 17.67 17.57 17.41 17.47 17.51 17.38 17.49 17.53 17.66 17.68 17.69 17.68 17.66 17.51 17.36 17.30 17.21 17.12 17.21 17.28 17.38 17.47 17.48 17.45 17.41 17.49 17.44 17.35 17.37 17.46 17.50 17.53 17.50 17.43 17.53 17.52 17.50 17.56 17.59 17.62 17.55 17.55 17.57 17.60 17.61 17.60 17.69 17.68 17.70 17.77 17.75 17.73 17.73
17.26 17.15 17.26 17.31 17.60 17.65 17.41 17.29 17.25 17.45 17.49 17.58 17.65 17.55 17.59 17.60 17.61 17.42 17.38 17.54 17.33 17.18 17.37 17.59 17.43 17.24 17.40 17.47 17.31 17.27 17.40 17.38 17.51 17.50 17.63 17.58 17.58 17.62 17.51 17.39 17.43 17.45 17.42 17.41 17.35 17.43 17.46 17.42 17.38 17.39 17.32 17.25 17.37 17.43 17.48 17.47 17.52 17.50 17.52 17.53 17.54 17.56 17.59 17.59 17.56 17.43 17.56 17.60 17.64 17.65 17.68 17.65 17.65 17.66 17.73 17.72 17.73
17.37 17.45 17.32 17.38 17.54 17.53 17.40 17.47 17.54 17.54 17.37 17.44 17.64 17.67 17.63 17.59 17.61 17.56 17.52 17.64 17.47 17.35 17.48 17.48 17.35 17.19 17.22 17.43 17.41 17.46 17.46 17.46 17.51 17.50 17.51 17.60 17.57 17.63 17.56 17.45 17.50 17.46 17.49 17.51 17.49 17.52 17.44 17.40 17.46 17.40 17.37 17.30 17.28 17.30 17.45 17.50 17.51 17.61 17.60 17.54 17.56 17.64 17.56 17.58 17.56 17.55 17.64 17.64 17.61 17.65 17.67 17.67 17.59 17.61 17.65 17.61 17.62
17.53 17.57 17.56 17.50 17.57 17.57 17.37 17.38 17.55 17.64 17.41 17.52 17.55 17.61 17.68 17.69 17.65 17.61 17.50 17.50 17.64 17.32 17.56 17.55 17.44 17.25 17.23 17.28 17.41 17.53 17.54 17.52 17.52 17.44 17.50 17.50 17.51 17.49 17.42 17.38 17.50 17.56 17.51 17.48 17.47 17.51 17.48 17.47 17.45 17.39 17.43 17.44 17.30 17.41 17.41 17.47 17.53 17.57 17.57 17.58 17.60 17.63 17.66 17.68 17.60 17.59 17.57 17.65 17.67 17.62 17.61 17.63 17.60 17.58 17.54 17.64 17.60
17.56 17.61 17.60 17.62 17.57 17.62 17.49 17.52 17.27 17.52 17.66 17.70 17.61 17.64 17.66 17.60 17.56 17.57 17.61 17.44 17.39 17.13 17.38 17.54 17.56 17.39 17.04 17.17 17.42 17.47 17.59 17.61 17.50 17.48 17.49 17.52 17.45 17.37 17.31 17.32 17.43 17.52 17.54 17.46 17.39 17.42 17.45 17.38 17.43 17.37 17.33 17.41 17.42 17.48 17.44 17.45 17.54 17.58 17.54 17.55 17.51 17.56 17.58 17.58 17.56 17.53 17.56 17.67 17.64 17.64 17.59 17.56 17.53 17.50 17.45 17.56 17.55
17.53 17.60 17.62 17.62 17.59 17.59 17.60 17.52 17.31 17.20 17.53 17.64 17.64 17.57 17.63 17.57 17.58 17.57 17.48 17.32 17.39 17.28 17.34 17.46 17.47 17.40 17.23 17.28 17.45 17.33 17.51 17.45 17.34 17.40 17.31 17.35 17.29 17.31 17.25 17.34 17.39 17.37 17.43 17.32 17.26 17.35 17.41 17.40 17.42 17.48 17.51 17.53 17.50 17.49 17.41 17.44 17.48 17.47 17.40 17.50 17.60 17.63 17.60 17.58 17.62 17.62 17.62 17.63 17.63 17.67 17.62 17.58 17.55 17.48 17.52 17.49 17.40
17.55 17.51 17.60 17.62 17.61 17.58 17.57 17.46 17.37 17.46 17.57 17.62 17.64 17.47 17.44 17.45 17.55 17.51 17.53 17.37 17.32 17.20 17.11 17.09 17.16 17.36 17.34 17.43 17.36 17.19 17.40 17.46 17.56 17.37 17.19 17.42 17.43 17.40 17.37 17.34 17.34 17.45 17.42 17.35 17.23 17.35 17.37 17.45 17.39 17.47 17.50 17.46 17.40 17.42 17.44 17.43 17.39 17.35 17.34 17.48 17.53 17.57 17.57 17.59 17.62 17.56 17.60 17.61 17.62 17.63 17.62 17.55 17.52 17.51 17.54 17.51 17.44
17.54 17.53 17.55 17.55 17.61 17.53 17.56 17.59 17.47 17.34 17.52 17.62 17.61 17.53 17.48 17.39 17.56 17.60 17.58 17.35 17.23 17.32 17.32 17.18 17.41 17.50 17.46 17.50 17.30 17.17 17.28 17.21 17.45 17.51 17.37 17.32 17.41 17.35 17.39 17.50 17.49 17.55 17.54 17.46 17.35 17.31 17.44 17.47 17.40 17.38 17.41 17.39 17.41 17.46 17.41 17.34 17.33 17.31 17.33 17.42 17.49 17.54 17.51 17.54 17.58 17.57 17.60 17.62 17.57 17.59 17.60 17.54 17.54 17.54 17.55 17.54 17.57
17.50 17.50 17.55 17.49 17.55 17.58 17.52 17.58 17.55 17.44 17.48 17.59 17.59 17.55 17.44 17.46 17.58 17.55 17.57 17.55 17.39 17.35 17.48 17.47 17.51 17.58 17.57 17.56 17.42 17.26 17.18 17.14 17.45 17.47 17.34 17.45 17.52 17.47 17.44 17.46 17.47 17.47 17.38 17.40 17.28 17.39 17.52 17.49 17.35 17.27 17.40 17.34 17.30 17.33 17.43 17.44 17.41 17.44 17.45 17.47 17.53 17.49 17.47 17.49 17.54 17.53 17.55 17.54 17.54 17.55 17.57 17.54 17.55 17.51 17.47 17.49 17.45
17.48 17.49 17.49 17.47 17.59 17.55 17.55 17.54 17.57 17.44 17.53 17.54 17.44 17.42 17.28 17.39 17.51 17.57 17.59 17.56 17.36 17.17 17.38 17.42 17.52 17.56 17.57 17.58 17.44 17.42 17.38 17.31 17.52 17.36 17.35 17.30 17.52 17.53 17.51 17.31 17.32 17.26 17.36 17.38 17.46 17.58 17.51 17.50 17.47 17.24 17.30 17.34 17.33 17.40 17.47 17.42 17.46 17.45 17.44 17.39 17.40 17.45 17.41 17.40 17.43 17.43 17.52 17.46 17.46 17.54 17.56 17.55 17.53 17.52 17.55 17.44 17.41
17.49 17.53 17.50 17.32 17.54 17.52 17.45 17.43 17.57 17.52 17.35 17.39 17.31 17.39 17.41 17.42 17.36 17.52 17.57 17.56 17.48 17.37 17.33 17.40 17.54 17.59 17.54 17.54 17.50 17.35 17.47 17.47 17.48 17.35 17.33 17.28 17.35 17.31 17.45 17.38 17.47 17.47 17.46 17.42 17.36 17.38 17.37 17.30 17.34 17.37 17.38 17.43 17.38 17.36 17.41 17.38 17.37 17.43 17.44 17.37 17.41 17.42 17.43 17.43 17.50 17.48 17.46 17.39 17.38 17.43 17.49 17.50 17.43 17.42 17.45 17.44 17.41
17.46 17.47 17.44 17.29 17.34 17.52 17.42 17.51 17.51 17.56 17.53 17.45 17.43 17.48 17.54 17.50 17.37 17.23 17.47 17.53 17.51 17.50 17.50 17.51 17.43 17.53 17.54 17.57 17.56 17.51 17.42 17.52 17.51 17.39 17.40 17.35 17.33 17.17 17.22 17.29 17.37 17.35 17.41 17.42 17.47 17.43 17.40 17.32 17.41 17.43 17.41 17.39 17.36 17.36 17.29 17.33 17.34 17.34 17.34 17.38 17.38 17.42 17.40 17.44 17.44 17.34 17.35 17.32 17.31 17.31 17.38 17.39 17.38 17.41 17.45 17.45 17.45
17.30 17.35 17.36 17.32 17.29 17.44 17.46 17.55 17.53 17.51 17.49 17.54 17.48 17.48 17.49 17.35 17.43 17.38 17.45 17.48 17.49 17.51 17.31 17.38 17.47 17.46 17.47 17.48 17.52 17.50 17.41 17.37 17.48 17.46 17.37 17.28 17.22 17.34 17.45 17.38 17.34 17.36 17.39 17.44 17.45 17.44 17.41 17.35 17.41 17.46 17.42 17.35 17.31 17.33 17.28 17.25 17.32 17.36 17.39 17.38 17.43 17.43 17.42 17.45 17.42 17.35 17.42 17.44 17.45 17.37 17.41 17.40 17.36 17.46 17.45 17.43 17.47
17.26 17.24 17.38 17.41 17.33 17.41 17.47 17.49 17.52 17.52 17.52 17.51 17.51 17.50 17.46 17.44 17.34 17.31 17.34 17.43 17.48 17.27 17.15 17.25 17.51 17.53 17.51 17.41 17.14 17.31 17.47 17.45 17.50 17.40 17.34 17.36 17.40 17.38 17.44 17.44 17.41 17.42 17.42 17.39 17.43 17.43 17.36 17.35 17.38 17.41 17.40 17.26 17.20 17.33 17.26 17.29 17.28 17.27 17.24 17.29 17.30 17.39 17.44 17.44 17.45 17.44 17.44 17.47 17.43 17.37 17.40 17.39 17.31 17.33 17.32 17.44 17.47
17.34 17.33 17.38 17.45 17.43 17.45 17.47 17.48 17.49 17.47 17.49 17.50 17.48 17.48 17.48 17.44 17.28 17.27 17.34 17.42 17.44 17.40 17.33 17.29 17.29 17.28 17.29 17.44 17.32 17.38 17.50 17.51 17.47 17.45 17.29 17.28 17.43 17.45 17.41 17.43 17.46 17.47 17.44 17.41 17.40 17.40 17.31 17.16 17.24 17.32 17.27 17.25 17.23 17.25 17.25 17.22 17.23 17.26 17.30 17.28 17.23 17.24 17.22 17.41 17.43 17.43 17.42 17.45 17.42 17.34 17.37 17.43 17.38 17.41 17.36 17.46 17.45
17.37 17.44 17.41 17.38 17.46 17.44 17.47 17.43 17.45 17.45 17.45 17.47 17.48 17.45 17.45 17.45 17.41 17.37 17.38 17.38 17.41 17.42 17.44 17.46 17.40 17.26 17.37 17.42 17.45 17.45 17.45 17.48 17.47 17.45 17.36 17.26 17.34 17.42 17.46 17.46 17.45 17.44 17.40 17.40 17.38 17.37 17.30 17.28 17.22 17.38 17.29 17.34 17.34 17.33 17.29 17.24 17.29 17.24 17.17 17.27 17.22 17.27 17.35 17.35 17.33 17.31 17.38 17.45 17.38 17.40 17.35 17.40 17.36 17.39 17.44 17.45 17.48
17.40 17.42 17.37 17.31 17.39 17.36 17.40 17.32 17.33 17.41 17.43 17.44 17.43 17.44 17.44 17.43 17.43 17.42 17.40 17.39 17.45 17.45 17.44 17.43 17.43 17.31 17.16 17.36 17.38 17.42 17.45 17.41 17.37 17.25 17.33 17.33 17.40 17.41 17.41 17.41 17.43 17.43 17.41 17.41 17.40 17.39 17.32 17.24 17.21 17.34 17.31 17.35 17.41 17.36 17.32 17.27 17.25 17.29 17.22 17.30 17.34 17.38 17.39 17.41 17.43 17.44 17.45 17.42 17.42 17.41 17.40 17.39 17.38 17.43 17.45 17.48 17.47
17.42 17.43 17.44 17.41 17.41 17.30 17.37 17.39 17.34 17.29 17.32 17.40 17.43 17.42 17.44 17.42 17.42 17.44 17.43 17.40 17.40 17.42 17.44 17.39 17.34 17.38 17.30 17.30 17.06 17.17 17.31 17.31 17.28 17.20 17.21 17.36 17.37 17.38 17.37 17.40 17.40 17.41 17.36 17.29 17.35 17.37 17.37 17.30 17.32 17.30 17.36 17.40 17.40 17.38 17.31 17.26 17.28 17.30 17.15 17.20 17.40 17.41 17.40 17.43 17.45 17.46 17.46 17.44 17.43 17.43 17.38 17.40 17.41 17.42 17.41 17.44 17.41
17.42 17.44 17.42 17.41 17.41 17.38 17.26 17.39 17.39 17.37 17.39 17.41 17.42 17.42 17.42 17.39 17.39 17.39 17.41 17.40 17.37 17.38 17.41 17.36 17.38 17.37 17.24 17.24 17.26 17.21 17.08 17.07 17.03 16.98 16.98 17.21 17.21 17.33 17.38 17.38 17.37 17.36 17.38 17.39 17.26 17.35 17.34 17.29 17.30 17.18 17.32 17.34 17.25 17.26 17.34 17.35 17.32 17.31 17.25 17.25 17.36 17.29 17.37 17.35 17.42 17.43 17.44 17.41 17.42 17.41 17.34 17.35 17.38 17.41 17.39 17.42 17.37
