files/bom_datasets/05.15.18.txt
ncols 839
nrows 679
xllcenter 112.0500
yllcenter -43.9500
cellsize 0.0500
nodata_value 99999.90
[rows 238 to 271 of 679, columns 539 to 615 of 839]
18.05 18.05 18.03 17.97 17.93 17.88 17.92 17.93 17.91 17.90 17.93 17.91 17.78 17.88 17.83 17.87 17.94 17.77 17.60 17.65 17.18 17.39 17.32 17.50 17.33 17.52 17.71 17.97 17.96 17.97 18.00 18.01 18.03 18.01 17.77 17.71 17.61 17.42 17.33 17.10 17.63 17.98 17.98 17.90 17.99 17.97 17.97 17.96 17.96 17.98 17.97 17.96 17.98 17.96 17.98 17.97 17.97 17.98 18.00 17.94 17.84 17.96 17.96 17.97 17.92 17.30 17.24 17.46 17.54 17.48 17.00 16.88 16.81 16.99 17.03 16.66 15.92
17.98 17.98 18.01 18.00 17.89 17.86 17.94 17.99 18.01 17.99 17.90 17.84 17.72 17.74 17.70 17.77 17.85 17.76 17.94 17.87 17.32 17.52 17.34 17.55 17.79 17.77 17.70 17.68 17.92 17.84 17.90 18.00 18.02 18.03 17.99 17.97 17.56 17.29 17.33 16.93 17.87 17.86 17.94 17.86 17.97 17.95 17.98 17.95 17.94 17.87 17.87 17.94 17.96 17.94 17.95 17.96 17.96 17.96 17.97 17.95 17.97 17.94 17.95 17.97 17.83 17.52 17.44 17.32 17.36 17.14 16.53 16.51 17.15 17.31 16.85 16.74 16.18
17.93 17.96 17.93 17.95 17.92 17.93 17.97 17.98 17.98 17.96 17.81 17.70 17.42 17.60 17.59 17.66 17.44 17.43 17.94 17.96 17.79 17.75 17.91 17.66 17.82 17.48 17.83 17.50 17.36 17.30 17.70 17.96 17.99 18.00 17.99 17.82 17.91 17.49 17.12 17.24 17.92 17.90 17.77 17.61 17.90 17.92 17.94 17.92 17.90 17.46 17.49 17.90 17.93 17.93 17.93 17.73 17.90 17.93 17.95 17.94 17.95 17.92 17.93 17.95 17.88 17.55 17.31 17.25 17.19 17.23 16.15 15.84 16.29 16.15 16.07 16.51 16.72
17.95 17.99 17.94 17.97 17.94 17.96 17.98 17.99 17.97 17.97 17.93 17.74 17.68 17.74 17.48 17.40 17.09 17.04 16.72 17.07 17.07 17.68 17.87 17.79 17.31 17.64 17.83 17.85 17.42 17.62 17.97 17.98 17.98 17.94 18.01 17.74 17.53 17.40 17.02 17.76 17.90 17.91 17.56 17.35 17.89 17.90 17.89 17.89 17.86 17.06 17.07 17.85 17.90 17.90 17.88 17.69 17.83 17.90 17.93 17.89 17.92 17.92 17.92 17.93 17.85 17.79 17.64 17.52 17.14 17.05 16.30 16.17 16.40 16.37 16.06 16.49 16.83
17.92 17.94 17.96 17.95 17.94 17.94 17.95 17.92 17.88 17.95 17.93 17.87 17.75 17.88 17.82 17.49 17.13 16.94 16.96 16.99 16.87 16.71 17.59 17.94 17.48 17.71 17.85 17.75 17.55 17.70 17.94 17.97 17.96 17.89 17.81 17.80 17.56 17.45 17.21 17.56 17.75 17.72 17.24 17.06 17.74 17.88 17.77 17.54 17.13 16.67 16.76 16.77 17.43 17.73 17.88 17.87 17.85 17.84 17.90 17.87 17.91 17.89 17.89 17.88 17.84 17.72 17.52 17.56 17.16 17.05 16.52 16.35 16.21 16.35 16.31 16.64 16.71
17.94 17.91 17.93 17.91 17.91 17.91 17.90 17.89 17.80 17.88 17.90 17.91 17.92 17.79 17.73 17.40 17.38 17.25 17.23 17.09 16.97 16.77 17.24 17.57 17.76 17.52 17.77 17.82 17.87 17.91 17.95 17.93 17.95 17.95 17.78 17.81 17.75 17.39 17.16 17.28 17.26 17.34 17.22 17.31 17.82 17.87 17.37 17.32 16.27 16.29 16.71 16.28 16.56 17.33 17.67 17.84 17.87 17.85 17.89 17.85 17.89 17.89 17.86 17.85 17.84 17.74 17.64 17.58 17.44 17.18 16.73 16.48 16.46 16.63 16.53 17.15 17.12
17.93 17.92 17.87 17.89 17.87 17.87 17.87 17.86 17.74 17.84 17.86 17.85 17.92 17.80 17.79 17.85 17.80 17.60 17.46 17.35 17.29 17.11 17.23 17.31 17.83 17.59 17.74 17.83 17.87 17.86 17.92 17.89 17.86 17.76 17.67 17.73 17.58 17.60 17.63 17.60 17.55 17.43 17.74 17.61 17.76 17.72 16.99 16.86 16.57 16.03 16.76 16.79 16.62 17.50 17.62 17.85 17.83 17.87 17.87 17.84 17.87 17.86 17.84 17.84 17.82 17.71 17.66 17.55 17.40 17.27 16.97 16.63 16.51 16.72 16.97 16.97 16.36
17.85 17.86 17.89 17.91 17.88 17.83 17.81 17.82 17.83 17.83 17.81 17.83 17.86 17.80 17.85 17.85 17.87 17.80 17.34 17.55 17.61 17.37 17.40 17.35 17.65 17.75 17.80 17.85 17.89 17.90 17.87 17.55 17.54 17.46 17.50 17.61 17.44 17.83 17.84 17.84 17.85 17.83 17.39 17.28 17.56 17.17 16.52 16.43 16.54 16.15 16.49 16.80 17.12 17.74 17.84 17.85 17.86 17.81 17.84 17.84 17.83 17.85 17.83 17.84 17.82 17.81 17.76 17.62 17.32 17.50 17.01 16.96 16.98 17.01 16.86 17.30 16.21
17.81 17.83 17.88 17.85 17.84 17.80 17.78 17.80 17.80 17.79 17.77 17.73 17.78 17.79 17.85 17.84 17.82 17.79 17.49 17.48 17.63 17.60 17.56 17.59 17.68 17.68 17.75 17.83 17.87 17.92 17.66 17.55 17.33 17.53 17.50 17.05 17.68 17.84 17.82 17.83 17.81 17.81 17.75 16.88 16.69 16.68 16.51 16.26 16.42 16.70 17.16 17.13 17.11 17.60 17.63 17.75 17.81 17.78 17.71 17.82 17.81 17.81 17.81 17.82 17.82 17.79 17.71 17.58 17.19 17.02 17.06 17.15 17.23 17.11 17.48 17.40 16.42
17.83 17.82 17.85 17.83 17.83 17.82 17.80 17.81 17.78 17.76 17.69 17.65 17.75 17.75 17.87 17.86 17.75 17.79 17.71 17.46 17.35 17.51 17.69 17.62 17.63 17.67 17.64 17.75 17.78 17.90 17.71 17.55 17.44 17.51 17.17 17.05 17.68 17.67 17.78 17.82 17.83 17.80 17.79 17.43 16.64 16.96 16.83 16.54 16.71 16.96 17.26 17.34 17.12 17.25 17.43 17.68 17.82 17.81 17.70 17.79 17.81 17.81 17.80 17.81 17.80 17.80 17.77 17.47 17.32 17.64 17.09 16.71 16.71 17.12 17.47 17.51 17.60
17.83 17.83 17.80 17.79 17.79 17.82 17.81 17.81 17.75 17.75 17.72 17.74 17.76 17.72 17.79 17.86 17.85 17.85 17.78 17.67 17.44 17.62 17.61 17.67 17.65 17.62 17.69 17.81 17.83 17.84 17.68 17.57 17.44 17.14 17.05 17.31 17.68 17.70 17.80 17.82 17.81 17.78 17.78 17.76 17.00 16.77 16.92 16.90 16.89 17.11 17.31 17.47 17.54 17.36 17.25 17.63 17.78 17.78 17.72 17.82 17.78 17.80 17.79 17.80 17.79 17.77 17.71 17.35 17.62 17.62 17.21 16.61 16.71 16.74 17.17 17.14 17.49
17.83 17.82 17.80 17.81 17.75 17.79 17.80 17.76 17.71 17.63 17.68 17.74 17.74 17.76 17.80 17.82 17.84 17.87 17.79 17.77 17.63 17.66 17.65 17.75 17.66 17.70 17.68 17.80 17.80 17.73 17.56 17.60 17.41 17.24 17.32 17.53 17.72 17.78 17.82 17.79 17.78 17.76 17.75 17.71 17.22 16.66 16.67 17.11 17.45 17.41 17.43 17.68 17.73 17.64 17.37 17.54 17.76 17.65 17.77 17.84 17.77 17.76 17.77 17.78 17.76 17.76 17.65 17.40 17.65 17.64 17.31 16.58 16.73 16.80 17.05 17.37 17.56
17.77 17.71 17.82 17.85 17.85 17.80 17.75 17.69 17.67 17.62 17.70 17.70 17.79 17.77 17.84 17.85 17.83 17.81 17.78 17.76 17.62 17.61 17.62 17.65 17.71 17.70 17.70 17.59 17.78 17.75 17.63 17.52 17.49 17.59 17.59 17.52 17.61 17.63 17.73 17.73 17.75 17.75 17.74 17.70 17.14 16.78 17.06 17.04 17.43 17.45 17.57 17.74 17.75 17.74 17.74 17.56 17.76 17.69 17.79 17.80 17.78 17.77 17.74 17.75 17.75 17.75 17.59 17.62 17.68 17.64 16.82 16.92 17.29 17.49 17.65 17.69 17.75
17.76 17.75 17.80 17.81 17.78 17.78 17.74 17.70 17.66 17.69 17.64 17.72 17.81 17.77 17.74 17.78 17.78 17.72 17.78 17.79 17.64 17.59 17.54 17.52 17.53 17.68 17.68 17.60 17.76 17.72 17.68 17.59 17.62 17.70 17.67 17.65 17.70 17.71 17.78 17.77 17.73 17.73 17.72 17.70 17.37 17.14 17.07 17.27 17.24 17.37 17.62 17.68 17.72 17.74 17.73 17.72 17.71 17.65 17.76 17.75 17.74 17.75 17.72 17.72 17.73 17.71 17.62 17.70 17.68 17.36 17.11 17.32 17.70 17.62 17.54 17.63 17.75
17.76 17.73 17.81 17.75 17.76 17.77 17.76 17.73 17.66 17.68 17.66 17.77 17.81 17.80 17.80 17.76 17.79 17.76 17.67 17.64 17.63 17.70 17.65 17.50 17.65 17.69 17.68 17.67 17.76 17.69 17.69 17.55 17.61 17.70 17.61 17.67 17.72 17.75 17.75 17.74 17.72 17.73 17.72 17.64 17.48 17.52 17.47 17.41 17.19 17.33 17.63 17.64 17.68 17.71 17.71 17.70 17.72 17.72 17.58 17.73 17.72 17.71 17.72 17.72 17.54 17.54 17.68 17.67 17.41 17.12 17.29 17.60 17.69 17.70 17.03 17.61 17.66
17.70 17.73 17.71 17.71 17.72 17.77 17.73 17.65 17.66 17.72 17.68 17.66 17.78 17.77 17.81 17.74 17.71 17.77 17.69 17.68 17.61 17.65 17.65 17.59 17.61 17.62 17.52 17.55 17.55 17.54 17.68 17.68 17.46 17.48 17.57 17.66 17.69 17.75 17.75 17.77 17.75 17.70 17.68 17.67 17.50 17.52 17.54 17.52 17.31 17.40 17.46 17.66 17.68 17.69 17.71 17.71 17.72 17.69 17.60 17.50 17.62 17.64 17.50 17.25 17.49 17.71 17.67 17.60 17.08 17.01 17.41 17.62 17.66 17.43 17.28 17.61 17.65
17.70 17.71 17.66 17.72 17.71 17.72 17.65 17.68 17.71 17.69 17.70 17.71 17.76 17.77 17.75 17.68 17.69 17.75 17.69 17.66 17.58 17.53 17.66 17.46 17.42 17.52 17.49 17.56 17.59 17.59 17.64 17.68 17.36 17.45 17.55 17.69 17.73 17.76 17.75 17.74 17.70 17.70 17.68 17.65 17.62 17.61 17.48 17.24 17.50 17.55 17.54 17.53 17.66 17.65 17.70 17.68 17.68 17.67 17.67 17.56 17.61 17.65 17.31 17.54 17.65 17.67 17.65 17.50 17.31 17.27 17.49 17.64 17.64 17.65 17.43 17.58 17.64
17.63 17.64 17.66 17.67 17.66 17.65 17.65 17.70 17.68 17.64 17.72 17.70 17.74 17.73 17.73 17.71 17.67 17.69 17.72 17.64 17.43 17.43 17.58 17.42 17.53 17.45 17.47 17.56 17.61 17.58 17.59 17.63 17.35 17.54 17.57 17.71 17.72 17.71 17.72 17.69 17.68 17.69 17.61 17.63 17.57 17.59 17.58 17.55 17.50 17.43 17.34 17.49 17.35 17.54 17.62 17.63 17.63 17.64 17.62 17.53 17.57 17.50 17.62 17.61 17.64 17.66 17.60 17.36 17.39 17.32 17.54 17.63 17.54 17.30 17.08 17.54 17.61
17.66 17.64 17.55 17.61 17.61 17.60 17.63 17.63 17.63 17.61 17.68 17.68 17.71 17.69 17.72 17.70 17.67 17.63 17.54 17.56 17.44 17.56 17.56 17.53 17.58 17.55 17.58 17.61 17.67 17.65 17.57 17.37 17.36 17.56 17.56 17.65 17.67 17.67 17.66 17.67 17.62 17.65 17.61 17.60 17.57 17.53 17.53 17.57 17.44 17.49 17.60 17.60 17.48 17.29 17.56 17.64 17.57 17.54 17.46 17.35 17.54 17.66 17.69 17.62 17.65 17.63 17.56 17.50 17.36 17.54 17.61 17.60 17.61 17.56 17.34 17.36 17.48
17.58 17.57 17.58 17.60 17.57 17.62 17.61 17.63 17.59 17.57 17.67 17.67 17.65 17.67 17.71 17.67 17.63 17.54 17.52 17.33 16.99 17.44 17.61 17.49 17.53 17.49 17.51 17.52 17.47 17.36 17.36 17.27 17.44 17.64 17.61 17.62 17.66 17.68 17.63 17.61 17.50 17.47 17.50 17.42 17.52 17.54 17.59 17.60 17.61 17.63 17.63 17.59 17.22 17.32 17.51 17.58 17.55 17.30 17.51 17.53 17.62 17.64 17.63 17.61 17.61 17.59 17.51 17.47 17.51 17.57 17.60 17.59 17.59 17.58 17.53 17.38 17.53
17.55 17.62 17.61 17.60 17.60 17.60 17.58 17.60 17.62 17.63 17.65 17.58 17.53 17.61 17.66 17.55 17.55 17.50 17.41 17.17 16.61 17.37 17.66 17.55 17.44 17.43 17.38 17.35 17.45 17.31 17.30 17.43 17.49 17.57 17.62 17.62 17.62 17.64 17.60 17.39 17.26 17.18 17.25 17.30 17.56 17.57 17.57 17.57 17.61 17.61 17.62 17.50 17.02 17.16 17.35 17.53 17.30 17.14 17.45 17.55 17.61 17.63 17.59 17.61 17.60 17.58 17.47 17.50 17.54 17.57 17.58 17.57 17.56 17.51 17.36 17.20 17.33
17.64 17.61 17.60 17.60 17.62 17.61 17.59 17.59 17.58 17.59 17.61 17.55 17.50 17.55 17.61 17.60 17.50 17.27 17.37 17.31 16.78 17.34 17.58 17.51 17.44 17.40 17.40 17.40 17.41 17.42 17.25 17.32 17.57 17.56 17.57 17.60 17.60 17.60 17.35 17.27 16.94 16.96 17.25 17.39 17.51 17.55 17.58 17.59 17.58 17.57 17.57 17.44 17.04 16.95 17.24 17.06 16.73 17.19 17.50 17.56 17.61 17.58 17.52 17.50 17.51 17.55 17.47 17.49 17.54 17.55 17.55 17.54 17.54 17.53 17.43 17.21 17.33
17.65 17.60 17.61 17.61 17.61 17.64 17.57 17.48 17.45 17.46 17.49 17.43 17.49 17.54 17.53 17.56 16.78 17.10 17.54 17.34 17.08 17.57 17.60 17.56 17.45 17.42 17.39 17.23 17.52 17.34 17.44 17.52 17.53 17.54 17.60 17.58 17.57 17.49 17.35 17.18 17.04 17.05 17.16 17.34 17.48 17.53 17.54 17.55 17.55 17.54 17.47 17.27 17.00 16.95 16.89 17.07 17.34 17.30 17.35 17.53 17.58 17.55 17.54 17.52 17.50 17.52 17.48 17.50 17.53 17.52 17.51 17.51 17.52 17.53 17.52 17.45 17.35
17.54 17.57 17.59 17.58 17.55 17.57 17.61 17.51 17.50 17.48 17.47 17.02 17.09 17.50 17.49 17.23 16.62 17.07 17.44 16.75 17.22 17.44 17.45 17.50 17.51 17.48 17.18 17.43 17.51 17.40 17.44 17.50 17.47 17.53 17.56 17.55 17.54 17.45 17.33 17.12 17.01 17.14 17.08 17.12 17.04 17.17 17.39 17.46 17.46 17.37 17.24 17.22 17.19 17.10 17.07 17.07 17.37 17.36 17.30 17.49 17.53 17.49 17.49 17.49 17.51 17.49 17.44 17.53 17.53 17.49 17.50 17.51 17.51 17.50 17.51 17.50 17.37
17.47 17.50 17.50 17.53 17.52 17.51 17.49 17.50 17.49 17.46 17.46 17.12 17.35 17.30 17.31 16.82 16.87 17.44 17.43 16.68 17.39 17.39 17.40 17.40 17.47 17.37 17.38 17.45 17.41 17.34 17.30 17.42 17.50 17.50 17.53 17.52 17.48 17.34 17.36 17.34 17.29 17.23 17.12 17.06 16.76 16.93 17.12 17.35 17.17 17.12 17.21 17.22 17.10 17.13 17.09 17.01 17.31 17.47 17.48 17.51 17.51 17.42 17.42 17.46 17.53 17.48 17.48 17.52 17.50 17.49 17.50 17.51 17.49 17.48 17.49 17.47 17.45
17.34 17.46 17.47 17.48 17.47 17.44 17.47 17.49 17.46 17.45 17.42 17.28 17.20 17.08 17.04 16.88 17.14 17.40 17.37 16.76 17.33 17.27 17.42 17.44 17.35 17.40 17.41 17.40 17.41 17.40 17.21 17.45 17.50 17.49 17.50 17.49 17.43 17.35 17.38 17.38 17.34 17.28 17.02 17.01 16.75 16.72 16.93 17.17 16.72 16.75 16.71 16.84 17.04 16.79 17.07 17.46 17.48 17.48 17.47 17.46 17.42 17.45 17.43 17.47 17.48 17.47 17.47 17.46 17.45 17.47 17.50 17.46 17.46 17.46 17.45 17.47 17.47
17.45 17.49 17.49 17.46 17.45 17.42 17.44 17.43 17.34 17.35 17.35 17.38 17.31 17.16 16.82 16.94 17.22 17.38 17.36 16.98 17.01 17.34 17.48 17.25 17.32 17.25 17.33 17.37 17.36 17.20 17.08 17.29 17.45 17.44 17.46 17.33 17.37 17.28 17.30 17.42 17.39 17.27 17.14 17.08 16.68 16.85 17.10 16.94 16.49 16.59 16.82 16.81 16.79 17.04 17.41 17.45 17.46 17.45 17.44 17.43 17.43 17.39 17.42 17.45 17.46 17.46 17.46 17.44 17.49 17.49 17.48 17.45 17.45 17.45 17.43 17.47 17.45
17.41 17.44 17.44 17.45 17.43 17.39 17.39 17.36 17.22 17.27 17.21 17.31 17.30 17.31 17.16 16.84 17.03 17.36 17.17 17.16 17.09 17.17 17.12 17.37 17.36 17.26 17.34 17.37 17.40 17.20 17.07 17.20 17.37 17.39 17.40 17.39 17.25 17.26 17.19 17.25 17.26 17.24 17.01 16.86 16.80 17.12 17.12 17.01 16.70 16.75 16.78 16.78 17.02 17.30 17.38 17.42 17.43 17.43 17.43 17.43 17.44 17.42 17.42 17.42 17.42 17.42 17.40 17.40 17.44 17.48 17.43 17.42 17.43 17.43 17.42 17.43 17.44
17.38 17.40 17.37 17.36 17.31 17.37 17.32 17.22 17.17 17.15 16.92 17.09 17.21 17.34 17.19 16.82 16.73 16.41 16.82 17.02 17.12 17.15 17.24 17.27 17.30 17.29 17.38 17.40 17.32 17.17 17.17 17.13 17.23 17.34 17.41 17.44 17.29 17.32 17.26 17.25 17.23 16.98 16.55 16.72 16.85 17.01 17.10 16.98 16.91 16.60 16.85 16.72 17.11 17.36 17.40 17.40 17.34 17.41 17.42 17.41 17.41 17.42 17.41 17.39 17.39 17.39 17.40 17.41 17.42 17.43 17.43 17.41 17.41 17.42 17.41 17.40 17.39
17.33 17.37 17.35 17.33 17.34 17.27 17.18 17.18 17.13 17.14 16.96 17.11 17.17 17.19 17.22 16.99 16.53 16.27 16.89 17.06 17.33 17.26 17.32 17.40 17.35 17.38 17.40 17.36 17.29 17.21 17.03 16.95 16.98 17.19 17.30 17.31 17.27 17.22 17.17 17.12 17.13 17.08 16.87 16.61 16.69 16.66 16.78 16.72 16.55 17.06 17.04 17.05 17.15 17.37 17.37 17.35 17.35 17.38 17.39 17.38 17.39 17.40 17.38 17.37 17.37 17.38 17.38 17.39 17.40 17.39 17.40 17.40 17.39 17.39 17.39 17.38 17.38
17.21 17.26 17.31 17.26 17.35 17.30 17.24 17.13 17.09 17.11 17.07 17.08 17.13 17.15 17.32 17.10 16.69 16.72 17.01 17.30 17.42 17.32 17.36 17.42 17.41 17.41 17.38 17.33 17.23 17.20 17.15 16.79 16.84 17.15 17.27 17.25 17.13 17.00 17.28 17.18 17.11 17.31 17.13 16.81 16.76 16.41 16.72 16.65 17.22 17.18 17.02 17.27 17.23 17.29 17.18 17.34 17.35 17.36 17.37 17.38 17.38 17.37 17.36 17.37 17.36 17.36 17.35 17.38 17.36 17.38 17.41 17.38 17.37 17.37 17.37 17.37 17.37
17.14 17.26 17.29 17.28 17.25 17.24 17.29 17.23 17.15 17.16 17.15 17.15 17.02 17.11 17.34 16.85 17.01 16.57 16.91 17.34 17.35 17.37 17.43 17.41 17.41 17.41 17.40 17.34 17.24 17.16 17.14 16.96 16.86 17.15 17.11 17.20 17.02 16.83 16.91 16.95 16.94 17.16 16.84 16.64 17.00 16.76 16.97 17.05 17.15 17.20 17.30 17.02 17.03 17.29 17.29 17.35 17.33 17.35 17.33 17.35 17.36 17.36 17.35 17.34 17.33 17.34 17.35 17.36 17.35 17.37 17.38 17.36 17.35 17.35 17.33 17.33 17.34
17.20 17.11 17.17 17.21 17.24 17.25 17.25 17.24 17.16 17.07 17.08 17.12 17.27 17.24 17.35 16.89 16.89 16.51 16.78 17.29 17.28 17.34 17.38 17.40 17.38 17.39 17.38 17.32 17.23 17.13 16.95 17.09 17.03 16.90 16.96 16.54 16.46 16.60 16.67 16.80 16.75 17.07 16.87 16.71 17.18 17.10 16.88 16.74 17.32 17.31 17.31 17.10 17.22 17.30 17.33 17.34 17.32 17.31 17.24 17.32 17.33 17.34 17.31 17.32 17.33 17.34 17.33 17.33 17.33 17.35 17.35 17.33 17.29 17.31 17.31 17.31 17.29
17.05 17.12 17.19 17.22 17.15 17.19 17.26 17.24 17.19 16.74 16.85 17.13 17.17 17.30 17.35 16.86 16.90 16.55 16.77 17.27 17.30 17.30 17.32 17.39 17.39 17.39 17.34 17.31 17.26 17.23 17.17 17.13 17.17 16.89 16.74 16.51 16.53 16.66 16.58 16.81 16.93 17.16 16.62 16.88 17.04 16.69 16.72 16.54 16.79 17.04 16.98 17.09 17.28 17.28 17.30 17.30 17.29 17.22 17.30 17.29 17.28 17.27 17.28 17.33 17.34 17.32 17.31 17.32 17.32 17.33 17.33 17.31 17.29 17.28 17.28 17.28 17.29
