files/bom_datasets/05.18.18.txt
ncols 839
nrows 679
xllcenter 112.0500
yllcenter -43.9500
cellsize 0.0500
nodata_value 99999.90
[rows 442 to 475 of 679, columns 154 to 230 of 839]
13.16 13.15 13.16 13.17 13.22 13.20 13.19 13.19 13.23 13.24 13.25 13.25 13.23 13.19 13.15 13.14 13.15 13.15 13.16 13.17 12.93 13.17 13.17 13.17 13.18 13.11 13.15 13.18 13.18 13.17 13.15 13.15 13.15 13.15 13.15 13.14 13.15 13.15 13.14 13.14 13.03 13.19 13.14 13.04 12.96 12.89 12.90 12.97 12.90 12.82 12.78 12.77 12.66 12.54 12.65 12.67 12.63 12.59 12.55 12.47 12.45 12.38 12.28 12.15 12.13 12.15 12.15 12.11 12.09 12.10 12.06 11.94 11.87 11.84 11.91 11.85 11.78
13.15 13.16 13.18 13.14 13.17 13.20 13.21 13.19 13.21 13.21 13.20 13.21 13.22 13.19 13.14 13.13 13.13 13.14 13.15 12.86 12.81 13.13 13.17 13.16 13.12 13.11 13.14 13.15 13.14 13.14 13.13 13.12 13.14 13.14 13.13 13.12 13.13 13.13 13.12 13.12 13.05 13.14 13.06 13.03 12.89 12.87 13.00 13.00 12.89 12.84 12.78 12.74 12.58 12.55 12.68 12.64 12.67 12.69 12.56 12.46 12.40 12.35 12.31 12.12 11.98 12.04 12.14 12.17 12.13 12.15 12.15 12.12 12.02 12.03 12.05 11.97 11.94
13.11 13.12 13.13 13.14 13.18 13.17 13.17 13.15 13.18 13.19 13.18 13.18 13.20 13.16 13.12 13.11 13.10 13.05 13.01 13.12 12.71 13.11 13.14 13.14 13.08 13.12 13.11 13.10 13.12 13.12 13.11 13.10 13.11 13.12 13.11 13.11 13.11 13.11 13.12 13.06 13.12 13.08 13.10 13.05 12.89 12.85 12.86 12.92 12.90 12.80 12.77 12.78 12.61 12.58 12.62 12.60 12.62 12.61 12.47 12.42 12.30 12.28 12.16 11.96 11.99 12.10 12.13 12.15 12.12 12.14 12.14 12.19 12.10 12.11 12.09 12.14 12.13
13.08 13.09 13.08 13.08 13.09 13.15 13.12 13.15 13.17 13.12 13.14 13.16 13.14 13.10 13.09 13.10 13.06 12.98 12.90 13.09 12.77 13.06 13.09 13.09 13.09 13.09 13.09 13.08 13.10 13.10 13.11 13.08 13.08 13.09 13.09 13.09 13.10 13.10 13.09 13.09 13.10 13.07 13.07 12.99 12.87 12.80 12.78 12.82 12.91 12.88 12.80 12.84 12.57 12.59 12.74 12.55 12.56 12.62 12.51 12.22 12.04 12.07 11.99 11.93 12.01 11.97 12.06 12.11 12.10 12.11 12.17 12.21 12.21 12.17 12.17 12.18 12.19
13.05 13.08 13.05 13.06 13.07 13.09 13.08 13.09 13.11 13.10 13.11 13.07 13.08 12.15 11.66 12.10 13.06 13.07 12.75 13.02 12.79 12.75 13.08 13.04 13.06 13.08 13.07 13.06 13.06 13.08 13.09 13.06 13.06 13.07 13.07 13.07 13.06 13.08 13.09 13.08 13.07 13.05 13.06 12.94 12.80 12.85 12.83 12.86 12.90 12.94 12.89 12.80 12.49 12.52 12.63 12.44 12.38 12.53 12.50 12.15 11.99 12.00 11.92 11.84 12.00 12.21 12.09 12.10 12.08 12.11 12.12 12.22 12.29 12.29 12.25 12.22 12.22
13.04 13.05 13.04 13.03 13.05 13.04 13.07 13.04 13.05 13.07 13.08 12.98 12.89 12.32 12.76 13.04 13.06 13.04 12.95 13.05 12.94 12.79 13.06 13.05 13.04 13.04 13.04 13.06 13.07 13.06 13.06 13.05 13.04 13.06 13.08 13.06 13.05 13.04 13.04 13.02 13.06 12.65 13.04 13.01 12.86 12.91 12.93 12.88 12.88 12.91 12.86 12.75 12.49 12.44 12.39 12.46 12.41 12.51 12.42 12.26 12.13 12.07 12.01 12.08 12.27 12.28 12.24 12.18 12.15 12.12 12.15 12.19 12.19 12.21 12.21 12.22 12.20
13.01 13.02 13.01 13.02 13.03 13.03 13.03 13.02 13.04 13.02 13.04 13.02 12.96 13.04 12.87 12.93 12.09 12.80 13.05 13.02 13.01 13.04 13.03 13.04 13.03 13.01 13.01 13.04 13.05 13.04 13.04 13.02 13.02 13.01 13.03 13.05 13.06 13.04 13.02 13.02 13.03 11.92 12.44 12.83 12.90 12.91 12.94 12.75 12.81 12.81 12.86 12.58 12.49 12.45 12.41 12.44 12.58 12.55 12.56 12.46 12.36 12.25 12.24 12.30 12.43 12.37 12.34 12.34 12.28 12.19 12.18 12.18 12.17 12.19 12.12 12.10 12.11
13.00 13.00 13.00 13.03 13.01 13.01 13.01 13.00 13.00 13.00 13.00 13.00 13.01 13.00 12.81 12.89 12.69 13.03 12.99 12.98 12.99 13.01 13.03 13.01 13.01 12.99 13.00 13.02 13.03 13.02 13.03 13.01 13.00 13.00 13.00 12.99 13.01 13.04 13.03 13.02 13.01 12.15 12.28 12.95 12.80 12.73 12.70 12.73 12.80 12.74 12.77 12.69 12.54 12.56 12.48 12.63 12.66 12.55 12.60 12.70 12.66 12.49 12.44 12.50 12.50 12.41 12.35 12.35 12.36 12.25 12.23 12.22 12.18 12.07 12.00 12.10 12.11
12.96 12.97 12.98 13.01 12.99 12.98 12.97 12.98 12.98 12.97 12.98 12.99 13.00 12.94 12.89 12.98 12.99 13.00 12.96 12.95 12.96 12.97 13.00 13.00 12.98 12.98 12.99 13.01 13.01 13.01 12.98 12.98 12.98 12.98 12.97 12.96 12.96 12.97 12.99 12.97 12.99 12.70 12.88 12.92 12.69 12.60 12.62 12.77 12.82 12.75 12.82 12.77 12.48 12.47 12.58 12.67 12.54 12.48 12.62 12.79 12.81 12.67 12.63 12.55 12.44 12.36 12.28 12.20 12.13 12.07 12.03 12.06 12.04 12.03 12.06 12.13 12.12
12.94 12.94 12.95 12.97 12.97 12.96 12.96 12.96 12.96 12.95 12.98 13.01 12.99 12.97 12.95 12.97 12.97 12.97 12.94 12.93 12.93 12.96 12.97 12.98 12.95 12.95 12.97 12.98 12.98 12.97 12.96 12.95 12.95 12.95 12.96 12.95 12.95 12.75 12.94 12.95 12.91 12.53 12.50 12.81 12.68 12.63 12.65 12.64 12.74 12.77 12.91 12.67 12.33 12.42 12.72 12.73 12.55 12.49 12.68 12.84 12.90 12.83 12.72 12.57 12.39 12.30 12.23 12.12 12.06 12.02 12.03 12.05 12.07 12.11 12.11 12.13 12.12
12.92 12.93 12.93 12.92 12.93 12.93 12.93 12.93 12.94 12.94 12.95 12.98 12.96 12.93 12.93 12.93 12.94 12.92 12.92 12.91 12.91 12.92 12.93 12.93 12.94 12.94 12.93 12.93 12.93 12.94 12.93 12.92 12.92 12.92 12.93 12.94 12.87 12.62 12.90 12.92 12.87 12.53 12.48 12.86 12.64 12.61 12.74 12.76 12.71 12.78 12.89 12.70 12.29 12.44 12.77 12.88 12.82 12.71 12.79 12.90 12.90 12.92 12.77 12.65 12.38 12.28 12.24 12.16 12.07 12.07 12.08 12.08 12.07 12.09 12.11 12.08 12.09
12.90 12.90 12.90 12.90 12.91 12.92 12.91 12.91 12.92 12.91 12.91 12.92 12.91 12.92 12.91 12.91 12.92 12.91 12.92 12.90 12.90 12.90 12.91 12.91 12.92 12.91 12.89 12.90 12.90 12.90 12.89 12.89 12.90 12.92 12.86 12.87 12.89 12.79 12.89 12.90 12.78 12.51 12.39 12.87 12.73 12.72 12.77 12.77 12.70 12.87 12.80 12.62 12.40 12.45 12.75 12.83 12.84 12.87 12.89 12.88 12.89 12.90 12.79 12.67 12.42 12.27 12.23 12.14 12.09 12.09 12.08 12.10 12.17 12.14 12.15 12.15 12.16
12.87 12.87 12.86 12.87 12.87 12.89 12.89 12.89 12.89 12.88 12.88 12.89 12.88 12.87 12.88 12.89 12.88 12.88 12.89 12.88 12.87 12.88 12.89 12.90 12.89 12.87 12.88 12.87 12.87 12.87 12.87 12.87 12.88 12.88 12.74 12.84 12.71 12.77 12.84 12.85 12.82 12.88 12.85 12.70 12.84 12.82 12.86 12.87 12.77 12.85 12.80 12.56 12.53 12.62 12.78 12.79 12.82 12.84 12.86 12.87 12.90 12.88 12.80 12.69 12.49 12.33 12.28 12.19 12.15 12.21 12.21 12.24 12.24 12.18 12.23 12.26 12.30
12.86 12.86 12.85 12.85 12.85 12.84 12.84 12.85 12.87 12.86 12.86 12.85 12.85 12.85 12.85 12.87 12.86 12.85 12.87 12.87 12.87 12.86 12.87 12.87 12.87 12.85 12.85 12.85 12.85 12.85 12.85 12.85 12.86 12.73 12.86 12.86 12.79 12.61 12.78 12.79 12.77 12.82 12.71 12.82 12.84 12.83 12.84 12.87 12.83 12.86 12.78 12.60 12.61 12.74 12.79 12.81 12.82 12.82 12.84 12.84 12.84 12.84 12.77 12.69 12.52 12.40 12.35 12.32 12.26 12.21 12.26 12.25 12.21 12.25 12.18 12.20 12.24
12.88 12.87 12.85 12.83 12.81 12.78 12.74 12.78 12.82 12.83 12.83 12.84 12.85 12.83 12.83 12.85 12.84 12.85 12.86 12.85 12.85 12.85 12.84 12.83 12.84 12.84 12.83 12.83 12.83 12.84 12.78 12.78 12.77 12.81 12.64 12.76 12.76 12.56 12.68 12.69 12.77 12.74 12.83 12.84 12.75 12.81 12.84 12.86 12.80 12.86 12.83 12.66 12.68 12.76 12.80 12.81 12.83 12.83 12.83 12.83 12.80 12.75 12.66 12.64 12.46 12.37 12.30 12.25 12.22 12.20 12.23 12.22 12.19 12.19 12.16 12.14 12.19
12.80 12.81 12.83 12.82 12.80 12.78 12.68 12.65 12.78 12.77 12.77 12.79 12.80 12.78 12.79 12.81 12.81 12.83 12.83 12.82 12.82 12.47 12.41 12.80 12.69 12.72 12.80 12.81 12.80 12.72 12.69 12.41 12.81 12.81 12.77 12.72 12.77 12.76 12.65 12.57 12.76 12.78 12.53 12.69 12.81 12.76 12.82 12.82 12.84 12.83 12.84 12.78 12.76 12.78 12.79 12.80 12.80 12.82 12.81 12.80 12.77 12.65 12.58 12.52 12.37 12.31 12.32 12.23 12.14 12.07 12.15 12.04 12.09 12.09 12.06 11.99 12.02
12.85 12.81 12.73 12.78 12.79 12.76 12.73 12.75 12.76 12.74 12.74 12.74 12.75 12.75 12.77 12.78 12.78 12.79 12.79 12.78 12.71 11.81 12.64 12.75 12.74 12.76 12.81 12.79 12.78 12.79 12.78 12.78 12.77 12.73 12.83 12.71 12.50 12.58 12.65 12.54 12.66 12.41 12.61 12.77 12.77 12.79 12.80 12.79 12.80 12.82 12.81 12.80 12.82 12.82 12.80 12.72 12.76 12.81 12.78 12.75 12.76 12.59 12.55 12.42 12.34 12.29 12.29 12.20 12.09 12.03 11.97 12.08 12.08 12.01 11.98 11.95 11.96
12.82 12.77 12.72 12.66 12.76 12.77 12.75 12.74 12.74 12.72 12.68 12.71 12.72 12.75 12.77 12.77 12.79 12.81 12.79 12.58 12.81 12.77 12.76 12.75 12.76 12.76 12.76 12.78 12.75 12.76 12.77 12.75 12.75 12.72 12.77 12.66 12.61 12.74 12.71 12.75 12.79 12.76 12.48 12.67 12.65 12.75 12.79 12.79 12.77 12.77 12.80 12.78 12.77 12.79 12.77 12.70 12.76 12.77 12.70 12.74 12.61 12.50 12.37 12.33 12.22 12.13 12.12 12.08 11.95 11.89 11.85 11.89 11.91 11.91 11.89 11.81 11.75
12.76 12.76 12.63 12.75 12.80 12.74 12.73 12.74 12.72 12.68 12.72 12.72 12.72 12.72 12.74 12.73 12.76 12.68 12.76 12.30 12.78 12.76 12.73 12.74 12.74 12.52 12.71 12.76 12.77 12.76 12.64 12.73 12.73 12.73 12.73 12.76 12.69 12.57 12.69 12.71 12.72 12.72 12.71 12.69 12.78 12.78 12.51 12.74 12.72 12.73 12.76 12.71 12.72 12.75 12.74 12.68 12.76 12.71 12.66 12.58 12.44 12.38 12.33 12.30 12.19 12.03 12.01 11.96 11.87 11.81 11.74 11.86 11.91 11.85 11.75 11.66 11.58
12.31 12.40 12.55 12.59 12.59 12.71 12.72 12.73 12.71 12.72 12.73 12.73 12.73 12.73 12.72 12.73 12.72 12.73 12.72 12.72 12.72 12.71 12.71 12.71 12.72 12.63 12.70 12.74 12.76 12.72 12.73 12.70 12.70 12.70 12.71 12.76 12.47 12.59 12.75 12.64 12.74 12.64 12.68 12.71 12.71 12.71 12.70 12.71 12.73 12.73 12.74 12.68 12.73 12.72 12.68 12.68 12.70 12.66 12.60 12.46 12.27 12.21 12.22 12.16 12.02 11.90 11.88 11.86 11.75 11.54 11.71 11.78 11.76 11.64 11.52 11.45 11.44
12.49 12.63 12.67 12.46 12.32 12.62 12.77 12.70 12.68 12.70 12.70 12.71 12.70 12.70 12.71 12.71 12.69 12.69 12.70 12.69 12.69 12.68 12.68 12.69 12.65 12.70 12.71 12.74 12.76 12.71 12.71 12.69 12.72 12.75 12.56 12.74 12.67 12.72 12.67 12.56 12.77 12.74 12.75 12.71 12.71 12.69 12.68 12.68 12.71 12.71 12.70 12.58 12.66 12.69 12.61 12.65 12.66 12.54 12.47 12.35 12.18 12.12 12.13 12.01 11.91 11.85 11.77 11.69 11.58 11.49 11.65 11.62 11.59 11.57 11.52 11.47 11.47
12.76 12.75 12.62 12.40 12.58 12.50 12.69 12.72 12.68 12.69 12.68 12.69 12.69 12.69 12.68 12.67 12.67 12.68 12.69 12.68 12.67 12.66 12.66 12.64 12.49 12.66 12.66 12.70 12.75 12.64 12.74 12.69 12.70 12.70 12.58 12.61 12.73 12.78 12.79 12.64 12.70 12.77 12.69 12.61 12.66 12.70 12.66 12.67 12.68 12.67 12.66 12.52 12.62 12.64 12.61 12.57 12.53 12.46 12.35 12.20 12.08 12.02 12.00 11.96 11.90 11.82 11.72 11.66 11.51 11.61 11.57 11.49 11.46 11.50 11.54 11.50 11.51
12.74 12.61 12.69 12.48 12.52 12.63 12.65 12.63 12.68 12.67 12.66 12.66 12.66 12.65 12.65 12.65 12.65 12.65 12.64 12.64 12.64 12.64 12.65 12.64 12.66 12.65 12.63 12.65 12.72 12.64 12.71 12.72 12.76 12.61 12.59 12.73 12.72 12.75 12.71 12.70 12.58 12.63 12.57 12.60 12.65 12.72 12.56 12.65 12.66 12.66 12.58 12.50 12.57 12.53 12.53 12.48 12.36 12.24 12.17 12.07 12.00 11.97 11.87 11.84 11.84 11.76 11.66 11.59 11.47 11.49 11.42 11.45 11.60 11.38 11.43 11.42 11.47
12.54 12.61 12.48 12.64 12.60 12.65 12.54 12.41 12.44 12.63 12.64 12.64 12.63 12.63 12.62 12.62 12.63 12.62 12.62 12.62 12.62 12.63 12.63 12.64 12.62 12.56 12.65 12.66 12.65 12.55 12.69 12.71 12.72 12.68 12.74 12.64 12.62 12.56 12.64 12.68 12.43 12.50 12.63 12.63 12.61 12.59 12.70 12.65 12.63 12.61 12.58 12.51 12.51 12.40 12.50 12.49 12.16 12.06 12.00 12.00 12.00 12.01 11.88 11.79 11.77 11.69 11.73 11.62 11.57 11.40 11.30 11.34 11.37 11.30 11.45 11.42 11.55
12.50 12.52 12.46 12.63 12.52 12.56 12.54 12.60 12.49 12.58 12.61 12.60 12.60 12.60 12.60 12.60 12.61 12.61 12.62 12.59 12.60 12.61 12.60 12.58 12.56 12.61 12.57 12.64 12.68 12.66 12.69 12.70 12.70 12.67 12.66 12.64 12.64 12.62 12.60 12.61 12.52 12.54 12.58 12.57 12.62 12.62 12.53 12.57 12.52 12.51 12.51 12.50 12.39 12.39 12.55 12.49 12.17 12.09 12.03 12.09 12.06 12.04 11.81 11.79 11.78 11.69 11.68 11.58 11.50 11.46 11.38 11.33 11.39 11.48 11.60 11.54 11.64
12.56 12.59 12.27 12.53 12.53 12.54 12.55 12.60 12.55 12.58 12.58 12.58 12.58 12.58 12.58 12.58 12.57 12.58 12.59 12.54 12.60 12.43 12.52 12.56 12.65 12.58 12.49 12.65 12.67 12.63 12.60 12.60 12.65 12.62 12.66 12.68 12.65 12.59 12.63 12.58 12.59 12.43 12.33 12.42 12.26 12.62 12.56 12.52 12.51 12.49 12.46 12.42 12.37 12.41 12.58 12.51 12.27 11.88 11.89 12.00 12.03 11.96 11.83 11.76 11.80 11.66 11.60 11.49 11.46 11.50 11.43 11.32 11.38 11.50 11.52 11.56 11.60
12.55 12.57 12.46 12.53 12.56 12.58 12.57 12.54 12.47 12.54 12.56 12.56 12.56 12.55 12.56 12.55 12.55 12.55 12.58 12.47 12.60 12.55 12.56 12.48 12.63 12.52 12.48 12.59 12.56 12.56 12.49 12.42 12.57 12.58 12.61 12.63 12.63 12.47 12.57 12.58 12.56 12.44 12.51 12.53 12.53 12.52 12.51 12.43 12.56 12.45 12.30 12.35 12.28 12.31 12.44 12.48 12.28 11.96 11.79 11.80 11.85 11.84 11.78 11.65 11.64 11.50 11.51 11.51 11.53 11.43 11.37 11.43 11.52 11.53 11.64 11.70 11.68
12.39 12.34 12.54 12.56 12.60 12.54 12.54 12.55 12.52 12.54 12.53 12.53 12.53 12.53 12.54 12.53 12.53 12.55 12.54 12.54 12.56 12.56 12.53 12.51 12.50 12.49 12.52 12.43 12.54 12.59 12.53 12.52 12.52 12.60 12.58 12.58 12.57 12.60 12.60 12.60 12.45 12.46 12.44 12.47 12.47 12.48 12.48 12.48 12.45 12.37 12.36 12.48 12.34 12.23 12.32 12.12 12.14 11.92 11.92 11.82 11.65 11.70 11.60 11.60 11.72 11.63 11.57 11.54 11.51 11.64 11.68 11.74 11.73 11.69 11.76 11.85 11.88
12.23 12.13 12.52 12.51 12.49 12.52 12.52 12.50 12.51 12.51 12.51 12.51 12.50 12.50 12.52 12.51 12.53 12.55 12.52 12.50 12.51 12.50 12.54 12.54 12.48 12.51 12.39 12.51 12.52 12.44 12.45 12.51 12.55 12.55 12.51 12.44 12.54 12.56 12.55 12.32 12.51 12.41 12.34 12.45 12.44 12.45 12.51 12.46 12.34 12.30 12.31 12.42 12.43 12.22 11.97 11.67 11.75 11.84 11.83 11.78 11.83 11.59 11.40 11.51 11.63 11.54 11.63 11.70 11.75 11.76 11.80 11.79 11.90 11.87 11.93 11.93 11.87
12.17 12.47 12.48 12.40 12.52 12.49 12.49 12.49 12.48 12.46 12.50 12.50 12.49 12.50 12.46 12.49 12.52 12.51 12.44 12.49 12.46 12.47 12.49 12.53 12.47 12.52 12.54 12.56 12.50 12.48 12.52 12.55 12.51 12.48 12.44 12.39 12.54 12.50 12.50 12.44 12.45 12.40 12.47 12.51 12.55 12.42 12.36 12.29 12.35 12.28 12.33 12.20 12.19 12.14 11.94 11.63 11.42 11.51 11.51 11.67 11.70 11.55 11.57 11.56 11.63 11.70 11.74 11.76 11.73 11.74 11.80 11.83 11.87 11.86 11.72 11.70 11.60
12.22 12.32 12.47 12.47 12.48 12.46 12.46 12.45 12.45 12.45 12.47 12.49 12.47 12.49 12.42 12.39 12.47 12.49 12.43 12.43 12.49 12.46 12.47 12.44 12.49 12.48 12.47 12.48 12.49 12.47 12.39 12.47 12.49 12.44 12.47 12.45 12.43 12.36 12.41 12.44 12.49 12.43 12.40 12.44 12.40 12.26 12.31 12.31 12.21 12.21 12.30 12.35 12.29 12.04 11.76 11.57 11.54 11.47 11.50 11.49 11.51 11.57 11.56 11.69 11.72 11.56 11.50 11.50 11.54 11.53 11.55 11.68 11.68 11.60 11.71 11.67 11.57
12.31 12.06 12.41 12.43 12.43 12.42 12.43 12.42 12.43 12.43 12.43 12.44 12.45 12.44 12.41 12.32 12.41 12.43 12.41 12.35 12.50 12.46 12.43 12.31 12.44 12.48 12.43 12.45 12.43 12.39 12.40 12.46 12.48 12.44 12.42 12.31 12.44 12.44 12.41 12.45 12.40 12.41 12.45 12.45 12.34 12.31 12.28 12.38 12.22 11.95 12.16 12.27 12.17 12.12 11.56 11.32 11.27 11.31 11.27 11.23 11.45 11.43 11.43 11.40 10.77 11.23 11.25 11.28 11.33 11.41 11.50 11.60 11.52 11.47 11.41 11.42 11.25
12.39 12.42 12.42 12.39 12.41 12.36 12.38 12.41 12.41 12.43 12.43 12.43 12.38 12.38 12.34 12.42 12.34 12.40 12.34 12.38 12.44 12.45 12.38 12.37 12.42 12.41 12.40 12.41 12.37 12.33 12.37 12.43 12.43 12.34 12.37 12.40 12.35 12.38 12.39 12.44 12.36 12.32 12.33 12.30 12.30 12.20 11.84 11.93 11.94 12.08 12.19 12.23 12.04 11.84 11.27 11.24 11.22 11.27 11.19 11.15 11.08 11.03 11.18 10.91 10.97 11.14 11.42 11.36 11.37 11.51 11.49 11.39 11.40 11.50 11.37 11.14 10.92
12.40 12.40 12.40 12.36 12.35 12.34 12.39 12.35 12.40 12.37 12.37 12.39 12.33 12.35 12.35 12.27 12.29 12.40 12.28 12.35 12.40 12.40 12.39 12.43 12.41 12.42 12.42 12.37 12.37 12.27 12.38 12.37 12.36 12.35 12.38 12.38 12.37 12.37 12.38 12.32 12.30 12.36 12.35 12.30 12.34 12.15 11.81 11.79 11.94 12.11 12.24 12.10 12.03 11.41 11.15 10.97 10.89 10.99 10.87 10.82 10.79 10.69 10.75 10.80 11.04 11.32 11.36 11.16 11.15 11.17 11.24 11.22 11.02 11.07 11.14 10.88 10.57
