files/bom_datasets/05.14.18.txt
ncols 839
nrows 679
xllcenter 112.0500
yllcenter -43.9500
cellsize 0.0500
nodata_value 99999.90
[rows 102 to 135 of 679, columns 539 to 615 of 839]
99999.90 99999.90 99999.90 99999.90 99999.90 99999.90 99999.90 99999.90 99999.90 99999.90 99999.90 99999.90 99999.90 99999.90 99999.90 99999.90 99999.90 99999.90 99999.90 99999.90 99999.90 99999.90 99999.90 99999.90 99999.90 99999.90 99999.90 99999.90 99999.90 99999.90 99999.90 99999.90 99999.90 99999.90 99999.90 99999.90 99999.90 99999.90 99999.90 19.90 20.27 20.15 20.32 20.32 20.32 20.32 20.32 20.32 20.32 20.32 20.32 20.43 20.43 20.43 20.39 20.46 20.60 20.62 20.68 20.70 20.69 20.66 20.70 20.70 20.71 20.71 20.73 20.74 20.74 20.75 20.75 20.76 20.76 20.76 20.76 20.74 20.74
99999.90 99999.90 99999.90 99999.90 99999.90 99999.90 99999.90 99999.90 99999.90 99999.90 99999.90 99999.90 99999.90 99999.90 99999.90 99999.90 99999.90 99999.90 99999.90 99999.90 99999.90 99999.90 99999.90 99999.90 99999.90 99999.90 99999.90 99999.90 99999.90 99999.90 99999.90 99999.90 99999.90 99999.90 99999.90 99999.90 99999.90 99999.90 99999.90 19.90 20.27 20.15 20.15 20.15 20.32 20.32 20.32 20.32 20.32 20.32 20.32 20.32 20.43 20.43 20.43 20.24 20.43 20.53 20.61 20.65 20.67 20.69 20.70 20.69 20.66 20.69 20.70 20.70 20.70 20.72 20.72 20.73 20.73 20.74 20.72 20.72 20.73
99999.90 99999.90 99999.90 99999.90 99999.90 99999.90 99999.90 99999.90 99999.90 99999.90 99999.90 99999.90 99999.90 99999.90 99999.90 99999.90 99999.90 99999.90 99999.90 99999.90 99999.90 99999.90 99999.90 99999.90 99999.90 99999.90 99999.90 99999.90 99999.90 99999.90 99999.90 99999.90 99999.90 99999.90 99999.90 99999.90 99999.90 99999.90 99999.90 19.90 20.27 20.27 20.27 20.15 20.15 20.15 20.15 20.32 20.32 20.32 20.32 20.32 20.32 20.56 20.63 20.34 20.38 20.48 20.53 20.58 20.67 20.69 20.68 20.63 20.62 20.68 20.68 20.68 20.69 20.69 20.70 20.70 20.70 20.70 20.69 20.70 20.68
99999.90 99999.90 99999.90 99999.90 99999.90 99999.90 99999.90 99999.90 99999.90 99999.90 99999.90 99999.90 99999.90 99999.90 99999.90 99999.90 99999.90 99999.90 99999.90 99999.90 99999.90 99999.90 99999.90 99999.90 99999.90 99999.90 99999.90 99999.90 99999.90 99999.90 99999.90 99999.90 99999.90 99999.90 99999.90 99999.90 99999.90 99999.90 99999.90 19.90 20.27 20.27 20.27 20.27 20.27 20.15 20.15 20.15 20.15 20.15 20.21 20.21 20.21 20.31 20.41 20.22 20.53 20.61 20.54 20.57 20.63 20.63 20.65 20.66 20.65 20.65 20.66 20.65 20.67 20.67 20.68 20.68 20.67 20.68 20.67 20.67 20.65
99999.90 99999.90 99999.90 99999.90 99999.90 99999.90 99999.90 99999.90 99999.90 99999.90 99999.90 99999.90 99999.90 99999.90 99999.90 99999.90 99999.90 99999.90 99999.90 99999.90 99999.90 99999.90 99999.90 99999.90 99999.90 99999.90 99999.90 99999.90 99999.90 99999.90 99999.90 99999.90 99999.90 99999.90 99999.90 99999.90 99999.90 99999.90 99999.90 19.90 20.27 20.27 20.27 20.27 20.27 20.27 20.27 20.15 20.15 20.15 20.15 20.30 20.30 20.39 20.34 20.26 20.43 20.48 20.41 20.53 20.53 20.57 20.62 20.63 20.62 20.62 20.64 20.62 20.63 20.63 20.65 20.64 20.64 20.64 20.64 20.65 20.64
99999.90 99999.90 99999.90 99999.90 99999.90 99999.90 99999.90 99999.90 99999.90 99999.90 99999.90 99999.90 99999.90 99999.90 99999.90 99999.90 99999.90 99999.90 99999.90 99999.90 99999.90 99999.90 99999.90 99999.90 99999.90 99999.90 99999.90 99999.90 99999.90 99999.90 99999.90 99999.90 99999.90 99999.90 99999.90 99999.90 99999.90 99999.90 99999.90 19.90 20.27 20.27 20.27 20.27 20.27 20.27 20.27 20.27 20.27 20.15 20.15 20.15 20.24 20.27 20.36 20.27 20.34 20.50 20.39 20.49 20.49 20.50 20.54 20.56 20.62 20.60 20.61 20.60 20.61 20.62 20.64 20.63 20.63 20.62 20.61 20.62 20.63
99999.90 99999.90 99999.90 99999.90 99999.90 99999.90 99999.90 99999.90 99999.90 99999.90 99999.90 99999.90 99999.90 99999.90 99999.90 99999.90 99999.90 99999.90 99999.90 99999.90 99999.90 99999.90 99999.90 99999.90 99999.90 99999.90 99999.90 99999.90 99999.90 99999.90 99999.90 99999.90 99999.90 99999.90 99999.90 99999.90 99999.90 99999.90 19.87 19.90 19.90 19.90 20.27 20.27 20.27 20.27 20.27 20.27 20.27 20.27 20.09 20.09 20.18 20.23 20.37 20.36 20.40 20.39 20.43 20.48 20.55 20.48 20.44 20.45 20.54 20.58 20.56 20.58 20.59 20.59 20.61 20.61 20.60 20.60 20.59 20.60 20.61
99999.90 99999.90 99999.90 99999.90 99999.90 99999.90 99999.90 99999.90 99999.90 99999.90 99999.90 99999.90 99999.90 99999.90 99999.90 99999.90 99999.90 99999.90 99999.90 99999.90 99999.90 99999.90 99999.90 99999.90 99999.90 99999.90 99999.90 99999.90 99999.90 99999.90 99999.90 99999.90 99999.90 99999.90 99999.90 99999.90 99999.90 99999.90 19.87 19.90 19.90 19.90 19.90 19.90 19.90 20.27 20.27 20.27 20.27 20.27 20.27 20.09 20.30 20.38 20.35 20.36 20.43 20.39 20.46 20.42 20.56 20.46 20.41 20.38 20.41 20.52 20.55 20.56 20.58 20.57 20.57 20.56 20.57 20.56 20.55 20.58 20.61
99999.90 99999.90 99999.90 99999.90 99999.90 99999.90 99999.90 99999.90 99999.90 99999.90 99999.90 99999.90 99999.90 99999.90 99999.90 99999.90 99999.90 99999.90 99999.90 99999.90 99999.90 99999.90 99999.90 99999.90 99999.90 99999.90 99999.90 99999.90 99999.90 99999.90 99999.90 99999.90 99999.90 99999.90 99999.90 99999.90 99999.90 99999.90 19.87 19.90 19.90 19.90 19.90 19.90 19.90 19.90 19.90 19.90 19.97 19.97 19.97 19.74 20.14 20.41 20.46 20.33 20.36 20.51 20.35 20.36 20.40 20.56 20.44 20.39 20.37 20.39 20.46 20.45 20.51 20.49 20.50 20.54 20.56 20.56 20.58 20.58 20.59
99999.90 99999.90 99999.90 99999.90 99999.90 99999.90 99999.90 99999.90 99999.90 99999.90 99999.90 99999.90 99999.90 99999.90 99999.90 99999.90 99999.90 99999.90 99999.90 99999.90 99999.90 99999.90 99999.90 99999.90 99999.90 99999.90 99999.90 99999.90 99999.90 99999.90 99999.90 99999.90 99999.90 99999.90 99999.90 99999.90 99999.90 99999.90 19.87 19.90 19.90 19.90 19.90 19.90 19.90 19.90 19.90 19.90 19.90 19.90 19.90 19.83 20.21 20.27 20.30 20.27 20.23 20.31 20.31 20.31 20.37 20.47 20.50 20.27 20.33 20.35 20.47 20.49 20.49 20.50 20.44 20.48 20.51 20.53 20.55 20.56 20.56
99999.90 99999.90 99999.90 99999.90 99999.90 99999.90 99999.90 99999.90 99999.90 99999.90 99999.90 99999.90 99999.90 99999.90 99999.90 99999.90 99999.90 99999.90 99999.90 99999.90 99999.90 99999.90 99999.90 99999.90 99999.90 99999.90 99999.90 99999.90 99999.90 99999.90 99999.90 99999.90 99999.90 99999.90 99999.90 99999.90 99999.90 99999.90 19.87 19.90 19.90 19.90 19.90 19.90 19.90 19.90 19.90 19.90 19.90 19.90 20.09 20.01 20.22 20.23 20.19 20.23 20.18 20.12 20.11 20.24 20.32 20.46 20.49 20.26 20.25 20.26 20.34 20.43 20.49 20.51 20.50 20.49 20.41 20.44 20.49 20.54 20.55
99999.90 99999.90 99999.90 99999.90 99999.90 99999.90 99999.90 99999.90 99999.90 99999.90 99999.90 99999.90 99999.90 99999.90 99999.90 99999.90 99999.90 99999.90 99999.90 99999.90 99999.90 99999.90 99999.90 99999.90 99999.90 99999.90 99999.90 99999.90 99999.90 99999.90 99999.90 99999.90 99999.90 99999.90 99999.90 99999.90 99999.90 99999.90 19.87 19.90 19.90 19.90 19.90 19.90 19.90 19.90 19.90 19.90 19.90 19.90 19.88 20.07 20.16 20.25 20.20 20.21 20.13 20.18 20.13 20.00 20.24 20.31 20.22 20.31 20.27 20.15 20.17 20.33 20.39 20.39 20.43 20.46 20.47 20.44 20.46 20.47 20.49
99999.90 99999.90 99999.90 99999.90 99999.90 99999.90 99999.90 99999.90 99999.90 99999.90 99999.90 99999.90 99999.90 99999.90 99999.90 99999.90 99999.90 99999.90 99999.90 99999.90 99999.90 99999.90 99999.90 99999.90 99999.90 99999.90 99999.90 99999.90 99999.90 99999.90 99999.90 99999.90 99999.90 99999.90 99999.90 99999.90 99999.90 99999.90 19.87 19.87 19.87 20.02 20.02 20.02 20.02 20.02 20.02 20.02 20.02 20.02 19.98 19.96 20.02 20.24 20.18 20.12 20.05 20.13 20.22 20.17 20.09 20.24 20.22 20.18 20.31 20.25 20.08 20.21 20.28 20.32 20.34 20.38 20.40 20.44 20.41 20.41 20.46
99999.90 99999.90 99999.90 99999.90 99999.90 99999.90 99999.90 99999.90 99999.90 99999.90 99999.90 99999.90 99999.90 99999.90 99999.90 99999.90 99999.90 99999.90 99999.90 99999.90 99999.90 99999.90 99999.90 99999.90 99999.90 99999.90 99999.90 99999.90 99999.90 99999.90 99999.90 99999.90 99999.90 99999.90 99999.90 99999.90 99999.90 19.58 19.87 19.87 19.87 19.87 19.87 19.87 19.96 19.96 19.96 19.96 19.96 19.96 19.98 19.97 20.03 20.09 20.10 20.04 20.05 20.06 20.02 20.14 20.08 20.02 20.01 20.21 20.08 20.25 20.14 20.17 20.20 20.23 20.26 20.28 20.34 20.34 20.41 20.43 20.44
99999.90 99999.90 99999.90 99999.90 99999.90 99999.90 99999.90 99999.90 99999.90 99999.90 99999.90 99999.90 99999.90 99999.90 99999.90 99999.90 99999.90 99999.90 99999.90 99999.90 99999.90 99999.90 99999.90 99999.90 99999.90 99999.90 99999.90 99999.90 99999.90 99999.90 99999.90 99999.90 99999.90 99999.90 99999.90 99999.90 99999.90 19.58 19.87 19.87 19.87 19.87 19.87 19.87 19.87 19.87 19.87 20.12 20.12 20.12 20.20 20.11 20.01 19.99 20.04 19.96 19.96 20.06 20.13 20.09 20.11 20.03 19.90 20.06 20.29 20.23 20.04 20.00 20.04 20.20 20.17 20.24 20.27 20.27 20.35 20.42 20.41
99999.90 99999.90 99999.90 99999.90 99999.90 99999.90 99999.90 99999.90 99999.90 99999.90 99999.90 99999.90 99999.90 99999.90 99999.90 99999.90 99999.90 99999.90 99999.90 99999.90 99999.90 99999.90 99999.90 99999.90 99999.90 99999.90 99999.90 99999.90 99999.90 99999.90 99999.90 99999.90 99999.90 99999.90 99999.90 99999.90 99999.90 19.58 19.87 19.87 19.87 19.87 19.87 19.87 19.87 19.87 19.87 19.87 20.06 20.06 20.12 20.14 20.09 20.09 20.16 20.16 20.17 20.16 20.22 20.18 20.17 19.92 20.00 19.95 20.15 20.19 20.03 19.98 19.93 19.98 20.15 20.26 20.21 20.24 20.19 20.25 20.35
20.14 20.14 20.14 20.14 20.14 20.14 20.14 20.14 20.14 20.14 20.14 20.05 20.06 20.06 20.06 20.06 20.06 20.06 20.06 20.06 20.06 20.06 20.06 99999.90 99999.90 99999.90 99999.90 99999.90 99999.90 99999.90 99999.90 99999.90 99999.90 99999.90 99999.90 99999.90 99999.90 19.58 19.87 19.87 19.87 19.87 19.87 19.87 19.87 19.87 19.87 19.87 19.87 20.10 20.16 20.15 20.13 20.13 20.15 20.13 20.14 20.16 20.12 20.15 19.91 20.05 20.19 20.00 19.97 19.97 20.05 20.04 19.94 19.99 19.94 20.13 20.24 20.25 20.23 20.20 20.23
20.05 20.05 20.05 20.05 20.05 20.05 20.14 20.14 20.14 20.14 20.14 20.05 20.06 20.06 20.06 20.06 20.06 20.06 20.06 20.06 20.06 20.06 20.06 20.06 99999.90 99999.90 99999.90 99999.90 99999.90 99999.90 99999.90 99999.90 99999.90 99999.90 99999.90 99999.90 19.56 19.58 19.87 19.87 19.87 19.87 19.87 19.87 19.87 19.87 19.87 19.87 19.87 20.09 20.10 20.04 20.19 20.18 20.22 20.19 20.17 20.14 20.11 19.96 19.89 20.06 20.02 20.09 20.02 20.01 20.02 19.97 19.97 19.96 19.97 20.15 20.18 20.29 20.25 20.16 20.13
20.05 20.05 20.05 20.05 20.05 20.05 20.14 20.14 20.14 20.14 20.14 20.05 20.06 20.06 20.06 20.06 20.06 20.06 20.06 20.06 20.06 20.06 20.06 20.06 99999.90 99999.90 99999.90 99999.90 99999.90 99999.90 99999.90 99999.90 99999.90 99999.90 99999.90 99999.90 19.56 19.58 19.87 19.87 19.87 19.87 19.87 19.87 19.87 19.87 19.87 19.97 19.97 19.97 19.72 20.15 20.24 20.20 20.19 20.17 20.14 20.15 20.10 20.00 19.97 20.08 20.04 19.99 20.04 20.08 20.11 20.08 20.01 20.10 20.06 20.00 20.00 20.21 20.28 20.26 20.24
20.05 20.05 20.05 20.05 20.05 20.05 20.05 20.14 20.14 20.14 20.14 20.05 20.06 20.06 20.06 20.06 20.06 20.06 20.06 20.06 20.06 20.06 20.06 20.06 99999.90 99999.90 99999.90 99999.90 99999.90 99999.90 99999.90 99999.90 99999.90 99999.90 99999.90 19.85 19.56 19.58 19.58 19.58 19.58 19.58 19.97 19.97 19.97 19.97 19.97 19.95 19.95 19.95 19.96 20.20 20.23 20.15 20.15 20.14 20.16 20.17 20.13 20.15 20.08 20.08 20.05 20.08 20.07 20.11 20.10 20.13 20.14 20.12 20.11 20.13 20.00 19.96 20.02 20.20 20.21
20.05 20.05 20.05 20.05 20.05 20.05 20.05 20.14 20.14 20.14 20.14 20.05 20.06 20.06 20.06 20.06 20.06 20.06 20.06 20.06 20.06 20.06 20.06 20.06 99999.90 99999.90 99999.90 99999.90 99999.90 99999.90 99999.90 99999.90 99999.90 99999.90 99999.90 19.85 19.56 19.58 19.58 19.58 19.58 19.58 19.58 19.58 19.97 19.97 19.97 19.97 20.03 20.03 20.10 20.24 20.21 20.10 20.14 20.14 20.17 20.18 20.20 20.17 20.16 20.15 20.18 20.17 20.13 20.12 20.12 20.10 20.13 20.14 20.09 20.06 20.10 20.06 20.11 20.13 20.19
20.05 20.05 20.05 20.05 20.05 20.05 20.05 20.14 20.14 20.14 20.14 20.05 20.06 20.06 20.06 20.06 20.06 20.06 20.06 20.06 20.06 20.06 20.06 20.06 99999.90 99999.90 99999.90 99999.90 99999.90 99999.90 99999.90 99999.90 99999.90 99999.90 99999.90 19.85 19.56 19.58 19.58 19.58 19.58 19.58 19.58 19.58 19.58 19.58 19.97 19.97 19.97 19.97 20.13 20.19 20.14 20.13 20.15 20.12 20.22 20.24 20.24 20.23 20.19 20.23 20.23 20.17 20.18 20.10 20.19 20.14 20.10 20.12 20.08 20.14 20.16 20.11 20.14 20.15 20.13
20.05 20.05 20.05 20.05 20.05 20.05 20.05 20.14 20.14 20.14 20.14 20.05 20.06 20.06 20.06 20.06 20.06 20.06 20.06 20.06 20.06 20.06 20.06 20.06 99999.90 99999.90 99999.90 99999.90 99999.90 99999.90 99999.90 99999.90 99999.90 99999.90 19.82 19.85 19.56 19.58 19.58 19.58 19.58 19.58 19.58 19.58 19.58 19.58 19.58 19.97 19.97 19.99 20.15 20.15 20.12 20.09 20.08 20.13 20.22 20.15 20.14 20.19 20.19 20.23 20.21 20.14 20.12 20.16 20.08 20.08 20.07 20.11 20.06 20.08 20.10 20.06 20.08 20.04 20.01
20.13 20.05 20.05 20.05 20.05 20.05 20.05 20.05 20.14 20.14 20.14 20.05 20.06 20.06 20.06 20.06 20.06 20.06 20.06 20.06 20.06 20.06 20.06 20.06 99999.90 99999.90 99999.90 99999.90 99999.90 99999.90 99999.90 99999.90 99999.90 19.66 19.82 19.85 19.56 19.56 19.56 19.58 19.58 19.58 19.58 19.58 19.58 19.58 19.58 19.58 19.82 19.93 20.09 20.22 20.19 20.19 20.13 20.13 20.14 20.11 20.11 20.13 20.16 20.16 20.13 20.08 20.08 20.11 20.12 20.11 20.11 20.09 20.03 20.07 20.04 20.08 20.10 20.05 20.00
20.13 20.13 20.05 20.05 20.05 20.05 20.05 20.05 20.14 20.14 20.14 20.05 20.06 20.06 20.06 20.06 20.06 20.06 20.06 20.06 20.06 20.06 20.06 20.06 99999.90 99999.90 99999.90 99999.90 99999.90 99999.90 99999.90 99999.90 19.72 19.66 19.66 19.85 19.85 19.85 19.56 19.56 19.56 19.56 19.47 19.47 19.47 19.47 19.47 19.47 19.96 19.75 19.99 20.23 20.22 20.18 20.16 20.11 20.03 20.05 20.08 20.17 20.25 20.18 20.08 20.05 20.06 20.09 20.04 20.07 20.01 19.95 20.02 19.98 20.07 20.16 20.21 20.12 20.01
20.01 20.13 20.13 20.05 20.05 20.05 20.05 20.05 19.84 20.14 20.14 20.05 20.06 20.06 20.06 20.06 20.06 20.06 20.06 20.06 20.06 20.06 20.06 20.06 99999.90 99999.90 99999.90 99999.90 99999.90 99999.90 99999.90 99999.90 19.72 19.72 19.66 19.85 19.85 19.85 19.85 19.85 19.56 19.56 19.56 19.56 19.56 20.00 20.00 20.00 20.06 19.61 20.03 20.12 20.13 20.13 20.11 20.06 20.04 20.03 20.07 20.13 20.14 20.08 20.02 19.96 19.97 19.99 19.99 20.01 20.03 19.98 20.01 20.02 20.05 20.07 20.14 20.08 20.09
20.01 20.01 20.13 20.13 20.05 20.05 20.05 20.05 19.84 20.14 20.14 20.05 20.06 20.06 20.06 20.06 20.06 20.06 20.06 20.06 20.06 20.06 20.06 20.06 99999.90 99999.90 99999.90 99999.90 99999.90 99999.90 99999.90 19.63 19.72 19.72 19.72 19.85 19.85 19.85 19.85 19.85 19.85 19.85 19.56 19.56 19.56 19.56 19.96 19.96 19.77 19.72 20.00 20.02 20.12 20.08 20.13 20.17 20.10 20.05 20.05 20.07 20.11 20.07 20.03 20.04 20.02 20.03 20.04 20.01 20.01 20.01 19.99 20.00 19.99 20.02 20.05 20.06 20.06
20.01 20.01 20.01 20.13 20.13 20.05 20.05 20.05 19.84 20.12 20.10 20.05 19.94 20.06 20.06 20.06 20.06 20.06 20.06 20.06 20.06 20.06 20.06 20.06 99999.90 99999.90 99999.90 99999.90 99999.90 99999.90 19.67 19.63 19.72 19.72 19.72 19.72 19.85 19.85 19.85 19.85 19.85 19.85 19.85 19.85 19.56 19.56 19.56 19.88 19.86 19.55 19.94 19.99 20.03 19.98 19.95 19.98 20.01 20.04 20.06 20.05 20.07 20.04 20.01 19.97 19.99 20.02 20.01 19.99 19.97 19.99 20.01 20.02 20.03 20.03 20.03 20.02 20.04
20.01 20.01 20.01 20.01 20.13 20.13 20.11 20.11 20.08 19.95 20.10 20.10 19.94 20.06 20.06 20.06 20.06 20.06 20.06 20.06 20.06 20.06 20.06 20.06 99999.90 99999.90 99999.90 99999.90 99999.90 99999.90 19.67 19.67 19.72 19.72 19.72 19.72 19.72 19.66 19.85 19.85 19.85 19.85 19.85 19.85 19.85 19.87 19.87 19.87 19.86 19.99 20.02 19.96 19.91 19.89 19.92 19.92 19.97 20.00 20.06 20.04 20.06 20.00 19.99 19.98 20.01 20.01 20.03 20.03 20.02 20.03 20.07 20.08 20.08 20.11 20.13 20.11 20.13
20.01 20.01 20.01 20.01 20.01 20.12 20.08 19.93 19.94 19.69 19.69 19.69 19.94 20.06 20.06 20.06 20.06 20.06 20.06 20.06 20.06 20.06 20.06 20.06 99999.90 99999.90 99999.90 99999.90 99999.90 99999.90 19.67 19.67 19.72 19.72 19.72 19.72 19.72 19.72 19.66 19.66 19.85 19.85 19.85 19.85 19.85 19.85 19.99 19.73 19.92 19.98 19.99 20.01 19.87 19.87 19.89 19.92 20.02 19.97 19.96 19.98 20.04 20.01 19.94 19.93 19.96 20.05 20.02 20.00 20.03 20.05 20.05 20.08 20.09 20.13 20.17 20.17 20.18
20.01 20.01 20.01 20.01 20.01 19.84 20.06 19.93 19.94 19.69 19.69 19.69 19.94 20.06 20.06 20.06 20.06 20.06 20.06 20.06 20.06 20.06 20.06 20.06 99999.90 99999.90 99999.90 99999.90 99999.90 99999.90 19.67 19.67 19.67 19.72 19.72 19.72 19.72 19.72 19.72 19.66 19.66 19.82 19.82 19.98 19.98 19.98 19.76 19.71 19.80 19.82 19.91 19.98 19.94 19.86 19.90 19.98 20.01 19.98 20.00 19.98 19.93 19.91 19.92 19.94 19.97 20.07 20.09 20.08 20.01 20.04 20.07 20.08 20.07 20.09 20.13 20.16 20.15
20.01 20.01 20.01 20.01 20.01 19.60 19.99 19.93 19.93 19.69 19.69 19.69 19.69 20.06 20.06 20.06 20.06 20.06 20.06 20.06 20.06 20.06 20.06 20.06 99999.90 99999.90 99999.90 99999.90 99999.90 19.12 19.67 19.67 19.67 19.67 19.67 19.72 19.72 19.72 19.72 19.72 19.66 19.66 19.82 19.82 19.81 19.81 19.84 19.81 19.81 19.71 19.70 19.85 19.90 19.83 19.82 19.85 19.89 19.92 19.97 20.00 19.99 19.99 20.02 19.97 19.90 20.01 20.09 20.07 20.07 20.11 20.11 20.11 20.09 20.10 20.10 20.11 20.12
18.84 20.01 20.01 20.01 19.60 19.60 19.99 19.99 19.93 19.93 19.69 19.69 19.69 20.06 20.06 20.06 20.06 20.06 20.06 20.06 20.06 20.06 20.06 20.06 99999.90 99999.90 99999.90 99999.90 99999.90 19.12 19.67 19.67 19.67 19.67 19.67 19.67 19.72 19.72 19.72 19.72 19.72 19.66 19.66 19.82 19.82 19.90 19.92 19.84 19.81 19.68 19.67 19.67 19.74 19.86 19.93 19.88 19.78 19.79 19.90 19.95 20.01 20.01 19.98 20.02 19.98 19.94 20.05 20.06 20.04 20.08 20.08 20.08 20.08 20.09 20.09 20.04 20.09
18.84 18.84 20.01 19.60 19.60 19.60 19.99 19.99 19.99 19.93 19.69 19.69 19.69 19.69 20.06 20.06 20.06 20.06 20.06 20.06 20.06 20.06 20.06 20.06 99999.90 99999.90 99999.90 99999.90 99999.90 19.12 19.67 19.67 19.67 19.67 19.67 19.67 19.67 19.63 19.72 19.72 19.72 19.72 19.66 19.66 19.56 19.84 19.94 19.95 19.87 19.75 19.64 19.62 19.66 19.78 19.78 19.88 19.82 19.77 19.77 19.94 19.95 20.03 20.05 20.02 20.01 20.00 19.98 19.96 19.93 19.96 19.98 20.06 20.07 20.06 20.06 20.03 20.06
