files/bom_datasets/05.18.18.txt
ncols 839
nrows 679
xllcenter 112.0500
yllcenter -43.9500
cellsize 0.0500
nodata_value 99999.90
[rows 374 to 407 of 679, columns 308 to 384 of 839]
14.69 14.68 14.70 14.72 14.74 14.76 14.75 14.76 14.76 14.74 14.74 14.75 14.74 14.73 14.75 14.71 14.68 14.74 14.74 14.74 14.74 14.73 14.73 14.73 14.72 14.72 14.71 14.73 14.72 14.73 14.73 14.72 14.77 14.76 14.76 14.76 14.75 14.76 14.76 14.75 14.74 14.73 14.75 14.76 14.74 14.74 14.75 14.76 14.75 14.75 14.75 14.75 14.75 14.76 14.77 14.75 14.76 14.76 14.74 14.73 14.74 14.75 14.76 14.76 14.75 14.75 14.76 14.77 14.76 14.76 14.77 14.78 14.78 14.77 14.77 14.77 14.78
14.71 14.72 14.73 14.73 14.72 14.73 14.74 14.74 14.73 14.71 14.72 14.71 14.68 14.70 14.71 14.72 14.73 14.72 14.72 14.72 14.71 14.71 14.71 14.71 14.71 14.70 14.68 14.67 14.71 14.71 14.68 14.67 14.72 14.71 14.77 14.76 14.75 14.74 14.73 14.74 14.73 14.74 14.72 14.71 14.72 14.71 14.72 14.72 14.74 14.75 14.75 14.75 14.73 14.74 14.75 14.74 14.74 14.73 14.72 14.72 14.72 14.74 14.74 14.74 14.74 14.73 14.73 14.74 14.74 14.74 14.74 14.75 14.75 14.75 14.75 14.74 14.75
14.69 14.70 14.72 14.71 14.72 14.69 14.72 14.64 14.68 14.69 14.72 14.71 14.70 14.69 14.69 14.70 14.64 14.71 14.69 14.68 14.69 14.70 14.70 14.69 14.68 14.68 14.66 14.67 14.67 14.70 14.65 14.44 14.50 14.62 14.73 14.73 14.72 14.72 14.71 14.71 14.70 14.69 14.69 14.69 14.69 14.69 14.69 14.69 14.71 14.72 14.72 14.72 14.72 14.72 14.72 14.71 14.71 14.70 14.70 14.70 14.71 14.72 14.72 14.72 14.71 14.71 14.71 14.71 14.71 14.72 14.71 14.71 14.70 14.71 14.71 14.71 14.72
14.68 14.68 14.69 14.67 14.68 14.70 14.69 14.67 14.65 14.68 14.67 14.70 14.70 14.70 14.68 14.68 14.69 14.69 14.68 14.66 14.66 14.67 14.67 14.67 14.66 14.66 14.65 14.67 14.65 14.65 14.66 14.67 14.68 14.69 14.67 14.66 14.70 14.68 14.68 14.67 14.65 14.64 14.68 14.65 14.68 14.67 14.68 14.67 14.68 14.68 14.69 14.69 14.70 14.69 14.69 14.68 14.67 14.68 14.68 14.69 14.69 14.69 14.69 14.70 14.68 14.69 14.68 14.68 14.68 14.68 14.69 14.68 14.68 14.68 14.68 14.68 14.69
14.65 14.64 14.63 14.62 14.63 14.64 14.65 14.64 14.63 14.66 14.66 14.66 14.67 14.67 14.66 14.65 14.65 14.66 14.65 14.65 14.64 14.64 14.65 14.64 14.64 14.64 14.64 14.64 14.65 14.65 14.65 14.64 14.65 14.65 14.66 14.65 14.66 14.67 14.63 14.63 14.61 14.60 14.62 14.65 14.64 14.64 14.66 14.66 14.66 14.65 14.65 14.67 14.67 14.66 14.66 14.65 14.65 14.66 14.65 14.66 14.66 14.66 14.66 14.66 14.66 14.66 14.66 14.66 14.67 14.66 14.66 14.66 14.65 14.65 14.65 14.65 14.66
14.64 14.65 14.64 14.64 14.64 14.65 14.64 14.64 14.65 14.65 14.64 14.64 14.63 14.64 14.64 14.63 14.63 14.63 14.63 14.63 14.62 14.62 14.64 14.63 14.65 14.65 14.64 14.64 14.64 14.63 14.63 14.62 14.62 14.62 14.63 14.62 14.63 14.66 14.64 14.61 14.60 14.59 14.58 14.60 14.63 14.63 14.64 14.64 14.63 14.62 14.62 14.63 14.63 14.62 14.63 14.63 14.63 14.63 14.63 14.64 14.65 14.65 14.64 14.64 14.64 14.64 14.64 14.65 14.64 14.65 14.65 14.64 14.64 14.63 14.63 14.63 14.64
14.63 14.55 14.63 14.63 14.62 14.63 14.62 14.62 14.62 14.61 14.62 14.61 14.62 14.62 14.61 14.62 14.61 14.61 14.61 14.60 14.60 14.60 14.62 14.63 14.64 14.62 14.62 14.62 14.62 14.61 14.61 14.60 14.60 14.60 14.64 14.62 14.63 14.64 14.63 14.61 14.61 14.60 14.59 14.61 14.62 14.61 14.61 14.61 14.61 14.61 14.61 14.60 14.61 14.65 14.60 14.61 14.61 14.60 14.61 14.62 14.63 14.63 14.62 14.62 14.63 14.63 14.63 14.64 14.63 14.63 14.62 14.61 14.61 14.61 14.61 14.60 14.60
14.58 14.58 14.60 14.60 14.59 14.60 14.59 14.58 14.58 14.57 14.58 14.59 14.59 14.60 14.59 14.59 14.61 14.60 14.59 14.59 14.58 14.58 14.61 14.59 14.60 14.60 14.59 14.60 14.60 14.60 14.60 14.59 14.59 14.59 14.45 14.64 14.62 14.61 14.61 14.60 14.60 14.58 14.56 14.58 14.59 14.59 14.57 14.58 14.58 14.57 14.58 14.58 14.57 14.60 14.60 14.59 14.59 14.60 14.60 14.61 14.61 14.61 14.60 14.60 14.61 14.60 14.62 14.62 14.61 14.61 14.61 14.61 14.61 14.59 14.59 14.58 14.58
14.56 14.57 14.57 14.56 14.57 14.53 14.55 14.55 14.55 14.54 14.54 14.54 14.56 14.56 14.56 14.55 14.56 14.57 14.58 14.57 14.57 14.56 14.57 14.57 14.57 14.58 14.59 14.59 14.57 14.58 14.59 14.58 14.59 14.59 14.57 14.59 14.58 14.57 14.57 14.57 14.57 14.57 14.57 14.58 14.57 14.57 14.54 14.55 14.55 14.55 14.57 14.55 14.56 14.56 14.58 14.58 14.59 14.55 14.60 14.58 14.58 14.58 14.57 14.56 14.57 14.56 14.58 14.61 14.61 14.58 14.58 14.60 14.57 14.58 14.57 14.56 14.56
14.54 14.47 14.46 14.54 14.54 14.41 14.53 14.53 14.52 14.52 14.51 14.51 14.51 14.52 14.51 14.52 14.55 14.56 14.56 14.56 14.56 14.56 14.56 14.55 14.56 14.57 14.57 14.59 14.56 14.58 14.58 14.56 14.55 14.55 14.54 14.54 14.55 14.55 14.55 14.56 14.55 14.55 14.55 14.55 14.56 14.56 14.53 14.52 14.52 14.52 14.56 14.54 14.54 14.54 14.53 14.55 14.53 14.34 14.50 14.56 14.56 14.58 14.55 14.55 14.55 14.54 14.54 14.58 14.57 14.52 14.50 14.45 14.52 14.58 14.55 14.54 14.54
14.50 14.46 14.47 14.51 14.51 14.43 14.49 14.49 14.50 14.48 14.49 14.48 14.49 14.50 14.50 14.51 14.53 14.53 14.54 14.55 14.54 14.54 14.54 14.53 14.54 14.54 14.54 14.56 14.55 14.54 14.54 14.55 14.54 14.53 14.51 14.51 14.50 14.53 14.53 14.53 14.53 14.53 14.52 14.53 14.54 14.53 14.54 14.51 14.50 14.50 14.51 14.51 14.51 14.51 14.51 14.52 14.53 14.47 14.54 14.53 14.51 14.53 14.53 14.52 14.52 14.52 14.53 14.53 14.53 14.53 14.49 14.40 14.38 14.55 14.52 14.52 14.52
14.43 14.43 14.40 14.38 14.46 14.43 14.37 14.38 14.46 14.46 14.47 14.48 14.49 14.49 14.49 14.49 14.50 14.50 14.50 14.50 14.51 14.50 14.50 14.50 14.50 14.40 14.31 14.52 14.53 14.41 14.54 14.52 14.52 14.52 14.51 14.50 14.50 14.51 14.51 14.50 14.50 14.51 14.51 14.49 14.50 14.49 14.49 14.50 14.48 14.47 14.48 14.48 14.49 14.49 14.49 14.49 14.49 14.45 14.50 14.48 14.46 14.45 14.45 14.50 14.51 14.50 14.51 14.48 14.49 14.49 14.49 14.45 14.46 14.43 14.41 14.50 14.51
14.38 14.38 14.36 14.33 14.42 14.40 14.29 14.33 14.43 14.46 14.47 14.47 14.47 14.47 14.47 14.46 14.46 14.47 14.47 14.47 14.47 14.46 14.47 14.47 14.48 14.48 14.48 14.49 14.44 14.30 14.50 14.49 14.50 14.49 14.49 14.49 14.48 14.48 14.48 14.47 14.47 14.46 14.47 14.47 14.47 14.48 14.48 14.48 14.46 14.45 14.46 14.45 14.45 14.45 14.46 14.47 14.47 14.40 14.41 14.44 14.44 14.41 14.43 14.47 14.47 14.47 14.48 14.47 14.48 14.51 14.55 14.56 14.51 14.45 14.42 14.45 14.48
14.40 14.41 14.35 14.34 14.37 14.40 14.37 14.31 14.42 14.45 14.45 14.44 14.45 14.45 14.44 14.44 14.44 14.44 14.46 14.46 14.46 14.45 14.45 14.45 14.47 14.43 14.46 14.46 14.42 14.44 14.46 14.46 14.46 14.46 14.45 14.45 14.45 14.45 14.45 14.44 14.45 14.44 14.44 14.45 14.45 14.46 14.47 14.46 14.46 14.43 14.44 14.44 14.44 14.43 14.43 14.43 14.34 14.33 14.35 14.38 14.35 14.38 14.43 14.45 14.46 14.46 14.46 14.46 14.47 14.52 14.57 14.54 14.53 14.53 14.47 14.46 14.44
14.38 14.38 14.36 14.34 14.34 14.35 14.36 14.39 14.35 14.40 14.39 14.32 14.41 14.43 14.43 14.43 14.43 14.43 14.44 14.45 14.44 14.44 14.43 14.42 14.43 14.42 14.43 14.41 14.39 14.41 14.41 14.43 14.43 14.43 14.42 14.43 14.43 14.44 14.43 14.43 14.43 14.42 14.43 14.43 14.43 14.43 14.44 14.44 14.45 14.42 14.42 14.41 14.41 14.41 14.41 14.41 14.35 14.35 14.30 14.28 14.24 14.31 14.39 14.43 14.43 14.44 14.45 14.44 14.48 14.49 14.56 14.55 14.50 14.50 14.40 14.42 14.39
14.34 14.34 14.35 14.35 14.32 14.26 14.27 14.31 14.31 14.32 14.35 14.36 14.38 14.40 14.33 14.40 14.41 14.41 14.43 14.31 14.32 14.33 14.31 14.38 14.38 14.35 14.28 14.31 14.28 14.31 14.33 14.31 14.37 14.41 14.39 14.40 14.40 14.42 14.41 14.41 14.41 14.39 14.40 14.40 14.40 14.40 14.40 14.40 14.41 14.42 14.40 14.40 14.40 14.40 14.39 14.39 14.38 14.26 14.22 14.26 14.28 14.24 14.39 14.36 14.36 14.38 14.39 14.34 14.39 14.24 13.77 14.48 14.42 14.43 14.38 14.38 14.39
14.34 14.36 14.37 14.33 14.32 14.34 14.33 14.33 14.33 14.30 14.31 14.34 14.29 14.34 14.30 14.30 14.31 14.21 14.34 14.33 14.24 14.31 14.32 14.35 14.34 14.29 14.29 14.27 14.30 14.31 14.30 14.32 14.33 14.36 14.35 14.36 14.36 14.38 14.39 14.39 14.38 14.37 14.37 14.37 14.37 14.37 14.38 14.38 14.38 14.39 14.39 14.38 14.37 14.37 14.38 14.38 14.38 14.38 14.31 14.20 14.22 14.28 14.31 14.31 14.34 14.34 14.26 14.17 14.10 14.18 14.06 14.05 14.21 14.33 14.36 14.38 14.38
14.29 14.31 14.33 14.33 14.34 14.33 14.34 14.35 14.35 14.34 14.32 14.35 14.34 14.36 14.26 14.17 14.16 14.16 14.19 14.20 14.17 14.18 14.23 14.28 14.25 14.26 14.32 14.27 14.27 14.31 14.31 14.32 14.31 14.30 14.32 14.33 14.33 14.35 14.36 14.35 14.36 14.36 14.35 14.35 14.35 14.35 14.36 14.36 14.36 14.36 14.37 14.36 14.36 14.36 14.37 14.37 14.38 14.36 14.35 14.32 14.33 14.29 14.25 14.32 14.29 14.28 14.30 14.07 14.06 14.12 14.34 14.24 14.28 14.32 14.33 14.36 14.37
14.24 14.30 14.31 14.32 14.32 14.32 14.33 14.33 14.33 14.30 14.27 14.32 14.31 14.34 14.30 14.26 14.19 14.17 14.23 14.20 14.20 14.23 14.20 14.18 14.18 14.21 14.22 14.23 14.23 14.28 14.24 14.26 14.26 14.27 14.27 14.27 14.26 14.26 14.34 14.33 14.33 14.33 14.34 14.34 14.33 14.34 14.33 14.34 14.34 14.34 14.35 14.35 14.33 14.32 14.32 14.33 14.33 14.33 14.33 14.33 14.33 14.33 14.33 14.27 14.23 14.27 14.27 14.18 13.87 13.88 14.21 14.30 14.29 14.31 14.29 14.34 14.35
14.18 14.18 14.27 14.28 14.30 14.29 14.26 14.27 14.28 14.27 14.24 14.23 14.22 14.20 14.17 14.16 14.14 14.18 14.12 14.17 14.22 14.21 14.20 14.17 14.18 14.17 14.22 14.16 14.19 14.21 14.22 14.24 14.23 14.22 14.23 14.22 14.24 14.28 14.32 14.31 14.31 14.31 14.30 14.32 14.31 14.31 14.32 14.31 14.31 14.31 14.31 14.32 14.29 14.29 14.29 14.30 14.30 14.30 14.30 14.31 14.32 14.33 14.32 14.32 14.30 14.23 14.18 14.11 13.94 14.00 14.22 14.32 14.31 14.30 14.30 14.31 14.33
14.18 14.17 14.22 14.27 14.26 14.24 14.25 14.24 14.23 14.23 14.23 14.21 14.21 14.17 14.17 14.17 14.14 14.19 14.15 14.10 14.21 14.29 14.20 14.11 14.15 14.16 14.16 14.20 14.16 14.14 14.17 14.21 14.22 14.25 14.23 14.20 14.23 14.25 14.26 14.30 14.29 14.28 14.26 14.28 14.29 14.29 14.29 14.29 14.29 14.29 14.29 14.29 14.30 14.27 14.27 14.28 14.28 14.28 14.29 14.30 14.30 14.31 14.31 14.31 14.31 14.31 14.27 14.22 14.13 14.13 14.17 14.30 14.30 14.30 14.24 14.31 14.31
14.15 14.13 14.16 14.21 14.20 14.18 14.21 14.18 14.18 14.19 14.18 14.15 14.17 14.16 14.05 14.09 14.10 14.09 14.13 14.10 14.12 14.23 14.20 14.08 14.08 14.11 14.14 14.17 14.15 14.17 14.18 14.22 14.25 14.26 14.28 14.25 14.23 14.26 14.24 14.22 14.25 14.26 14.21 14.23 14.23 14.26 14.26 14.27 14.27 14.28 14.28 14.27 14.28 14.25 14.25 14.26 14.26 14.26 14.27 14.28 14.28 14.27 14.27 14.28 14.28 14.28 14.28 14.28 14.28 14.22 14.17 14.22 14.27 14.27 14.28 14.29 14.29
14.14 14.09 14.10 14.14 14.11 14.13 14.09 14.06 14.14 14.16 14.17 14.14 14.13 14.16 14.08 14.04 13.98 14.06 14.09 14.12 14.10 14.16 14.15 14.13 14.11 14.12 14.16 14.20 14.17 14.17 14.20 14.21 14.24 14.21 14.20 14.23 14.25 14.24 14.23 14.24 14.24 14.22 14.22 14.23 14.22 14.21 14.23 14.26 14.26 14.26 14.26 14.25 14.25 14.26 14.23 14.24 14.23 14.23 14.23 14.24 14.25 14.26 14.26 14.26 14.27 14.26 14.27 14.27 14.26 14.26 14.21 14.24 14.24 14.24 14.25 14.27 14.27
14.19 14.13 14.18 14.14 14.08 14.08 14.08 14.08 14.10 14.05 14.04 14.07 14.11 14.14 14.14 14.06 14.08 14.05 14.07 14.09 14.09 14.14 14.11 14.13 14.10 14.13 14.16 14.16 14.17 14.14 14.18 14.17 14.18 14.18 14.20 14.21 14.22 14.24 14.25 14.24 14.20 14.23 14.23 14.23 14.23 14.23 14.22 14.24 14.23 14.24 14.24 14.23 14.23 14.23 14.24 14.21 14.21 14.22 14.21 14.22 14.23 14.24 14.24 14.24 14.24 14.24 14.25 14.25 14.25 14.24 14.25 14.25 14.24 14.23 14.24 14.24 14.24
14.16 14.14 14.15 14.17 14.08 14.04 14.07 14.02 14.05 14.03 14.08 14.08 14.06 14.13 14.16 14.12 14.14 14.09 14.06 14.07 14.10 14.18 14.11 14.10 14.09 14.13 14.13 14.15 14.15 14.13 14.14 14.08 14.12 14.17 14.10 14.11 14.14 14.18 14.20 14.21 14.19 14.19 14.20 14.18 14.20 14.22 14.20 14.20 14.20 14.20 14.20 14.20 14.20 14.20 14.21 14.18 14.19 14.19 14.20 14.20 14.21 14.21 14.22 14.22 14.22 14.23 14.23 14.24 14.24 14.24 14.23 14.22 14.23 14.22 14.22 14.20 14.19
14.13 14.13 14.12 14.13 14.15 14.10 14.07 14.04 14.07 14.08 14.12 14.11 14.13 14.15 14.16 14.15 14.15 14.13 14.11 14.16 14.18 14.17 14.09 14.07 14.09 14.13 14.16 14.15 14.14 14.14 14.13 14.06 14.12 14.15 14.10 14.09 14.12 14.16 14.16 14.15 14.17 14.19 14.20 14.20 14.19 14.19 14.21 14.18 14.17 14.18 14.18 14.18 14.19 14.19 14.20 14.20 14.18 14.18 14.19 14.19 14.20 14.20 14.20 14.20 14.22 14.20 14.20 14.20 14.20 14.20 14.20 14.21 14.21 14.21 14.21 14.19 14.17
14.19 14.16 14.13 14.16 14.19 14.07 14.08 14.05 14.06 14.06 14.09 14.12 14.14 14.18 14.17 14.16 14.14 14.10 14.14 14.17 14.16 14.14 14.11 14.08 14.07 14.09 14.10 14.11 14.12 14.12 14.11 14.04 14.03 14.09 14.06 14.09 14.12 14.13 14.13 14.15 14.11 14.15 14.16 14.18 14.17 14.18 14.18 14.17 14.16 14.17 14.17 14.17 14.18 14.19 14.20 14.20 14.17 14.16 14.17 14.17 14.17 14.17 14.17 14.18 14.20 14.17 14.18 14.18 14.17 14.18 14.18 14.18 14.19 14.18 14.19 14.18 14.19
14.17 14.13 14.12 14.14 14.11 14.05 14.00 13.92 14.01 14.05 14.08 14.07 14.06 14.07 14.08 14.12 14.12 14.14 14.14 14.14 14.11 14.12 14.15 14.14 14.10 14.07 14.05 14.08 14.08 14.11 14.09 14.07 14.00 13.98 14.03 14.05 14.07 14.12 14.12 14.15 14.15 14.15 14.14 14.16 14.13 14.15 14.17 14.17 14.16 14.17 14.17 14.18 14.18 14.18 14.19 14.16 14.19 14.15 14.14 14.13 14.15 14.15 14.15 14.15 14.16 14.16 14.16 14.15 14.16 14.16 14.16 14.15 14.16 14.16 14.16 14.16 14.17
14.08 14.09 14.04 14.02 13.95 13.94 13.97 13.94 13.95 14.02 13.99 13.95 13.96 14.01 14.04 14.09 14.11 14.13 14.12 14.09 14.05 14.09 14.13 14.07 14.04 14.06 14.04 14.03 14.05 14.04 14.06 14.06 14.05 14.05 14.03 14.05 14.04 14.06 14.07 14.09 14.13 14.14 14.14 14.13 14.08 14.12 14.13 14.16 14.15 14.15 14.14 14.14 14.14 14.13 14.15 14.15 14.15 14.12 14.13 14.13 14.13 14.13 14.13 14.13 14.14 14.13 14.14 14.13 14.14 14.14 14.14 14.14 14.14 14.14 14.14 14.13 14.13
13.89 13.91 13.90 13.88 13.88 13.94 13.93 13.91 13.98 14.05 14.04 14.04 14.05 14.02 14.00 14.08 14.07 14.07 14.09 14.00 14.01 14.07 14.10 14.01 14.00 14.01 13.98 13.99 13.99 14.03 14.04 14.05 14.07 14.06 14.05 14.05 14.04 14.03 14.07 14.06 14.10 14.10 14.11 14.10 14.06 14.09 14.10 14.10 14.11 14.12 14.12 14.12 14.12 14.12 14.11 14.12 14.11 14.11 14.10 14.11 14.12 14.09 14.09 14.11 14.11 14.12 14.12 14.09 14.11 14.11 14.12 14.12 14.12 14.12 14.12 14.11 14.11
13.83 13.80 13.78 13.80 13.83 13.87 13.92 13.91 13.98 14.05 14.06 14.03 13.99 13.94 13.95 13.98 13.96 13.95 13.99 13.90 13.89 13.93 14.00 13.98 13.95 14.01 14.00 13.93 13.95 14.00 14.02 14.03 14.07 14.05 14.03 14.02 14.03 14.03 14.05 14.04 14.09 14.06 14.07 14.06 14.04 14.03 14.07 14.06 14.06 14.09 14.08 14.09 14.10 14.12 14.12 14.10 14.10 14.10 14.07 14.06 14.07 14.08 14.09 14.08 14.08 14.07 14.09 14.09 14.09 14.09 14.08 14.10 14.09 14.10 14.11 14.09 14.07
13.78 13.82 13.81 13.80 13.81 13.80 13.82 13.89 13.95 13.98 13.99 14.05 14.04 13.95 13.94 13.98 13.93 13.94 13.89 13.89 13.89 13.91 13.93 13.92 13.90 13.93 13.93 13.95 13.98 13.98 14.00 14.00 14.03 14.00 13.99 13.94 13.97 13.94 13.98 14.02 14.05 14.05 14.05 14.02 14.00 13.96 14.00 14.03 14.02 14.05 14.05 14.08 14.09 14.09 14.10 14.10 14.10 14.10 14.09 14.06 14.06 14.06 14.06 14.06 14.06 14.06 14.06 14.08 14.08 14.08 14.07 14.07 14.08 14.08 14.08 14.08 14.08
13.82 13.80 13.80 13.79 13.78 13.75 13.75 13.78 13.91 13.94 13.96 14.03 14.06 14.00 13.98 13.98 13.98 13.97 13.90 13.91 13.94 13.94 13.91 13.92 13.92 13.91 13.89 13.90 13.95 13.95 13.95 13.99 13.96 13.93 13.96 13.94 13.95 13.91 13.92 13.95 14.00 14.02 13.99 13.95 13.96 13.96 13.98 13.99 13.99 14.01 14.03 14.06 14.07 14.07 14.07 14.07 14.07 14.09 14.07 14.07 14.05 14.04 14.05 14.06 14.05 14.04 14.06 14.05 14.05 14.05 14.07 14.06 14.06 14.06 14.05 14.05 14.04
13.90 13.85 13.80 13.76 13.77 13.77 13.76 13.79 13.78 13.85 13.87 13.88 14.00 13.95 13.95 13.97 13.98 13.94 13.91 13.90 13.92 13.94 13.96 13.92 13.89 13.90 13.90 13.86 13.89 13.89 13.92 13.96 13.95 13.98 14.00 13.99 13.95 13.91 13.93 13.95 13.99 14.01 14.00 13.92 13.93 13.94 13.94 13.95 13.95 13.96 13.97 13.99 14.02 14.04 14.05 14.05 14.05 14.04 14.07 14.06 14.03 14.03 14.03 14.04 14.04 14.03 14.04 14.03 14.04 14.04 14.04 14.02 14.05 14.04 14.05 14.04 14.03
