files/bom_datasets/05.12.18.txt
ncols 839
nrows 679
xllcenter 112.0500
yllcenter -43.9500
cellsize 0.0500
nodata_value 99999.90
[rows 408 to 441 of 679, columns 462 to 538 of 839]
14.26 14.35 14.41 14.46 14.45 14.40 14.45 14.46 14.55 14.58 14.59 14.62 14.62 14.61 14.63 14.62 14.62 14.61 14.61 14.62 14.64 14.63 14.63 14.61 14.55 14.63 14.63 14.65 14.63 14.63 14.63 14.60 14.63 14.64 14.53 14.60 14.63 14.65 14.65 14.62 14.56 14.62 14.61 14.65 14.77 14.82 14.80 14.80 14.76 14.74 14.69 14.60 14.70 14.69 14.69 14.67 14.67 14.64 14.58 14.52 14.61 14.65 14.65 14.62 14.64 14.61 14.64 14.64 14.64 14.62 14.62 14.62 14.61 14.61 14.60 14.59 14.60
14.32 14.34 14.45 14.48 14.47 14.41 14.49 14.50 14.52 14.52 14.57 14.59 14.61 14.59 14.58 14.59 14.59 14.60 14.60 14.58 14.61 14.62 14.63 14.57 14.57 14.61 14.61 14.60 14.60 14.61 14.58 14.59 14.59 14.61 14.60 14.61 14.61 14.59 14.58 14.60 14.54 14.58 14.59 14.62 14.72 14.53 14.41 14.79 14.70 14.73 14.64 14.62 14.69 14.68 14.66 14.65 14.65 14.65 14.61 14.61 14.64 14.64 14.64 14.61 14.60 14.49 14.60 14.61 14.61 14.59 14.59 14.59 14.60 14.58 14.57 14.53 14.54
14.43 14.46 14.48 14.49 14.55 14.51 14.45 14.50 14.52 14.53 14.55 14.55 14.53 14.52 14.57 14.57 14.57 14.58 14.57 14.56 14.57 14.59 14.58 14.57 14.57 14.59 14.59 14.59 14.58 14.59 14.57 14.59 14.60 14.60 14.60 14.60 14.59 14.61 14.58 14.60 14.59 14.58 14.58 14.60 14.58 14.50 13.71 14.72 14.69 14.73 14.72 14.70 14.69 14.69 14.69 14.62 14.62 14.61 14.61 14.60 14.61 14.59 14.60 14.59 14.59 14.60 14.60 14.59 14.59 14.57 14.56 14.53 14.54 14.55 14.53 14.45 14.38
14.35 14.39 14.49 14.50 14.54 14.46 14.52 14.55 14.54 14.53 14.50 14.52 14.48 14.50 14.54 14.56 14.51 14.52 14.53 14.53 14.55 14.55 14.55 14.54 14.56 14.56 14.57 14.56 14.56 14.57 14.58 14.57 14.57 14.57 14.57 14.58 14.58 14.58 14.58 14.56 14.56 14.57 14.55 14.58 14.57 14.71 14.72 14.62 14.65 14.68 14.72 14.72 14.67 14.69 14.68 14.62 14.61 14.59 14.58 14.59 14.59 14.56 14.52 14.55 14.55 14.56 14.58 14.58 14.58 14.57 14.55 14.52 14.52 14.52 14.52 14.52 14.50
14.34 14.33 14.35 14.48 14.48 14.50 14.46 14.52 14.55 14.54 14.53 14.47 14.39 14.47 14.50 14.48 14.49 14.49 14.49 14.50 14.60 14.54 14.54 14.54 14.55 14.53 14.53 14.52 14.53 14.56 14.55 14.55 14.55 14.55 14.55 14.55 14.56 14.56 14.56 14.55 14.53 14.54 14.54 14.54 14.57 14.50 14.37 14.07 14.61 14.55 14.43 14.43 14.68 14.73 14.68 14.62 14.59 14.55 14.52 14.56 14.56 14.52 14.50 14.50 14.54 14.55 14.56 14.55 14.55 14.55 14.56 14.52 14.50 14.47 14.48 14.48 14.48
14.33 14.50 14.47 14.37 14.45 14.45 14.45 14.46 14.54 14.51 14.50 14.46 14.44 14.48 14.50 14.48 14.48 14.48 14.49 14.50 14.58 14.54 14.51 14.49 14.50 14.50 14.49 14.49 14.48 14.54 14.49 14.52 14.53 14.54 14.54 14.53 14.55 14.54 14.55 14.54 14.54 14.54 14.53 14.50 14.50 14.50 14.47 14.19 13.42 13.44 14.01 14.54 14.29 14.67 14.64 14.68 14.58 14.56 14.54 14.54 14.54 14.47 14.46 14.48 14.49 14.52 14.52 14.51 14.52 14.50 14.50 14.48 14.45 14.45 14.44 14.43 14.46
14.24 14.23 14.32 14.35 14.40 14.37 14.40 14.46 14.47 14.48 14.46 14.43 14.41 14.46 14.47 14.47 14.46 14.47 14.47 14.53 14.54 14.53 14.49 14.51 14.47 14.49 14.46 14.46 14.48 14.49 14.47 14.50 14.49 14.50 14.52 14.51 14.53 14.53 14.53 14.53 14.53 14.50 14.49 14.48 14.49 14.47 14.45 14.49 14.04 12.16 13.61 14.23 14.52 14.59 14.72 14.65 14.64 14.53 14.50 14.51 14.50 14.48 14.47 14.45 14.47 14.47 14.52 14.51 14.50 14.49 14.47 14.44 14.43 14.42 14.43 14.44 14.39
14.22 14.22 14.29 14.39 14.43 14.46 14.47 14.43 14.45 14.43 14.44 14.44 14.40 14.40 14.41 14.47 14.49 14.43 14.43 14.50 14.57 14.46 14.43 14.44 14.47 14.46 14.44 14.32 14.37 14.39 14.46 14.48 14.48 14.50 14.46 14.51 14.51 14.51 14.50 14.49 14.49 14.48 14.48 14.48 14.46 14.46 14.46 14.52 14.47 14.05 13.48 14.07 14.16 14.63 14.63 14.55 14.55 14.58 14.51 14.49 14.49 14.47 14.46 14.44 14.47 14.48 14.47 14.45 14.45 14.45 14.42 14.40 14.40 14.39 14.40 14.39 14.34
14.07 14.26 14.26 14.37 14.38 14.44 14.36 14.40 14.41 14.42 14.40 14.41 14.34 14.28 14.41 14.44 14.47 14.49 14.53 14.58 14.51 14.46 14.46 14.44 14.44 14.44 14.39 14.33 14.32 14.37 14.42 14.46 14.47 14.49 14.49 14.51 14.52 14.50 14.49 14.47 14.47 14.48 14.47 14.44 14.44 14.45 14.45 14.50 14.58 14.43 14.28 13.36 13.49 14.10 14.60 14.62 14.54 14.56 14.48 14.46 14.47 14.46 14.46 14.46 14.45 14.44 14.42 14.41 14.40 14.41 14.39 14.37 14.37 14.39 14.38 14.38 14.38
13.80 14.04 14.25 14.30 14.27 14.32 14.37 14.39 14.39 14.41 14.34 14.42 14.37 14.35 14.37 14.39 14.42 14.46 14.52 14.48 14.43 14.43 14.44 14.44 14.45 14.45 14.38 14.35 14.23 14.29 14.36 14.44 14.46 14.49 14.45 14.47 14.47 14.46 14.45 14.46 14.45 14.46 14.45 14.43 14.42 14.42 14.42 14.44 14.41 14.44 14.39 12.94 12.92 13.66 14.61 14.64 14.62 14.53 14.47 14.44 14.45 14.45 14.44 14.42 14.42 14.41 14.40 14.38 14.38 14.35 14.37 14.36 14.38 14.41 14.39 14.39 14.38
13.89 13.88 14.13 14.30 14.24 14.22 14.32 14.28 14.33 14.37 14.35 14.38 14.37 14.39 14.38 14.38 14.40 14.41 14.38 14.39 14.42 14.43 14.46 14.45 14.42 14.41 14.38 14.27 14.26 14.32 14.36 14.34 14.48 14.36 14.41 14.42 14.44 14.43 14.44 14.44 14.43 14.43 14.42 14.43 14.40 14.40 14.39 14.40 14.39 14.29 14.07 13.70 12.88 13.60 14.57 14.53 14.46 14.54 14.50 14.41 14.43 14.40 14.40 14.39 14.38 14.39 14.38 14.37 14.35 14.33 14.33 14.34 14.36 14.37 14.39 14.38 14.37
13.66 14.17 14.17 14.31 14.40 14.24 14.19 14.26 14.28 14.33 14.38 14.36 14.38 14.37 14.40 14.39 14.39 14.39 14.34 14.36 14.38 14.40 14.46 14.44 14.37 14.38 14.32 14.22 14.20 14.30 14.32 14.29 14.33 14.24 14.31 14.41 14.41 14.42 14.43 14.43 14.42 14.41 14.41 14.39 14.38 14.39 14.37 14.38 14.37 14.37 14.03 13.55 12.87 13.43 14.49 14.56 14.53 14.56 14.50 14.41 14.42 14.41 14.39 14.38 14.37 14.37 14.36 14.34 14.32 14.32 14.31 14.30 14.32 14.36 14.37 14.37 14.35
14.00 14.26 14.28 14.23 14.38 14.30 14.28 14.19 14.16 14.26 14.26 14.32 14.37 14.35 14.37 14.38 14.35 14.38 14.36 14.37 14.36 14.36 14.47 14.43 14.38 14.38 14.34 14.32 14.22 14.30 14.35 14.36 14.36 14.36 14.35 14.39 14.40 14.41 14.41 14.42 14.41 14.38 14.37 14.36 14.35 14.34 14.37 14.35 14.36 14.35 14.33 13.41 13.35 13.39 14.06 14.46 14.53 14.49 14.46 14.40 14.37 14.38 14.37 14.35 14.37 14.36 14.35 14.31 14.31 14.32 14.32 14.30 14.29 14.32 14.35 14.34 14.34
13.78 14.12 14.01 14.15 14.12 14.29 14.48 14.09 14.15 14.27 14.31 14.29 14.32 14.34 14.36 14.38 14.34 14.34 14.34 14.35 14.36 14.37 14.42 14.36 14.44 14.44 14.42 14.34 14.26 14.31 14.36 14.36 14.26 14.35 14.37 14.36 14.41 14.42 14.38 14.35 14.36 14.35 14.36 14.36 14.35 14.33 14.39 14.40 14.35 14.33 14.36 14.30 13.29 13.81 13.68 14.44 14.53 14.51 14.49 14.43 14.33 14.33 14.36 14.35 14.34 14.31 14.35 14.28 14.28 14.27 14.27 14.30 14.28 14.28 14.29 14.32 14.32
14.14 13.95 13.90 14.02 14.06 14.12 14.28 14.41 14.17 14.26 14.29 14.31 14.31 14.30 14.31 14.32 14.34 14.33 14.30 14.33 14.33 14.32 14.33 14.32 14.37 13.64 14.36 14.27 14.23 14.30 14.33 14.34 14.17 14.35 14.32 14.33 14.33 14.34 14.32 14.31 14.32 14.33 14.34 14.33 14.31 14.30 14.34 14.35 14.17 14.09 14.36 14.43 13.86 14.14 13.87 13.92 14.42 14.43 14.41 14.47 14.33 14.32 14.34 14.33 14.32 14.30 14.29 14.29 14.25 14.26 14.26 14.27 14.26 14.24 14.26 14.29 14.31
13.96 13.80 13.88 13.91 13.93 14.19 14.36 14.27 14.18 14.22 14.19 14.25 14.31 14.31 14.31 14.28 14.25 14.31 14.30 14.30 14.32 14.32 14.33 14.32 14.12 11.63 14.16 14.33 14.31 14.30 14.29 14.28 14.21 14.27 14.27 14.28 14.32 14.31 14.30 14.28 14.27 14.29 14.33 14.28 14.28 14.28 14.29 14.28 14.28 14.23 14.29 14.25 14.19 14.33 14.31 14.07 14.39 14.43 14.43 14.43 14.34 14.32 14.33 14.30 14.30 14.28 14.29 14.27 14.22 14.21 14.24 14.25 14.25 14.23 14.24 14.26 14.29
13.83 13.78 13.76 13.76 13.93 14.02 14.29 14.29 14.15 14.19 14.40 14.47 14.11 14.25 14.19 13.60 13.89 14.18 14.34 14.41 14.21 14.32 14.33 14.32 14.34 14.25 14.32 14.32 14.26 14.26 14.26 14.18 14.22 14.23 14.22 14.26 14.28 14.29 14.27 14.27 14.30 14.29 14.31 14.28 14.27 14.28 14.27 14.27 14.26 14.27 14.30 14.19 14.29 14.26 14.24 14.15 14.37 14.42 14.43 14.41 14.31 14.29 14.28 14.28 14.28 14.27 14.27 14.23 14.19 14.17 14.21 14.22 14.23 14.23 14.23 14.24 14.25
13.79 13.79 13.74 13.88 13.83 14.11 14.11 14.13 14.33 14.23 14.34 14.32 14.29 14.38 14.38 13.96 14.36 14.42 14.40 14.39 14.23 14.34 14.26 14.26 14.26 14.29 14.37 14.40 14.31 14.19 14.21 14.25 14.26 14.26 14.18 14.24 14.27 14.18 14.24 14.39 14.40 14.30 14.29 14.28 14.25 14.25 14.27 14.25 14.24 14.26 14.28 14.31 14.30 14.23 14.18 14.37 14.38 14.37 14.38 14.39 14.32 14.28 14.27 14.26 14.25 14.24 14.25 14.24 14.20 14.16 14.19 14.20 14.21 14.22 14.22 14.20 14.22
13.70 13.84 13.88 13.99 14.07 14.01 14.09 14.08 14.21 14.20 14.33 14.36 14.29 14.25 14.29 14.28 14.39 14.40 14.40 14.31 14.25 14.25 14.25 14.24 14.25 14.23 14.24 14.32 14.35 14.36 14.38 14.35 14.29 14.20 14.21 14.22 14.20 14.18 14.18 14.35 14.28 14.27 14.27 14.25 14.26 14.23 14.23 14.23 14.23 14.22 14.23 14.23 14.10 13.58 14.27 14.41 14.37 14.39 14.35 14.36 14.30 14.24 14.26 14.24 14.22 14.20 14.22 14.21 14.18 14.16 14.18 14.17 14.18 14.17 14.17 14.18 14.19
14.14 13.86 13.92 14.11 14.06 14.02 14.06 14.06 14.08 14.18 14.21 14.21 14.27 14.28 14.24 14.27 14.35 14.37 14.36 14.33 14.17 14.21 14.21 14.21 14.22 14.21 14.23 14.13 14.18 14.36 14.26 14.36 14.37 14.36 14.23 14.23 14.18 14.13 14.12 14.26 14.21 14.22 14.37 14.24 14.24 14.21 14.21 14.21 14.22 14.20 14.20 14.21 14.03 14.09 14.06 14.39 14.37 14.37 14.30 14.31 14.21 14.20 14.22 14.20 14.18 14.17 14.20 14.17 14.13 14.12 14.14 14.14 14.14 14.12 14.13 14.16 14.18
14.22 14.24 14.18 14.27 14.19 14.00 14.02 14.03 14.04 14.12 14.24 14.32 14.33 14.25 14.26 14.28 14.21 14.29 14.26 14.34 14.17 14.24 14.20 14.21 14.20 14.20 14.16 13.76 14.28 14.31 14.34 14.34 14.31 14.38 14.27 14.31 14.21 14.15 14.11 14.15 14.12 14.30 14.34 14.23 14.22 14.21 14.18 14.19 14.18 14.18 14.17 14.17 14.15 13.99 14.22 14.30 14.36 14.33 14.34 14.26 14.18 14.15 14.18 14.17 14.17 14.17 14.18 14.14 14.09 14.10 14.12 14.13 14.13 14.12 14.11 14.17 14.17
13.88 14.08 14.13 14.17 14.08 13.96 13.99 13.99 14.01 14.18 14.28 14.34 14.14 14.25 14.32 14.36 14.38 14.34 14.30 14.24 14.25 14.22 14.23 14.25 14.17 14.18 14.14 14.13 14.18 14.28 14.30 14.29 14.27 14.04 14.03 13.96 14.18 13.97 14.00 14.06 14.07 14.22 14.34 14.16 14.19 14.16 14.14 14.17 14.15 14.15 14.15 14.16 14.14 13.86 14.31 14.31 14.33 14.28 14.25 14.14 14.15 14.15 14.15 14.14 14.13 14.14 14.14 14.07 14.05 14.06 14.08 14.11 14.10 14.12 14.13 14.15 14.14
13.76 13.84 13.96 13.98 13.96 13.95 13.97 13.94 13.97 14.19 14.22 14.25 14.25 14.17 14.33 14.36 14.36 14.34 14.20 14.24 14.16 14.10 14.13 14.15 14.15 14.11 14.08 14.08 14.14 14.18 14.18 14.30 14.24 14.06 14.01 14.01 13.92 14.01 13.91 13.97 13.90 14.20 14.30 14.17 14.12 14.14 14.08 14.09 14.13 14.13 14.14 14.22 13.94 14.29 14.33 14.31 14.29 14.22 14.15 14.15 14.14 14.13 14.13 14.09 14.11 14.12 14.11 14.05 14.02 14.05 14.05 14.08 14.09 14.09 14.10 14.10 14.12
13.77 13.77 13.79 13.82 13.97 13.97 13.95 14.02 14.04 14.14 14.23 14.21 14.04 14.18 14.32 14.33 14.34 14.26 14.33 14.19 14.15 14.26 14.19 14.10 14.09 14.07 14.10 14.11 14.14 14.12 14.13 14.19 14.18 14.05 14.12 14.04 13.66 13.88 13.86 13.86 13.90 13.91 14.19 14.18 14.05 14.08 14.11 14.10 14.11 14.11 14.13 14.22 13.89 14.25 14.29 14.24 14.18 14.14 14.12 14.13 14.11 14.11 14.09 14.09 14.08 14.08 14.07 14.04 14.03 14.03 14.03 14.04 14.08 14.09 14.09 14.09 14.11
13.70 13.88 13.81 13.74 13.81 13.90 13.94 14.02 14.06 14.07 14.06 14.09 14.06 14.16 14.25 14.23 14.28 14.27 14.29 14.31 14.15 14.12 14.19 14.04 14.00 14.11 14.09 14.12 14.19 14.09 14.10 14.05 13.73 13.84 13.91 13.88 13.78 13.71 13.77 13.90 13.88 13.80 14.20 14.19 14.10 14.01 14.01 14.10 14.09 14.10 14.11 14.25 14.22 14.24 14.26 14.17 14.12 14.12 14.10 14.09 14.08 14.08 14.07 14.07 14.07 14.06 14.03 14.01 14.02 14.04 14.02 14.01 14.04 14.05 14.08 14.06 14.05
13.56 13.64 13.71 13.87 13.85 13.84 13.99 13.97 14.04 14.06 14.05 14.06 14.06 14.18 14.18 14.23 14.22 14.28 14.28 14.28 14.23 14.18 14.06 13.96 14.03 14.08 14.06 14.07 14.15 14.22 14.09 14.07 14.00 13.97 13.90 13.85 13.51 13.69 13.74 13.86 13.72 13.83 13.91 13.98 14.04 13.89 13.94 14.06 14.05 14.07 14.08 14.15 14.25 14.25 14.15 14.10 14.10 14.09 14.08 14.06 14.05 14.06 14.06 14.05 14.04 14.02 13.98 13.97 14.00 14.00 14.01 14.00 14.00 14.01 14.02 14.02 14.03
13.63 13.56 13.73 13.63 13.96 13.94 13.93 13.94 14.01 14.03 14.02 14.04 14.05 14.07 14.17 14.17 14.23 14.25 14.12 14.16 14.26 14.10 14.02 14.06 14.04 14.04 14.05 14.04 14.09 14.14 14.12 14.06 14.00 13.97 14.13 14.09 13.84 13.94 13.80 13.74 13.88 13.67 13.65 13.94 14.04 13.89 13.89 14.00 13.92 14.00 14.06 14.15 14.23 14.19 14.07 14.05 14.05 14.04 14.04 14.03 14.03 14.02 14.03 14.03 14.02 14.01 13.97 13.98 13.99 13.98 14.00 13.98 13.99 14.00 13.99 14.00 14.00
13.63 13.60 13.56 13.62 13.83 13.80 13.87 13.93 13.98 13.98 14.00 13.99 14.00 14.01 14.00 14.04 14.11 14.12 14.13 14.19 14.24 14.11 13.99 14.00 14.00 13.96 14.00 14.03 14.03 14.09 14.11 14.10 14.03 13.94 14.00 13.80 13.82 13.68 13.66 14.04 14.10 13.81 13.65 13.92 13.92 13.94 13.81 14.05 14.07 14.10 14.12 14.11 14.16 14.06 14.03 14.03 14.04 14.00 13.98 13.97 13.98 13.97 13.99 14.00 14.00 13.98 13.97 13.97 13.99 13.99 13.97 13.95 13.94 13.94 13.93 13.95 13.97
13.66 13.55 13.51 13.57 13.75 13.79 13.85 13.89 13.93 13.94 13.95 13.96 13.97 13.96 13.96 13.98 14.04 14.04 14.08 14.18 14.21 14.19 14.01 14.01 14.03 13.95 13.99 13.99 14.00 14.05 14.07 14.05 14.01 13.99 13.93 13.96 13.84 13.64 13.52 13.71 13.80 13.83 13.33 13.66 13.75 13.89 13.63 13.72 13.95 13.96 14.11 14.14 14.08 14.05 14.03 14.01 13.99 14.00 13.96 13.97 14.00 13.97 13.96 13.96 13.94 13.98 13.99 13.98 13.99 13.98 13.95 13.93 13.93 13.92 13.94 13.99 13.94
13.67 13.63 13.54 13.49 13.59 13.75 13.81 13.84 13.90 13.88 13.89 13.91 13.95 13.95 13.94 13.93 13.96 13.96 14.09 14.16 14.11 14.18 14.11 14.06 13.90 13.91 13.88 13.94 13.96 13.96 14.02 14.01 14.02 14.05 14.00 13.94 13.88 13.73 13.31 13.44 13.74 13.61 13.40 13.40 13.54 13.72 13.94 13.93 13.91 13.96 13.95 14.05 14.06 14.01 14.00 13.99 13.99 13.98 13.94 13.96 13.96 13.96 13.95 13.93 13.92 13.93 13.92 13.95 13.96 13.96 13.92 13.93 13.94 13.94 13.96 13.97 13.97
13.67 13.68 13.59 13.49 13.62 13.88 13.97 13.88 13.79 13.85 13.86 13.83 13.90 13.93 13.93 13.92 13.92 13.95 14.02 14.10 13.99 14.02 14.07 14.04 13.93 13.88 13.82 13.87 13.88 13.94 14.01 13.98 13.97 14.02 14.05 13.94 13.93 13.85 13.04 13.34 13.50 13.55 13.45 13.49 13.51 13.72 13.83 13.80 13.86 13.93 13.94 13.94 14.02 13.98 13.97 13.97 13.95 13.94 13.93 13.92 13.94 13.95 13.92 13.90 13.89 13.90 13.92 13.95 13.92 13.92 13.91 13.91 13.90 13.92 13.94 13.94 13.90
13.69 13.66 13.60 13.56 13.69 13.73 13.74 13.86 13.84 13.74 13.86 13.91 13.87 13.90 13.90 13.91 13.91 13.97 14.05 14.00 14.10 14.04 14.04 14.00 13.94 13.92 13.93 13.89 13.90 13.93 13.98 14.02 14.03 14.01 13.96 13.92 13.89 13.75 13.51 13.02 13.45 13.36 13.42 13.41 13.31 13.48 13.78 13.47 13.67 13.82 13.90 13.93 13.99 13.96 13.96 13.95 13.95 13.90 13.88 13.87 13.89 13.92 13.90 13.90 13.90 13.91 13.90 13.90 13.91 13.92 13.90 13.90 13.89 13.89 13.92 13.93 13.93
13.69 13.65 13.63 13.55 13.62 13.67 13.74 13.68 13.63 13.63 13.77 13.89 13.88 13.89 13.90 13.90 13.91 14.03 14.06 14.01 13.98 13.98 14.04 13.89 13.89 13.89 13.93 13.88 13.86 13.93 13.93 13.94 14.00 13.94 13.90 13.89 13.89 13.88 13.78 13.53 13.20 13.21 13.36 13.18 13.10 13.41 13.78 13.54 13.54 13.54 13.75 13.85 14.00 13.93 13.92 13.91 13.90 13.84 13.82 13.84 13.89 13.89 13.88 13.87 13.85 13.87 13.90 13.89 13.89 13.88 13.87 13.87 13.86 13.86 13.88 13.91 13.90
13.67 13.64 13.62 13.56 13.58 13.71 13.61 13.57 13.52 13.57 13.66 13.80 13.84 13.85 13.85 13.92 14.02 14.06 14.08 14.08 14.05 14.00 13.89 13.87 13.87 13.87 13.86 13.86 13.86 13.88 13.90 13.93 13.94 13.89 13.87 13.87 13.86 13.85 13.86 13.63 13.03 13.12 13.32 13.59 13.18 13.40 13.74 13.63 13.11 13.40 13.53 13.61 13.81 13.87 13.89 13.86 13.83 13.81 13.80 13.80 13.85 13.83 13.85 13.86 13.85 13.86 13.86 13.88 13.88 13.88 13.86 13.84 13.85 13.83 13.86 13.87 13.87
