files/bom_datasets/05.10.18.txt
ncols 839
nrows 679
xllcenter 112.0500
yllcenter -43.9500
cellsize 0.0500
nodata_value 99999.90
[rows 272 to 305 of 679, columns 154 to 230 of 839]
17.52 17.54 17.55 17.66 17.70 17.66 17.57 17.62 17.60 17.57 17.61 17.62 17.65 17.60 17.68 17.69 17.69 17.69 17.68 17.66 17.59 17.58 17.55 17.58 17.56 17.57 17.64 17.63 17.60 17.58 17.55 17.53 17.54 17.50 17.45 17.57 17.59 17.53 17.63 17.64 17.59 17.62 17.69 17.62 17.62 17.67 17.68 17.67 17.72 17.80 17.72 17.62 17.62 17.66 17.63 17.64 17.65 17.69 17.64 17.42 17.30 17.60 17.70 17.56 17.52 17.43 17.60 17.61 17.63 17.72 17.67 17.66 17.69 17.66 17.66 17.72 17.67
17.64 17.64 17.59 17.60 17.60 17.55 17.54 17.56 17.54 17.56 17.57 17.62 17.60 17.59 17.58 17.63 17.61 17.61 17.56 17.49 17.53 17.58 17.56 17.56 17.52 17.56 17.65 17.60 17.54 17.40 17.27 17.35 17.47 17.48 17.46 17.52 17.57 17.60 17.60 17.62 17.62 17.56 17.57 17.59 17.69 17.68 17.66 17.67 17.76 17.69 17.63 17.64 17.62 17.62 17.60 17.64 17.63 17.66 17.66 17.64 17.53 17.35 17.59 17.55 17.55 17.58 17.55 17.61 17.56 17.61 17.67 17.71 17.78 17.76 17.69 17.65 17.63
17.57 17.55 17.54 17.55 17.58 17.62 17.63 17.63 17.59 17.56 17.57 17.58 17.53 17.49 17.54 17.58 17.60 17.59 17.54 17.50 17.52 17.58 17.60 17.62 17.58 17.59 17.45 17.31 17.34 17.21 17.20 17.33 17.41 17.47 17.49 17.57 17.57 17.61 17.63 17.59 17.56 17.56 17.57 17.55 17.59 17.58 17.47 17.62 17.79 17.70 17.57 17.61 17.61 17.61 17.55 17.57 17.60 17.53 17.59 17.63 17.53 17.54 17.55 17.52 17.55 17.60 17.59 17.56 17.57 17.56 17.59 17.59 17.63 17.65 17.70 17.66 17.62
17.50 17.58 17.63 17.62 17.63 17.64 17.63 17.62 17.58 17.52 17.52 17.52 17.45 17.51 17.53 17.53 17.54 17.57 17.55 17.52 17.59 17.59 17.65 17.64 17.61 17.51 17.34 17.35 17.30 17.36 17.47 17.52 17.56 17.53 17.50 17.59 17.61 17.61 17.62 17.58 17.54 17.54 17.52 17.56 17.59 17.56 17.53 17.60 17.60 17.62 17.60 17.61 17.63 17.54 17.56 17.55 17.58 17.55 17.48 17.53 17.51 17.47 17.48 17.49 17.56 17.55 17.61 17.50 17.55 17.54 17.53 17.53 17.53 17.59 17.63 17.59 17.60
17.52 17.61 17.59 17.57 17.58 17.58 17.57 17.54 17.46 17.43 17.47 17.51 17.40 17.51 17.58 17.55 17.55 17.54 17.54 17.60 17.61 17.58 17.60 17.63 17.61 17.57 17.53 17.52 17.48 17.49 17.50 17.49 17.47 17.55 17.61 17.57 17.60 17.60 17.60 17.59 17.58 17.52 17.56 17.62 17.54 17.51 17.60 17.60 17.52 17.59 17.60 17.59 17.56 17.55 17.56 17.54 17.57 17.60 17.53 17.52 17.56 17.51 17.52 17.51 17.55 17.53 17.63 17.50 17.50 17.57 17.56 17.50 17.50 17.58 17.58 17.52 17.69
17.40 17.49 17.52 17.52 17.46 17.50 17.47 17.49 17.45 17.46 17.48 17.35 17.49 17.52 17.54 17.52 17.50 17.55 17.56 17.54 17.58 17.59 17.54 17.51 17.49 17.54 17.51 17.46 17.51 17.52 17.56 17.55 17.54 17.55 17.54 17.51 17.55 17.54 17.53 17.53 17.51 17.50 17.49 17.47 17.49 17.47 17.58 17.57 17.51 17.53 17.59 17.59 17.55 17.51 17.55 17.55 17.56 17.59 17.55 17.50 17.51 17.53 17.51 17.51 17.52 17.59 17.53 17.54 17.60 17.62 17.62 17.53 17.50 17.52 17.51 17.50 17.64
17.46 17.50 17.51 17.46 17.44 17.45 17.48 17.45 17.36 17.33 17.31 17.40 17.46 17.47 17.49 17.50 17.52 17.52 17.52 17.53 17.47 17.48 17.47 17.45 17.49 17.47 17.47 17.50 17.50 17.52 17.54 17.58 17.57 17.58 17.50 17.53 17.55 17.57 17.57 17.40 17.40 17.43 17.50 17.43 17.42 17.54 17.56 17.54 17.52 17.53 17.57 17.54 17.53 17.53 17.55 17.55 17.58 17.56 17.52 17.49 17.48 17.50 17.52 17.50 17.49 17.51 17.54 17.49 17.53 17.57 17.58 17.54 17.52 17.52 17.53 17.48 17.54
17.48 17.47 17.44 17.33 17.37 17.41 17.41 17.38 17.32 17.29 17.34 17.35 17.43 17.42 17.48 17.52 17.54 17.50 17.52 17.55 17.51 17.50 17.47 17.49 17.52 17.50 17.48 17.42 17.42 17.49 17.49 17.52 17.55 17.55 17.53 17.49 17.48 17.49 17.53 17.24 17.30 17.37 17.42 17.39 17.38 17.50 17.56 17.54 17.49 17.46 17.52 17.52 17.52 17.55 17.55 17.57 17.54 17.51 17.55 17.59 17.55 17.53 17.53 17.48 17.47 17.48 17.43 17.42 17.42 17.44 17.51 17.59 17.59 17.63 17.66 17.66 17.61
17.50 17.49 17.36 17.42 17.37 17.43 17.40 17.46 17.46 17.35 17.29 17.32 17.41 17.34 17.39 17.45 17.43 17.46 17.49 17.47 17.46 17.45 17.49 17.54 17.55 17.52 17.45 17.43 17.46 17.38 17.40 17.47 17.46 17.50 17.46 17.47 17.46 17.42 17.36 17.34 17.34 17.37 17.36 17.35 17.40 17.39 17.47 17.48 17.51 17.47 17.49 17.50 17.50 17.50 17.49 17.51 17.47 17.49 17.48 17.47 17.56 17.56 17.48 17.41 17.45 17.46 17.35 17.41 17.42 17.42 17.43 17.61 17.65 17.65 17.64 17.66 17.63
17.39 17.37 16.85 17.22 17.40 17.35 17.34 17.29 17.33 17.27 17.20 17.19 17.25 17.30 17.36 17.34 17.38 17.40 17.42 17.45 17.47 17.45 17.45 17.52 17.48 17.48 17.47 17.45 17.42 17.37 17.45 17.47 17.48 17.44 17.43 17.40 17.40 17.41 17.35 17.36 17.35 17.40 17.48 17.40 17.35 17.41 17.36 17.36 17.45 17.41 17.41 17.47 17.47 17.46 17.46 17.46 17.49 17.44 17.49 17.47 17.52 17.58 17.55 17.52 17.44 17.44 17.38 17.38 17.42 17.36 17.47 17.56 17.54 17.52 17.61 17.64 17.56
17.31 17.28 17.25 17.31 17.39 17.29 17.27 17.11 17.06 17.12 17.23 17.29 17.25 17.31 17.30 17.34 17.34 17.36 17.41 17.44 17.36 17.35 17.47 17.47 17.43 17.41 17.38 17.29 17.26 17.33 17.39 17.43 17.47 17.43 17.46 17.40 17.44 17.47 17.46 17.42 17.36 17.43 17.46 17.52 17.35 17.30 17.29 17.29 17.31 17.38 17.39 17.43 17.51 17.49 17.50 17.49 17.44 17.45 17.49 17.50 17.50 17.55 17.53 17.52 17.45 17.41 17.36 17.32 17.38 17.31 17.32 17.50 17.52 17.56 17.51 17.51 17.49
17.22 17.23 17.19 17.31 17.35 17.18 17.16 17.21 17.28 17.23 17.20 17.26 17.31 17.31 17.24 17.27 17.33 17.36 17.36 17.32 17.25 17.29 17.35 17.42 17.43 17.37 17.35 17.32 17.29 17.32 17.41 17.46 17.49 17.52 17.49 17.47 17.48 17.46 17.42 17.38 17.35 17.37 17.41 17.39 17.40 17.39 17.28 17.26 17.27 17.32 17.37 17.43 17.44 17.50 17.53 17.47 17.42 17.43 17.48 17.49 17.48 17.51 17.52 17.51 17.42 17.36 17.30 17.25 17.28 17.29 17.31 17.36 17.43 17.44 17.41 17.41 17.38
17.08 17.09 16.93 17.05 17.10 17.17 17.08 17.16 17.22 17.23 17.22 17.21 17.24 17.21 17.24 17.30 17.30 17.35 17.32 17.33 17.29 17.22 17.21 17.22 17.31 17.31 17.34 17.32 17.32 17.42 17.46 17.47 17.48 17.48 17.45 17.44 17.39 17.39 17.38 17.33 17.23 17.28 17.31 17.38 17.34 17.33 17.32 17.28 17.20 17.24 17.28 17.35 17.42 17.43 17.45 17.38 17.42 17.38 17.40 17.38 17.43 17.46 17.48 17.44 17.40 17.34 17.31 17.29 17.22 17.32 17.29 17.30 17.34 17.34 17.26 17.29 17.31
17.13 17.05 16.98 17.09 17.26 17.36 17.33 17.37 17.36 17.35 17.30 17.28 17.21 17.27 17.30 17.27 17.35 17.27 17.22 17.26 17.17 17.12 17.19 17.28 17.33 17.33 17.29 17.34 17.39 17.41 17.37 17.39 17.42 17.43 17.42 17.40 17.26 17.22 17.24 17.15 17.13 17.14 17.26 17.36 17.32 17.32 17.27 17.26 17.16 17.21 17.24 17.29 17.35 17.34 17.37 17.40 17.34 17.39 17.43 17.42 17.40 17.41 17.40 17.41 17.36 17.30 17.30 17.29 17.30 17.32 17.27 17.28 17.27 17.32 17.33 17.35 17.30
17.28 17.34 17.30 17.31 17.26 17.28 17.35 17.35 17.25 17.26 17.27 17.26 17.26 17.28 17.31 17.33 17.24 17.18 17.21 17.14 17.09 17.14 17.24 17.25 17.22 17.27 17.28 17.31 17.31 17.34 17.25 17.32 17.36 17.36 17.29 17.23 17.21 17.26 17.21 17.17 17.13 17.23 17.26 17.32 17.26 17.19 17.21 17.13 17.16 17.16 17.26 17.38 17.31 17.42 17.37 17.39 17.41 17.40 17.37 17.39 17.42 17.41 17.38 17.42 17.41 17.36 17.32 17.30 17.31 17.27 17.24 17.23 17.30 17.38 17.36 17.35 17.33
17.12 17.18 17.16 17.18 17.19 17.21 17.28 17.30 17.21 17.20 17.26 17.29 17.28 17.25 17.28 17.34 17.28 17.24 17.20 17.15 17.21 17.31 17.31 17.25 17.20 17.26 17.27 17.26 17.20 17.25 17.30 17.31 17.32 17.27 17.16 17.18 17.17 17.24 17.22 17.20 17.09 17.24 17.34 17.32 17.24 17.15 17.10 17.10 17.09 17.20 17.28 17.42 17.40 17.46 17.40 17.40 17.40 17.36 17.41 17.38 17.39 17.42 17.38 17.38 17.38 17.30 17.26 17.26 17.25 17.21 17.22 17.23 17.27 17.32 17.44 17.36 17.36
17.03 17.10 17.13 17.12 17.11 17.23 17.25 17.29 17.26 17.29 17.32 17.32 17.25 17.24 17.08 17.22 17.19 17.22 17.21 17.23 17.31 17.31 17.22 17.17 17.18 17.18 17.20 17.19 17.20 17.25 17.27 17.26 17.22 17.24 17.10 17.15 17.12 17.21 17.23 17.22 17.23 17.27 17.37 17.33 17.27 17.21 17.20 17.17 17.16 17.18 17.30 17.36 17.42 17.45 17.44 17.45 17.42 17.41 17.40 17.37 17.35 17.34 17.34 17.26 17.34 17.29 17.32 17.37 17.30 17.27 17.27 17.34 17.39 17.43 17.35 17.40 17.34
17.03 17.09 17.07 17.10 17.07 17.13 17.20 17.22 17.25 17.28 17.26 17.21 17.25 17.19 17.08 17.05 16.90 16.99 17.04 17.11 17.17 17.18 17.07 17.07 17.16 17.23 17.26 17.21 17.17 17.16 17.17 17.16 17.14 17.09 17.17 17.20 17.17 17.23 17.15 17.22 17.17 17.17 17.20 17.27 17.20 17.25 17.28 17.25 17.21 17.21 17.26 17.29 17.38 17.33 17.35 17.40 17.43 17.39 17.36 17.40 17.35 17.32 17.32 17.30 17.29 17.30 17.29 17.27 17.27 17.22 17.24 17.22 17.29 17.31 17.34 17.39 17.37
16.82 16.79 16.66 16.93 16.98 16.84 17.02 17.08 17.14 17.14 17.20 17.09 17.07 17.08 17.01 16.96 17.02 16.97 16.94 17.04 16.96 17.01 17.04 17.14 17.17 17.29 17.31 17.24 17.20 17.17 17.17 17.27 17.27 17.19 17.25 17.23 17.26 17.29 17.21 17.31 17.28 17.28 17.22 17.24 17.27 17.30 17.28 17.29 17.30 17.30 17.31 17.22 17.25 17.27 17.28 17.30 17.32 17.32 17.22 17.24 17.27 17.29 17.30 17.30 17.22 17.25 17.22 17.23 17.21 17.17 17.17 17.22 17.26 17.25 17.23 17.30 17.30
16.76 16.85 16.87 17.01 16.94 16.98 17.01 16.96 17.03 16.92 16.97 16.95 16.85 16.89 16.79 16.84 17.06 16.99 16.92 16.99 17.00 16.92 16.98 17.15 17.17 17.23 17.11 17.08 17.15 17.15 17.05 17.09 17.16 17.13 17.21 17.30 17.32 17.26 17.28 17.19 17.22 17.20 17.22 17.17 17.22 17.29 17.28 17.29 17.23 17.25 17.23 17.28 17.28 17.25 17.25 17.25 17.19 17.26 17.16 17.24 17.25 17.24 17.23 17.22 17.24 17.24 17.25 17.21 17.24 17.15 17.08 17.14 17.20 17.16 17.19 17.19 17.31
16.94 16.90 16.91 17.06 17.04 16.97 17.01 16.85 16.90 16.98 17.00 17.02 17.01 16.86 16.65 16.75 16.70 16.72 17.00 16.99 17.09 17.04 17.09 17.25 17.27 17.28 17.21 17.11 17.16 17.14 17.15 17.23 17.21 17.26 17.27 17.27 17.26 17.26 17.20 17.22 17.27 17.37 17.19 17.12 17.15 17.18 17.24 17.22 17.18 17.18 17.20 17.23 17.23 17.19 17.20 17.19 17.16 17.17 17.19 17.20 17.19 17.21 17.21 17.20 17.14 17.22 17.28 17.22 17.21 17.10 17.06 17.05 17.10 17.17 17.13 17.16 17.18
17.11 16.96 16.97 17.00 16.99 16.98 16.98 16.98 17.03 16.98 16.98 17.09 17.11 16.89 16.83 16.87 16.99 17.08 17.13 17.11 17.12 17.14 17.09 17.16 17.17 17.10 17.02 17.07 17.15 17.19 17.22 17.19 17.18 17.22 17.25 17.28 17.27 17.23 17.05 17.32 17.28 17.26 17.16 17.17 17.16 17.18 17.21 17.20 17.21 17.19 17.20 17.19 17.19 17.21 17.18 17.08 17.14 17.13 17.11 17.15 17.17 17.17 17.22 17.10 17.17 17.26 17.25 17.17 17.11 17.09 17.05 17.08 17.23 17.23 17.22 17.17 17.18
17.03 16.95 16.92 16.98 16.94 17.00 16.99 17.04 17.03 16.95 16.87 16.94 16.97 16.79 16.71 16.77 16.95 16.88 17.01 16.97 16.92 17.08 17.10 17.16 17.16 17.10 17.11 17.07 17.12 17.14 17.17 17.21 17.20 17.21 17.20 17.22 17.20 17.20 17.15 17.18 17.22 17.17 17.12 17.15 17.18 17.20 17.19 17.21 17.18 17.19 17.22 17.23 17.14 17.12 17.09 17.10 17.09 17.12 17.14 17.16 17.13 17.16 17.14 17.17 17.13 17.19 17.21 17.15 17.07 17.05 17.10 17.16 17.24 17.28 17.23 17.22 17.19
17.01 16.98 16.81 16.87 16.99 16.93 16.92 16.97 16.99 16.94 16.87 16.83 16.76 16.84 16.74 16.75 16.83 16.79 16.86 16.79 16.82 16.98 16.93 16.99 17.07 17.04 17.08 17.13 17.13 17.10 17.13 17.12 17.06 17.09 17.02 17.06 17.10 17.13 17.06 17.11 17.11 17.14 17.14 17.12 17.16 17.16 17.13 17.17 17.13 17.16 17.19 17.19 17.12 17.14 17.14 17.06 17.07 17.08 17.08 17.14 17.12 17.15 17.18 17.14 17.12 17.18 17.17 17.14 17.12 17.08 17.12 17.16 17.23 17.25 17.21 17.18 17.17
16.99 16.90 16.88 16.87 16.92 16.93 17.02 16.96 16.94 16.97 16.88 16.92 17.04 16.94 16.88 16.80 16.82 16.76 16.86 16.91 16.88 16.92 16.82 16.86 16.91 16.95 16.93 17.01 16.99 17.02 17.09 17.05 17.01 17.08 17.14 17.12 17.14 17.12 17.06 17.08 17.12 17.09 17.06 17.03 17.06 17.08 17.09 17.09 17.10 17.12 17.14 17.13 17.11 17.05 16.99 16.98 17.07 17.06 17.07 17.10 17.09 17.05 17.10 17.13 17.15 17.18 17.16 17.13 17.07 17.05 17.12 17.16 17.12 17.16 17.17 17.15 17.13
16.93 16.89 16.97 16.96 17.01 17.02 17.01 16.93 16.93 16.99 17.05 17.05 17.04 17.00 16.89 16.82 16.88 16.80 16.84 16.98 16.94 16.92 16.92 16.93 16.94 16.90 16.90 16.94 17.00 16.95 16.95 17.02 16.97 16.99 17.12 17.10 17.11 17.09 17.10 17.03 17.09 17.08 17.02 17.07 17.04 17.10 17.06 17.09 17.08 17.08 17.07 17.10 17.10 16.68 16.59 16.93 16.90 16.93 17.10 17.08 17.10 17.12 17.09 17.13 17.12 17.14 17.13 17.08 17.00 17.04 17.05 17.09 17.09 17.07 17.12 17.16 17.17
16.74 16.81 16.95 17.02 17.11 17.08 17.03 16.98 16.96 17.09 17.11 17.07 17.01 17.01 16.93 16.89 16.85 16.84 16.96 17.03 17.00 16.94 16.90 16.98 17.05 16.95 16.96 16.97 16.89 16.96 16.96 17.00 16.93 17.08 17.14 17.09 17.05 17.09 17.01 17.02 17.02 17.05 17.04 17.02 17.07 17.08 17.04 17.04 16.99 17.02 16.97 16.89 16.96 16.81 17.03 16.95 16.68 16.64 17.10 17.07 17.10 17.08 17.10 17.09 17.09 17.06 17.09 17.04 17.05 17.03 17.05 17.06 17.07 17.01 17.07 17.09 17.09
16.75 16.76 16.87 17.03 17.04 17.06 17.06 17.06 17.01 17.04 16.98 16.98 17.02 16.99 16.95 16.91 16.80 16.85 17.01 17.07 17.02 17.05 17.01 17.06 17.00 16.92 16.97 17.05 17.05 17.02 16.96 16.91 16.96 17.06 17.09 17.11 17.09 17.03 17.00 16.94 16.95 16.98 16.98 17.02 17.03 17.00 16.96 16.93 16.90 16.94 16.95 16.91 16.96 16.77 16.88 16.40 16.41 16.91 16.97 17.05 17.07 17.05 17.07 17.05 17.09 17.08 17.08 17.05 17.03 17.03 17.07 17.08 17.02 17.00 17.04 17.06 17.08
16.93 16.83 16.83 16.99 17.04 17.02 17.01 17.05 17.02 16.94 16.88 16.94 16.96 16.97 16.90 16.92 16.92 16.91 17.00 16.98 17.02 17.05 16.95 16.98 16.87 16.86 16.89 16.97 16.97 16.97 17.01 16.98 17.02 17.04 17.06 17.02 17.07 17.02 16.98 16.95 16.92 16.85 16.94 16.95 16.96 16.94 16.91 16.92 16.97 16.93 16.87 16.87 16.91 16.87 16.16 15.78 16.38 16.88 16.57 17.00 17.05 17.13 17.06 17.06 17.09 17.04 17.08 17.10 16.98 17.01 17.04 17.07 17.05 16.98 17.06 17.05 17.07
16.95 17.04 16.98 16.99 17.02 17.03 16.93 16.91 17.02 16.94 16.92 16.97 16.99 16.97 16.96 16.96 16.91 16.80 16.92 16.96 16.93 16.93 16.86 16.90 16.93 16.87 16.93 16.91 16.98 16.99 16.89 16.96 17.07 17.06 17.03 17.01 17.03 16.94 16.86 16.94 16.99 16.91 16.94 16.88 16.95 16.95 16.92 16.95 17.01 16.89 16.77 16.36 16.44 16.59 16.27 16.89 16.86 16.31 16.15 16.73 17.02 17.04 17.07 17.08 17.06 16.98 16.95 16.98 17.03 17.04 17.06 17.07 17.07 17.02 17.04 17.03 17.07
17.04 17.04 17.05 17.05 16.99 17.06 17.03 16.94 16.98 17.00 17.01 16.99 16.90 16.88 16.88 16.88 16.84 16.79 16.73 16.85 16.93 16.90 16.81 16.85 16.80 16.86 16.89 16.95 16.97 16.96 16.83 16.95 17.07 17.05 16.95 16.91 16.97 16.88 16.79 16.82 16.86 16.84 16.88 16.87 16.83 16.84 16.89 16.96 16.90 16.82 16.66 16.80 16.78 16.85 16.61 16.63 16.22 15.99 16.44 16.33 16.94 16.99 17.00 16.99 16.98 16.93 16.91 16.94 16.91 16.95 16.96 16.92 17.00 17.05 17.01 16.98 17.02
17.03 17.03 16.97 17.00 17.01 17.03 17.05 17.04 17.06 16.93 16.92 16.98 16.87 16.83 16.86 16.90 16.86 16.90 16.75 16.76 16.84 16.86 16.90 16.86 16.79 16.85 16.89 16.94 16.88 16.76 16.80 16.84 16.98 16.92 16.85 16.86 16.87 16.83 16.74 16.82 16.73 16.79 16.87 16.92 16.80 16.74 16.88 16.93 16.73 16.67 16.45 16.74 16.58 16.75 16.72 15.50 15.40 16.24 16.16 15.89 16.68 16.89 16.97 17.06 17.03 17.07 16.98 16.91 16.92 16.92 16.94 16.92 16.91 16.95 16.99 16.96 17.05
17.08 17.04 16.95 16.94 16.93 16.99 17.02 17.07 17.00 17.03 16.97 16.99 16.91 16.93 16.94 16.93 16.94 16.90 16.79 16.75 16.81 16.77 16.86 16.85 16.88 16.83 16.90 16.82 16.88 16.89 16.92 16.88 16.87 16.78 16.76 16.86 16.87 16.74 16.81 16.82 16.72 16.81 16.85 16.77 16.84 16.80 16.89 16.95 16.82 16.67 16.58 16.15 16.55 16.81 16.37 15.83 16.02 16.30 15.08 15.52 16.39 16.68 16.87 17.04 16.86 17.07 16.95 17.01 16.94 16.95 16.91 16.92 16.89 16.89 17.03 17.05 16.99
17.01 16.97 16.93 16.94 16.93 16.90 16.96 17.05 17.03 17.01 16.97 17.00 16.97 16.96 16.96 16.97 16.98 16.95 16.85 16.85 16.76 16.87 16.86 16.88 16.91 16.91 16.83 16.81 16.74 16.89 16.92 16.87 16.84 16.80 16.81 16.85 16.84 16.86 16.86 16.80 16.78 16.87 16.92 16.63 16.59 16.79 16.91 16.94 16.91 16.79 16.70 16.35 16.57 16.64 16.56 16.63 16.34 15.94 15.15 15.88 16.38 16.84 16.79 16.98 16.75 16.77 17.04 16.98 16.87 16.86 16.88 16.90 16.83 16.95 16.94 16.94 16.94
