files/bom_datasets/05.18.18.txt
ncols 839
nrows 679
xllcenter 112.0500
yllcenter -43.9500
cellsize 0.0500
nodata_value 99999.90
[rows 204 to 237 of 679, columns 462 to 538 of 839]
18.29 18.27 18.30 18.32 18.32 18.36 18.41 18.40 18.36 18.36 18.40 18.45 18.47 18.47 18.43 18.40 18.37 18.38 18.34 18.35 18.34 18.36 18.39 18.38 18.34 18.34 18.35 18.35 18.36 18.37 18.37 18.40 18.38 18.37 18.38 18.36 18.39 18.36 18.15 18.20 18.34 18.20 18.06 17.95 18.06 18.18 18.22 18.26 18.28 18.31 18.40 18.43 18.48 18.54 18.50 18.43 18.19 18.35 18.33 18.06 17.72 17.78 17.80 18.36 18.39 18.41 18.38 18.34 18.33 18.35 18.36 18.33 18.36 18.40 18.43 18.40 18.43
18.27 18.20 18.22 18.33 18.34 18.30 18.23 18.21 18.36 18.34 18.46 18.46 18.45 18.41 18.34 18.37 18.30 18.35 18.32 18.28 18.35 18.37 18.35 18.37 18.40 18.35 18.32 18.34 18.34 18.36 18.38 18.36 18.32 18.37 18.33 18.35 18.36 18.43 18.32 18.07 18.07 18.25 18.05 18.10 17.95 18.13 18.26 18.32 18.34 18.32 18.31 18.33 18.43 18.51 18.50 18.47 18.34 18.32 18.27 18.25 18.21 18.04 17.91 18.26 18.43 18.41 18.39 18.40 18.37 18.38 18.40 18.32 18.35 18.35 18.36 18.37 18.37
18.22 18.32 18.27 18.26 18.29 17.83 18.04 18.27 18.26 18.27 18.34 18.37 18.39 18.37 18.30 18.30 18.31 18.37 18.37 18.32 18.32 18.34 18.36 18.38 18.39 18.38 18.32 18.33 18.38 18.34 18.33 18.35 18.30 18.33 18.31 18.29 18.33 18.37 18.39 17.95 17.84 17.79 17.82 17.99 18.18 18.28 18.21 18.25 18.33 18.35 18.28 18.27 18.40 18.45 18.47 18.40 18.35 18.36 18.36 18.32 18.22 18.22 18.28 18.36 18.36 18.41 18.39 18.35 18.35 18.33 18.34 18.33 18.35 18.32 18.30 18.27 18.31
18.29 18.28 18.19 18.19 18.14 18.06 18.23 18.13 18.15 18.28 18.28 18.30 18.31 18.33 18.32 18.28 18.36 18.30 18.32 18.36 18.32 18.31 18.32 18.31 18.32 18.37 18.39 18.36 18.40 18.43 18.37 18.35 18.32 18.31 18.33 18.30 18.31 18.37 18.33 18.17 17.92 17.84 17.95 18.15 18.17 18.22 18.29 18.29 18.30 18.33 18.31 18.21 18.18 18.33 18.37 18.36 18.37 18.39 18.36 18.09 18.17 18.07 18.24 18.29 18.39 18.36 18.38 18.40 18.39 18.37 18.33 18.33 18.31 18.34 18.31 18.25 18.29
18.31 18.33 18.18 18.21 18.24 18.24 18.16 18.16 18.22 18.25 18.26 18.28 18.28 18.32 18.36 18.32 18.33 18.20 18.26 18.29 18.29 18.29 18.30 18.27 18.29 18.34 18.34 18.36 18.41 18.45 18.37 18.31 18.34 18.36 18.34 18.31 18.33 18.30 18.30 18.29 18.21 17.99 18.03 18.13 18.02 18.19 18.29 18.21 18.21 18.20 18.28 18.39 18.35 18.38 18.38 18.37 18.34 18.37 18.37 18.13 18.06 18.01 18.18 18.24 18.35 18.31 18.39 18.40 18.36 18.31 18.30 18.28 18.30 18.31 18.33 18.07 18.04
18.28 18.25 18.25 18.24 18.25 18.24 18.16 18.09 18.24 18.24 18.28 18.31 18.30 18.28 18.30 18.34 18.35 18.25 18.21 18.19 18.29 18.32 18.30 18.34 18.34 18.31 18.35 18.35 18.36 18.39 18.36 18.37 18.40 18.38 18.34 18.33 18.33 18.30 18.28 18.30 18.30 18.28 18.23 18.19 18.08 18.38 18.37 18.26 18.22 18.24 18.27 18.34 18.34 18.31 18.33 18.26 18.25 18.35 18.35 18.29 18.21 18.19 18.20 18.29 18.33 18.30 18.30 18.34 18.31 18.29 18.29 18.29 18.31 18.30 18.31 18.28 18.26
18.24 18.16 18.19 18.27 18.25 18.22 18.20 18.21 18.27 18.24 18.27 18.29 18.28 18.25 18.29 18.25 18.24 18.23 18.18 18.23 18.25 18.29 18.30 18.35 18.35 18.27 18.29 18.31 18.35 18.37 18.38 18.39 18.39 18.35 18.33 18.32 18.31 18.30 18.28 18.29 18.29 18.31 18.32 18.29 18.24 18.29 18.30 18.23 18.22 18.21 18.29 18.31 18.35 18.21 18.15 18.12 18.19 18.29 18.33 18.22 18.17 18.16 18.25 18.24 18.30 18.31 18.28 18.30 18.28 18.25 18.26 18.28 18.29 18.26 18.25 18.26 18.21
18.17 18.14 18.16 18.18 18.16 18.10 18.20 18.18 18.21 18.11 18.17 18.26 18.29 18.25 18.25 18.26 18.25 18.20 18.22 18.22 18.21 18.24 18.28 18.29 18.30 18.26 18.24 18.24 18.32 18.34 18.32 18.34 18.31 18.29 18.29 18.29 18.28 18.28 18.28 18.29 18.26 18.28 18.25 18.23 18.23 18.23 18.23 18.23 18.28 18.18 18.09 18.32 18.26 18.15 18.09 18.16 18.23 18.25 18.22 18.10 17.89 18.05 18.30 18.25 18.27 18.28 18.29 18.26 18.31 18.31 18.31 18.33 18.26 18.28 18.29 18.24 18.22
18.10 18.08 18.09 18.13 18.09 18.07 18.16 18.17 18.21 18.19 18.19 18.21 18.19 18.23 18.20 18.22 18.21 18.20 18.22 18.21 18.25 18.23 18.25 18.24 18.23 18.22 18.22 18.23 18.28 18.36 18.30 18.21 18.22 18.29 18.28 18.26 18.23 18.26 18.26 18.23 18.23 18.20 18.20 18.23 18.26 18.26 18.25 18.15 18.14 18.20 18.23 18.28 18.25 18.20 18.18 18.18 18.17 18.21 18.15 18.11 17.96 17.89 18.29 18.29 18.32 18.31 18.34 18.31 18.21 18.27 18.28 18.25 18.24 18.17 17.99 18.06 18.26
18.02 18.00 17.90 17.89 18.04 18.14 18.14 18.17 18.18 18.18 18.19 18.20 18.18 18.14 18.11 18.18 18.18 18.19 18.17 18.18 18.18 18.28 18.26 18.23 18.20 18.21 18.19 18.21 18.20 18.25 18.24 18.20 18.19 18.26 18.26 18.21 18.18 18.22 18.21 18.20 18.21 18.19 18.22 18.21 18.22 18.22 18.20 18.18 18.13 18.26 18.27 18.30 18.23 18.23 18.21 18.20 18.25 18.25 18.25 18.29 18.22 18.08 18.22 18.20 18.24 18.28 18.30 18.25 18.26 18.13 18.03 18.27 18.25 18.32 18.31 18.25 18.29
18.05 18.02 18.06 18.03 18.03 18.12 18.11 18.17 18.13 18.15 18.13 18.15 18.16 18.12 18.14 18.16 18.15 18.11 18.08 18.00 17.97 18.10 18.18 18.19 18.05 18.15 18.17 18.17 18.14 18.00 18.06 18.21 18.19 18.18 18.21 18.20 18.19 18.19 18.20 18.21 18.21 18.22 18.22 18.26 18.23 18.24 18.24 18.20 18.16 18.11 18.13 18.23 18.19 18.18 18.16 18.20 18.21 18.15 18.13 18.23 18.24 18.21 18.23 18.23 18.28 18.25 18.22 18.23 18.28 18.26 18.06 18.15 18.29 18.30 18.31 18.27 18.32
18.05 18.05 18.07 18.01 18.10 18.12 18.13 18.15 18.16 18.15 18.13 18.12 18.16 18.11 18.09 18.12 18.11 18.08 18.00 17.69 17.70 18.18 18.21 18.21 18.13 18.12 18.16 18.21 18.14 18.19 18.17 18.19 18.19 18.17 18.15 18.17 18.15 18.17 18.14 18.13 18.17 18.20 18.16 18.20 18.19 18.22 18.20 18.16 18.10 18.12 18.10 18.11 18.22 18.22 18.18 18.17 18.18 18.13 18.15 18.20 18.21 18.22 18.17 18.23 18.28 18.27 18.24 18.25 18.24 18.29 18.15 18.23 18.24 18.27 18.30 18.33 18.27
17.54 17.64 18.03 18.09 18.10 18.12 18.12 18.12 18.14 18.08 18.10 18.10 18.11 18.03 17.88 17.98 17.88 17.97 17.99 18.04 18.15 18.18 18.18 18.14 18.09 18.18 18.18 18.18 18.20 18.01 18.12 18.13 18.18 18.17 18.12 18.08 18.05 18.04 17.70 18.00 18.17 18.20 18.03 18.13 18.06 18.20 18.19 18.09 18.07 18.02 18.13 18.11 18.13 18.23 18.23 18.11 18.12 18.08 18.18 18.12 18.13 18.19 18.20 18.24 18.27 18.25 18.25 18.24 18.27 18.26 18.24 18.27 18.25 18.21 18.29 18.29 18.26
17.46 17.92 18.08 18.10 18.07 18.13 18.12 18.04 18.08 18.05 18.07 18.06 17.97 17.88 17.87 17.96 17.57 17.31 17.52 17.78 18.10 18.14 18.09 17.99 18.13 18.17 18.16 18.16 18.17 18.14 18.16 18.09 17.94 18.07 17.87 17.96 17.93 17.59 17.77 18.08 18.16 18.15 18.13 18.04 18.17 18.18 18.17 18.17 18.15 18.15 18.11 18.15 18.11 18.20 18.23 18.11 18.01 18.04 18.13 18.10 18.19 18.18 18.15 18.24 18.24 18.22 18.18 18.07 18.12 18.14 18.20 18.23 18.18 18.17 18.25 18.25 18.19
18.04 18.04 18.07 18.02 17.99 18.03 18.02 18.06 17.91 17.59 18.01 17.84 18.04 18.08 17.82 17.58 17.54 17.43 17.42 17.90 18.08 18.08 17.96 18.11 18.11 18.07 18.05 18.00 17.99 18.05 18.01 17.79 18.04 18.10 17.93 17.81 17.61 17.80 18.08 18.09 18.08 18.09 18.13 18.13 18.12 18.13 18.13 18.10 18.10 18.12 18.10 18.09 18.10 18.04 18.08 17.77 17.66 17.77 18.05 18.18 18.17 18.13 18.15 18.16 18.20 18.18 18.12 17.91 18.10 18.17 18.18 18.21 18.21 18.22 18.23 18.22 18.15
18.06 18.04 18.06 18.02 17.98 17.96 17.98 17.94 17.93 18.01 18.01 17.96 18.04 17.97 18.04 17.93 18.00 18.01 18.09 18.09 18.07 18.01 17.92 18.09 18.07 17.93 17.56 17.50 17.94 17.95 18.01 18.02 17.83 17.87 17.80 17.65 17.62 17.74 18.07 18.04 17.94 18.02 18.10 18.09 18.08 18.01 18.01 18.04 18.07 18.06 18.03 18.02 18.00 17.84 17.81 17.50 17.55 17.81 18.08 18.17 18.18 18.19 18.12 18.11 18.09 18.12 18.07 18.10 18.08 18.13 18.18 18.20 18.18 18.21 18.17 18.16 18.14
18.00 18.00 17.98 17.97 17.71 17.34 17.79 17.94 17.84 18.00 17.91 17.88 17.96 17.95 17.93 17.94 17.98 17.97 17.92 18.00 17.98 17.94 18.05 18.04 17.95 18.04 17.71 17.77 18.08 17.94 18.01 18.02 17.95 17.92 17.92 17.92 17.87 18.04 18.02 17.93 17.83 18.11 18.15 18.10 17.97 17.73 17.82 18.03 18.08 18.00 17.89 18.07 18.03 17.65 17.62 17.60 17.91 18.08 18.15 18.17 18.08 18.15 18.15 18.04 18.05 18.07 18.08 18.13 18.12 18.16 18.17 18.17 18.18 18.18 18.14 18.15 18.07
17.90 17.90 17.90 17.71 16.86 16.98 17.80 17.85 18.00 18.05 17.96 17.89 17.90 17.88 17.91 17.92 17.90 17.85 17.82 17.87 17.87 17.90 17.84 17.79 17.91 18.00 17.77 18.10 18.11 18.00 18.04 18.05 17.96 17.98 17.96 17.90 17.92 17.94 17.97 18.03 17.89 18.07 18.13 18.03 17.86 17.62 18.14 18.01 17.98 18.09 18.14 17.93 17.93 17.56 17.28 17.71 17.94 18.16 18.17 17.95 18.07 18.09 18.14 18.04 17.95 17.95 18.09 18.13 18.10 18.04 18.05 18.08 17.98 18.08 18.10 18.04 18.08
17.43 17.52 17.74 17.47 17.45 17.78 17.98 17.99 17.96 17.70 17.67 17.43 17.60 17.80 17.78 17.68 17.68 17.64 17.76 17.75 17.81 17.77 16.79 17.32 17.83 17.90 17.67 17.92 18.06 17.98 17.91 17.90 17.94 17.93 17.83 17.80 17.86 17.90 17.92 17.93 17.96 18.03 18.04 18.04 17.99 17.84 18.11 18.14 18.12 18.18 18.15 18.04 18.02 17.91 17.74 17.80 17.99 18.07 18.06 18.01 18.17 18.09 18.11 18.03 17.57 17.85 18.09 18.10 18.03 17.92 17.93 18.05 17.53 17.98 17.85 18.03 18.11
16.83 16.48 17.30 17.82 17.80 17.64 17.40 17.49 17.68 17.72 17.41 17.25 17.32 17.17 17.29 17.24 17.19 17.27 17.30 17.44 17.43 17.41 16.98 17.64 17.66 17.82 17.83 17.61 17.86 17.78 17.59 17.67 17.75 17.57 17.53 17.67 17.82 17.75 17.85 17.81 17.64 17.31 17.72 17.90 17.94 18.06 18.08 18.12 18.14 18.10 18.13 18.10 18.06 18.02 18.01 18.06 18.08 18.11 18.08 18.10 18.15 18.11 18.09 17.96 17.58 17.88 18.07 18.01 18.09 18.09 18.05 18.06 18.02 18.05 17.97 18.13 18.11
17.61 17.40 17.89 17.76 17.92 17.91 17.11 16.70 17.27 17.72 17.68 17.76 17.59 17.61 17.54 17.70 17.67 17.58 17.68 17.41 17.44 17.38 17.67 17.69 17.23 17.13 17.43 17.61 17.76 17.78 17.57 17.55 17.74 17.65 17.32 17.34 17.11 17.18 17.47 17.45 17.09 17.09 17.50 17.67 17.87 17.96 17.95 17.95 17.96 17.90 17.81 17.82 17.73 17.81 17.98 17.97 18.04 18.05 18.02 17.96 17.94 17.89 17.94 17.98 17.79 17.84 18.04 18.03 18.05 18.00 18.05 18.04 18.02 18.03 18.03 18.07 18.08
17.84 17.88 17.98 17.95 17.93 17.90 17.75 17.60 17.59 17.78 17.84 17.95 17.86 17.86 17.68 17.77 17.73 17.57 17.65 17.66 17.74 17.95 17.97 17.90 17.45 16.94 16.99 17.45 17.85 17.85 17.75 17.62 17.76 17.91 17.71 17.76 17.59 17.87 17.70 17.23 17.26 17.57 17.67 17.34 17.46 17.69 17.95 17.81 17.49 17.43 17.58 17.77 17.85 17.66 17.66 17.71 17.54 17.65 17.74 17.72 17.62 17.34 17.61 17.79 17.84 17.86 17.95 17.90 18.02 18.01 18.01 17.97 17.98 17.95 17.98 18.00 18.03
17.75 17.73 17.81 17.90 17.85 17.88 17.89 17.90 17.91 17.86 17.73 17.87 17.78 17.48 17.28 17.31 17.66 17.77 17.82 17.81 17.81 17.92 17.93 17.88 17.87 17.76 17.65 17.98 17.98 17.91 17.81 17.81 17.88 17.88 17.76 17.74 17.69 17.33 17.83 17.59 17.70 17.66 17.77 17.46 17.61 17.56 17.84 17.95 17.96 17.81 17.87 17.99 17.89 17.89 17.85 17.79 17.58 17.83 17.67 17.53 17.52 17.48 17.58 17.58 17.55 17.80 17.97 17.88 17.88 17.78 17.75 17.55 17.63 17.67 17.92 17.90 17.85
17.69 17.59 17.55 17.72 17.52 17.80 17.83 17.87 17.86 17.86 17.77 17.83 17.79 17.71 17.69 17.52 17.45 17.88 17.76 17.56 17.82 17.89 17.83 17.83 17.84 17.92 17.94 17.94 17.95 17.88 17.85 17.51 17.64 17.44 17.27 17.14 17.43 17.40 17.70 17.62 17.62 17.80 17.84 17.75 17.80 17.79 17.93 17.97 18.01 17.95 17.90 17.95 17.84 17.82 17.71 17.75 17.67 17.78 17.40 17.42 17.82 17.79 17.83 17.68 17.93 17.98 17.89 17.76 17.71 17.52 17.72 17.54 17.71 17.59 17.70 17.75 17.50
17.27 17.42 17.64 17.34 17.58 17.77 17.90 17.82 17.79 17.81 17.75 17.74 17.66 17.68 17.71 17.80 17.87 17.80 17.72 17.49 17.67 17.57 17.42 17.84 17.86 17.85 17.86 17.89 17.88 17.85 17.73 17.34 17.12 17.23 17.63 17.57 17.70 17.33 17.46 17.39 17.29 17.81 17.87 17.90 17.91 17.93 17.97 17.98 17.96 17.93 17.66 17.66 17.51 17.34 17.29 17.25 17.35 17.64 17.62 17.33 17.29 17.75 17.89 17.70 17.58 17.89 17.84 17.79 17.84 17.79 17.86 17.69 17.54 17.71 17.78 17.80 17.52
17.61 17.24 17.76 17.75 17.80 17.77 17.79 17.75 17.72 17.77 17.77 17.51 17.11 17.41 17.67 17.73 17.65 17.48 17.30 17.32 17.19 17.01 17.41 17.68 17.86 17.80 17.82 17.78 17.79 17.79 17.63 17.31 17.15 17.25 17.59 17.76 17.66 17.18 17.36 17.54 17.34 17.81 17.85 17.88 17.74 17.79 17.86 17.87 17.90 17.80 17.27 16.86 16.72 17.19 17.78 17.44 17.42 17.59 17.49 17.56 17.10 17.89 17.92 17.71 17.66 17.78 17.76 17.84 17.91 17.79 17.59 17.32 17.29 17.57 17.36 16.98 17.18
17.77 17.39 17.74 17.81 17.78 17.81 17.77 17.69 17.67 17.70 17.71 17.41 17.15 17.20 17.36 17.62 17.67 17.59 17.46 17.53 17.40 17.31 17.47 17.63 17.77 17.76 17.69 17.72 17.56 17.52 17.37 17.21 16.71 17.48 17.62 17.65 17.26 16.67 16.75 16.86 16.92 17.54 17.83 17.82 17.80 17.75 17.70 17.65 17.73 17.62 17.39 16.95 16.97 17.79 17.78 17.27 17.14 17.05 17.11 17.32 17.40 17.84 17.88 17.84 17.83 17.75 17.71 17.81 17.86 17.70 17.30 17.29 17.36 17.54 17.28 16.83 16.94
17.61 17.08 17.47 17.72 17.52 17.60 17.59 17.47 17.40 17.33 17.37 16.92 17.08 17.40 17.64 17.78 17.83 17.56 17.19 16.97 17.05 17.20 17.58 17.71 17.74 17.65 17.30 17.13 17.20 17.06 16.97 17.15 17.21 17.40 17.57 17.56 16.81 16.70 17.11 17.16 17.42 17.66 17.80 17.85 17.74 17.65 17.56 17.54 17.58 17.19 17.33 17.58 17.79 17.87 17.83 17.08 16.50 17.18 17.85 17.43 17.61 17.79 17.80 17.78 17.70 17.65 17.57 17.61 17.63 17.27 17.54 17.71 17.53 17.89 17.43 17.33 17.39
17.55 17.23 17.37 17.60 17.68 17.47 17.30 17.27 17.16 17.15 17.04 17.47 17.70 17.82 17.75 17.70 17.77 17.68 17.11 17.23 17.56 17.55 17.65 17.59 17.68 17.34 17.14 17.17 17.28 17.20 17.39 17.55 17.23 17.39 17.59 17.55 17.63 17.45 17.67 17.70 17.82 17.73 17.82 17.77 17.53 17.03 17.05 17.13 17.35 17.63 17.65 17.75 17.84 17.84 17.81 17.51 17.63 17.75 17.57 17.62 17.74 17.79 17.74 17.71 17.49 17.28 17.17 17.29 17.49 17.34 17.61 17.90 17.88 17.93 17.87 17.87 17.82
17.00 17.29 17.21 17.47 17.54 17.60 17.50 17.22 17.41 17.60 17.76 17.61 17.69 17.74 17.73 17.57 17.50 17.64 17.48 17.63 17.55 17.59 17.58 17.39 17.41 17.35 17.25 17.21 17.41 17.47 17.69 17.24 17.47 17.58 17.52 17.55 17.66 17.54 17.53 17.64 17.71 17.73 17.65 17.73 17.50 17.73 17.69 17.77 17.58 17.76 17.79 17.63 17.65 17.77 17.74 17.62 17.73 17.80 17.73 17.81 17.83 17.77 17.70 17.64 17.25 17.13 17.58 17.50 17.73 17.68 17.79 17.83 17.83 17.94 17.93 17.94 17.95
17.10 17.36 17.32 17.33 17.54 17.69 17.64 17.73 17.68 17.71 17.79 17.76 17.72 17.75 17.72 17.30 17.20 17.40 17.58 17.63 17.61 17.59 17.62 17.61 17.51 17.50 17.60 17.34 17.38 17.63 17.57 17.57 17.46 17.49 17.46 17.32 17.47 17.37 17.19 17.50 17.58 17.48 17.41 17.60 17.51 17.62 17.60 17.68 17.72 17.71 17.66 17.73 17.69 17.73 17.68 17.67 17.66 17.67 17.69 17.72 17.70 17.66 17.64 17.41 17.54 17.73 17.76 17.77 17.78 17.83 17.81 17.78 17.79 17.80 17.87 17.91 17.84
17.18 17.19 17.13 17.26 17.48 17.70 17.71 17.73 17.69 17.71 17.66 17.71 17.46 17.51 17.59 17.48 17.57 17.51 17.43 17.40 17.45 17.47 17.58 17.57 17.36 17.68 17.63 17.58 17.49 17.61 17.58 17.63 17.60 17.49 17.33 17.03 17.13 17.22 17.22 17.30 17.40 17.49 17.51 17.62 17.66 17.68 17.47 17.65 17.68 17.72 17.66 17.64 17.66 17.42 17.42 17.50 17.53 17.49 17.52 17.65 17.55 17.50 17.58 17.49 17.83 17.88 17.77 17.75 17.84 17.78 17.75 17.81 17.75 17.63 17.70 17.67 17.71
17.29 17.19 17.25 17.32 17.54 17.63 17.61 17.61 17.62 17.67 17.63 17.68 17.54 17.57 17.60 17.58 17.54 17.39 17.28 17.18 17.14 17.06 17.04 17.25 17.52 17.66 17.63 17.55 17.56 17.61 17.55 17.51 17.54 17.29 17.00 16.94 17.11 17.22 17.16 17.12 17.02 17.09 17.25 17.50 17.51 17.52 17.48 17.49 17.57 17.65 17.67 17.63 17.46 17.10 17.14 17.15 17.26 17.27 17.43 17.31 17.30 17.40 17.61 17.56 17.76 17.86 17.83 17.78 17.75 17.70 17.57 17.69 17.51 17.34 17.56 17.60 17.64
17.17 17.03 16.96 17.06 17.48 17.50 17.57 17.58 17.61 17.63 17.53 17.62 17.62 17.46 17.45 17.38 17.28 17.14 17.13 17.21 17.32 16.94 16.62 17.09 17.54 17.52 17.58 17.55 17.56 17.51 17.44 17.31 17.35 17.38 17.49 17.43 17.39 17.26 17.44 17.61 17.43 17.25 17.17 17.53 17.59 17.56 17.48 17.44 17.53 17.51 17.43 17.59 17.47 17.48 17.59 17.54 17.55 17.71 17.70 17.56 17.43 17.44 17.60 17.72 17.76 17.79 17.83 17.79 17.70 17.52 17.72 17.72 17.48 17.21 17.56 17.73 17.70
