files/bom_datasets/05.22.18.txt
ncols 839
nrows 679
xllcenter 112.0500
yllcenter -43.9500
cellsize 0.0500
nodata_value 99999.90
[rows 272 to 305 of 679, columns 693 to 769 of 839]
16.68 16.68 16.68 16.66 16.64 16.57 16.60 16.61 16.67 16.67 16.63 16.62 16.63 16.62 16.63 16.64 16.62 16.60 16.61 16.62 16.61 16.56 16.39 16.53 16.59 16.63 16.64 16.62 16.62 16.52 16.54 16.58 16.60 16.58 16.62 16.60 16.64 16.63 16.63 16.62 16.61 16.60 16.62 16.57 16.59 16.59 16.61 16.61 16.63 16.63 16.60 16.58 16.62 16.59 16.62 16.65 16.65 16.62 16.61 16.62 16.64 16.62 16.64 16.63 16.64 16.63 16.65 16.65 16.65 16.63 16.63 16.63 16.64 16.63 16.64 16.61 16.61
16.55 16.60 16.61 16.51 16.57 16.57 16.51 16.57 16.65 16.61 16.59 16.58 16.60 16.60 16.60 16.62 16.59 16.57 16.63 16.61 16.58 16.53 16.51 16.58 16.60 16.62 16.62 16.65 16.60 16.61 16.59 16.59 16.58 16.51 16.55 16.59 16.59 16.60 16.60 16.58 16.58 16.58 16.60 16.57 16.62 16.60 16.57 16.58 16.59 16.60 16.59 16.58 16.59 16.61 16.60 16.61 16.61 16.60 16.59 16.60 16.58 16.55 16.61 16.60 16.61 16.62 16.62 16.62 16.64 16.62 16.62 16.61 16.60 16.61 16.60 16.59 16.58
16.55 16.50 16.44 16.50 16.47 16.50 16.53 16.50 16.59 16.59 16.56 16.57 16.56 16.51 16.53 16.56 16.56 16.54 16.58 16.58 16.56 16.56 16.59 16.57 16.57 16.53 16.52 16.59 16.57 16.56 16.57 16.58 16.60 16.54 16.56 16.53 16.59 16.57 16.56 16.56 16.55 16.56 16.57 16.57 16.53 16.60 16.55 16.54 16.54 16.56 16.58 16.56 16.57 16.57 16.57 16.59 16.59 16.59 16.58 16.57 16.57 16.52 16.59 16.61 16.60 16.58 16.60 16.60 16.61 16.62 16.61 16.61 16.61 16.60 16.59 16.57 16.56
16.61 16.48 16.38 16.47 16.49 16.47 16.53 16.56 16.53 16.59 16.58 16.56 16.55 16.49 16.53 16.53 16.56 16.55 16.56 16.58 16.52 16.51 16.57 16.53 16.54 16.51 16.53 16.41 16.54 16.56 16.55 16.56 16.57 16.57 16.55 16.56 16.59 16.54 16.54 16.54 16.54 16.53 16.54 16.54 16.49 16.51 16.53 16.51 16.51 16.51 16.53 16.56 16.54 16.52 16.55 16.56 16.53 16.53 16.54 16.55 16.55 16.55 16.55 16.58 16.58 16.57 16.55 16.54 16.58 16.58 16.58 16.58 16.57 16.58 16.57 16.54 16.54
16.58 16.52 16.36 16.17 16.39 16.33 16.55 16.60 16.61 16.59 16.56 16.52 16.54 16.52 16.51 16.48 16.48 16.49 16.54 16.49 16.50 16.52 16.53 16.48 16.42 16.36 16.39 16.43 16.54 16.54 16.51 16.51 16.53 16.54 16.53 16.50 16.56 16.48 16.49 16.52 16.54 16.53 16.52 16.56 16.50 16.55 16.51 16.49 16.49 16.49 16.49 16.50 16.51 16.51 16.51 16.50 16.52 16.54 16.48 16.53 16.53 16.55 16.55 16.56 16.56 16.55 16.55 16.55 16.55 16.56 16.56 16.57 16.57 16.58 16.57 16.55 16.53
16.53 16.51 16.45 16.41 16.28 16.36 16.50 16.54 16.57 16.54 16.53 16.50 16.53 16.53 16.51 16.42 16.29 16.36 16.45 16.43 16.43 16.50 16.51 16.35 16.17 16.02 16.24 16.42 16.47 16.50 16.48 16.49 16.51 16.51 16.50 16.53 16.52 16.48 16.48 16.45 16.50 16.51 16.52 16.52 16.50 16.52 16.49 16.47 16.47 16.47 16.47 16.48 16.47 16.48 16.48 16.48 16.50 16.52 16.52 16.53 16.51 16.52 16.55 16.54 16.53 16.54 16.52 16.51 16.54 16.54 16.55 16.54 16.55 16.56 16.56 16.56 16.53
16.51 16.50 16.50 16.45 16.32 16.34 16.46 16.46 16.49 16.50 16.51 16.49 16.52 16.49 16.40 16.19 16.23 16.25 16.23 16.24 16.46 16.48 16.42 16.14 16.04 16.18 16.37 16.40 16.46 16.43 16.48 16.47 16.50 16.52 16.49 16.49 16.48 16.47 16.45 16.45 16.46 16.50 16.49 16.48 16.47 16.50 16.46 16.46 16.45 16.45 16.45 16.46 16.46 16.45 16.46 16.47 16.49 16.50 16.50 16.49 16.51 16.50 16.50 16.51 16.51 16.53 16.53 16.51 16.52 16.52 16.51 16.51 16.52 16.52 16.54 16.54 16.55
16.49 16.47 16.44 16.46 16.28 16.41 16.32 16.29 16.43 16.46 16.48 16.46 16.47 16.45 16.33 16.15 16.17 16.17 16.29 16.23 16.44 16.45 16.36 16.29 16.24 16.34 16.40 16.38 16.41 16.41 16.44 16.44 16.45 16.40 16.47 16.44 16.48 16.42 16.46 16.43 16.42 16.48 16.48 16.46 16.43 16.42 16.41 16.44 16.43 16.44 16.44 16.45 16.43 16.43 16.39 16.44 16.45 16.46 16.47 16.47 16.49 16.50 16.51 16.49 16.49 16.50 16.52 16.50 16.50 16.49 16.49 16.49 16.50 16.51 16.52 16.53 16.53
16.43 16.42 16.39 16.45 16.45 16.37 16.22 16.25 16.27 16.35 16.39 16.45 16.43 16.30 16.25 16.08 16.16 16.38 16.42 16.35 16.41 16.37 16.20 16.32 16.31 16.39 16.39 16.41 16.40 16.29 16.28 16.40 16.24 16.25 16.23 16.40 16.46 16.31 16.33 16.34 16.40 16.44 16.44 16.40 16.36 16.31 16.30 16.42 16.42 16.41 16.42 16.43 16.43 16.37 16.28 16.41 16.43 16.44 16.44 16.43 16.48 16.49 16.49 16.48 16.48 16.48 16.48 16.48 16.47 16.46 16.49 16.47 16.46 16.49 16.50 16.49 16.49
16.34 16.40 16.43 16.44 16.39 16.34 16.21 16.18 16.28 16.37 16.37 16.27 16.38 16.34 16.22 16.16 16.27 16.29 16.37 16.32 16.36 16.26 16.33 16.31 16.22 16.22 16.31 16.40 16.35 16.30 16.20 16.38 16.18 16.09 16.05 16.27 16.44 16.42 16.18 16.27 16.44 16.40 16.39 16.33 16.27 16.07 16.24 16.39 16.39 16.38 16.39 16.39 16.40 16.40 16.38 16.41 16.38 16.40 16.41 16.41 16.45 16.43 16.45 16.45 16.44 16.46 16.44 16.44 16.45 16.44 16.46 16.46 16.45 16.47 16.46 16.46 16.46
16.31 16.39 16.42 16.41 16.39 16.33 16.28 16.27 16.30 16.35 16.31 16.21 16.33 16.38 16.26 16.12 16.13 16.25 16.31 16.29 16.34 16.24 16.29 16.38 16.30 16.29 16.22 16.28 16.21 16.35 16.25 16.24 16.08 16.19 16.31 16.39 16.30 16.24 16.14 16.17 16.24 16.33 16.34 16.32 16.38 16.14 16.37 16.37 16.37 16.36 16.37 16.38 16.38 16.37 16.38 16.38 16.38 16.39 16.39 16.39 16.38 16.41 16.40 16.40 16.43 16.43 16.43 16.42 16.44 16.43 16.41 16.42 16.43 16.43 16.44 16.46 16.45
16.31 16.36 16.37 16.37 16.35 16.35 16.35 16.37 16.35 16.36 16.37 16.37 16.35 16.36 16.28 16.22 16.24 16.32 16.18 16.26 16.32 16.20 16.31 16.36 16.31 16.24 16.27 16.20 16.15 16.27 16.30 16.27 16.06 16.36 16.28 16.37 16.24 16.24 16.36 16.23 16.27 16.28 16.09 16.21 16.37 16.34 16.35 16.34 16.34 16.34 16.34 16.35 16.36 16.37 16.38 16.37 16.37 16.37 16.37 16.37 16.37 16.36 16.36 16.38 16.39 16.41 16.42 16.41 16.41 16.41 16.41 16.39 16.42 16.40 16.40 16.41 16.43
16.35 16.32 16.32 16.26 16.34 16.34 16.33 16.33 16.34 16.35 16.35 16.34 16.33 16.33 16.09 16.07 16.27 16.33 16.34 16.24 16.10 15.97 16.03 16.27 16.21 16.21 16.15 16.09 16.08 16.17 16.29 16.28 16.02 16.32 16.35 16.32 16.29 16.13 16.27 16.11 16.30 16.27 16.15 16.23 16.34 16.34 16.33 16.32 16.33 16.33 16.33 16.33 16.34 16.34 16.34 16.34 16.34 16.34 16.33 16.34 16.34 16.32 16.34 16.36 16.37 16.39 16.40 16.39 16.39 16.37 16.38 16.37 16.38 16.41 16.39 16.40 16.39
16.32 16.32 16.26 16.23 16.20 16.29 16.30 16.32 16.33 16.26 16.33 16.34 16.33 16.32 16.25 16.27 16.31 16.28 16.29 16.29 16.15 16.30 16.18 16.29 16.13 16.19 16.21 15.99 16.03 16.13 15.90 16.18 16.02 16.19 16.30 16.17 16.14 16.22 16.20 16.10 16.13 16.13 16.23 16.27 16.31 16.30 16.32 16.31 16.31 16.31 16.32 16.32 16.32 16.31 16.33 16.31 16.31 16.31 16.29 16.33 16.32 16.34 16.33 16.35 16.36 16.36 16.36 16.38 16.38 16.36 16.36 16.37 16.38 16.37 16.36 16.36 16.37
16.30 16.29 16.30 16.30 16.29 16.29 16.22 16.16 16.13 15.94 16.15 16.22 16.29 16.29 16.32 16.30 16.25 16.23 16.29 16.31 16.26 16.28 16.28 16.29 16.27 16.29 16.21 16.01 16.01 16.12 16.08 16.21 16.18 16.14 16.11 16.05 16.24 16.15 16.25 15.97 16.05 16.16 16.17 16.16 16.27 16.29 16.29 16.28 16.28 16.28 16.29 16.29 16.29 16.28 16.25 16.22 16.18 16.16 16.27 16.30 16.30 16.31 16.22 16.20 16.31 16.34 16.35 16.35 16.37 16.37 16.35 16.33 16.34 16.34 16.35 16.32 16.34
16.29 16.25 16.21 16.29 16.29 16.29 16.28 16.28 16.29 16.25 16.16 16.06 16.27 16.27 16.27 16.27 16.27 16.28 16.28 16.28 16.29 16.27 16.25 16.20 16.25 16.06 16.23 15.99 16.04 16.03 16.24 16.22 16.08 16.07 16.11 16.06 16.17 16.09 16.22 15.90 15.99 16.08 16.20 16.13 15.91 16.06 16.24 16.26 16.26 16.27 16.27 16.25 16.20 16.24 16.16 16.13 16.12 16.10 16.16 16.20 16.24 16.27 16.24 16.27 16.28 16.31 16.32 16.32 16.33 16.34 16.34 16.32 16.33 16.33 16.34 16.30 16.33
16.28 16.26 16.25 16.27 16.27 16.26 16.19 16.27 16.27 16.31 16.20 16.15 16.05 16.01 16.07 16.25 16.24 16.26 16.27 16.27 16.27 16.24 16.12 16.18 16.24 16.02 15.90 16.02 16.07 16.16 16.22 16.22 16.02 16.00 16.15 16.12 16.14 16.04 16.26 15.98 15.99 16.06 16.19 16.13 15.96 15.95 16.18 16.24 16.23 16.22 16.18 16.16 16.12 16.08 16.13 16.18 16.11 16.07 16.12 16.16 16.18 16.24 16.07 16.16 16.25 16.27 16.27 16.29 16.30 16.30 16.32 16.32 16.31 16.30 16.31 16.30 16.29
16.24 16.25 16.25 16.24 16.25 16.07 16.09 16.26 16.26 16.27 16.16 16.11 15.99 15.85 15.94 16.09 16.11 16.22 16.23 16.23 16.24 16.18 16.21 16.24 16.17 15.99 15.94 15.92 16.02 16.20 16.20 16.22 16.19 16.08 16.09 16.06 16.00 16.07 16.16 16.21 15.88 16.08 16.09 16.16 16.13 15.96 16.21 16.22 16.22 16.20 16.13 16.18 16.12 16.06 16.09 16.17 16.11 16.15 16.05 15.92 16.19 16.18 16.18 16.21 16.23 16.22 16.24 16.28 16.28 16.29 16.30 16.31 16.28 16.26 16.27 16.28 16.26
16.21 16.20 16.19 16.19 16.22 16.08 16.03 16.01 16.04 16.09 16.08 16.07 16.10 15.97 16.04 16.06 16.09 16.17 16.19 16.15 16.17 16.11 16.11 16.17 16.11 16.07 16.07 16.02 16.10 16.18 16.19 16.19 16.19 16.08 16.11 16.08 16.05 16.07 16.02 16.17 16.15 15.89 15.88 15.94 16.06 16.13 16.18 16.19 16.20 16.18 16.17 16.11 16.10 16.14 16.19 16.22 16.25 16.16 15.95 15.97 15.91 16.13 16.17 16.17 16.21 16.24 16.21 16.27 16.25 16.25 16.26 16.26 16.24 16.22 16.25 16.24 16.22
16.21 16.23 16.20 16.19 16.12 16.06 15.77 15.88 15.67 15.73 15.83 15.89 16.00 16.09 16.06 15.92 15.95 16.12 16.10 15.94 15.98 16.14 16.14 16.14 16.17 16.14 16.17 16.17 16.18 16.17 16.17 16.15 16.14 16.01 16.15 16.12 16.08 16.18 16.07 16.13 16.04 15.85 15.79 15.65 15.71 16.12 16.17 16.17 16.17 16.12 16.11 16.10 15.95 15.98 16.20 16.16 16.15 16.07 16.05 15.98 16.12 15.93 16.17 16.15 16.19 16.21 16.22 16.25 16.23 16.22 16.22 16.23 16.24 16.20 16.21 16.22 16.21
16.18 16.18 16.17 16.18 16.16 16.12 15.73 15.85 15.56 15.56 15.53 15.64 15.85 15.92 16.01 15.96 15.89 16.04 15.97 15.91 16.11 16.12 16.15 16.13 16.12 16.14 16.15 16.15 16.15 16.15 16.15 16.11 16.12 16.05 16.08 16.05 15.97 16.15 16.10 16.12 16.16 15.96 15.85 15.81 15.80 16.15 16.15 16.15 16.15 16.05 16.11 16.09 15.97 16.09 16.10 16.02 15.95 16.06 16.08 15.92 16.03 16.13 16.13 16.16 16.14 16.19 16.21 16.23 16.19 16.20 16.20 16.22 16.22 16.20 16.19 16.19 16.20
16.03 16.11 16.15 16.15 16.14 16.14 16.10 16.00 15.77 15.50 15.39 15.47 15.99 16.03 16.02 15.89 15.95 16.02 16.11 16.11 16.02 15.92 16.13 16.10 16.11 16.12 16.13 16.13 16.13 16.12 16.12 16.10 16.12 16.07 15.98 15.94 15.94 16.11 16.14 15.91 16.04 15.96 15.93 15.97 15.61 16.11 16.12 16.13 16.09 16.02 16.06 16.00 16.03 16.00 16.13 16.08 16.04 15.92 15.94 15.97 15.95 15.96 16.01 16.09 16.12 16.15 16.18 16.18 16.12 16.18 16.18 16.19 16.17 16.17 16.16 16.18 16.18
16.09 15.96 16.12 16.11 16.14 16.12 16.11 16.10 16.00 15.74 15.70 16.00 16.08 16.10 16.07 15.92 15.77 16.07 16.10 16.10 16.10 16.11 16.11 16.10 16.10 16.11 16.12 16.12 16.11 16.11 16.10 16.11 16.10 16.05 16.04 16.07 15.88 16.04 16.12 16.09 16.01 15.82 15.91 16.04 15.75 15.69 16.10 16.10 16.07 16.00 16.01 15.99 15.96 16.00 16.04 15.99 15.81 15.84 15.91 16.01 16.01 15.94 15.97 16.11 16.07 16.14 16.15 16.15 16.14 16.15 16.17 16.18 16.15 16.15 16.14 16.16 16.16
16.10 16.06 16.10 16.10 16.10 16.10 16.10 16.09 16.09 16.09 16.08 16.04 16.02 16.09 16.06 16.06 16.09 16.08 16.08 16.08 16.08 16.07 16.08 16.08 16.07 16.08 16.09 16.09 16.09 16.08 16.08 16.06 16.08 16.03 16.05 16.07 16.02 16.03 16.09 16.10 16.00 15.92 15.84 15.81 15.65 15.97 16.08 16.08 16.00 16.01 15.96 15.92 15.96 16.03 16.02 15.94 15.99 16.02 16.02 15.90 15.90 15.92 16.04 16.03 16.00 15.97 16.05 16.09 16.05 16.13 16.14 16.14 16.13 16.16 16.13 16.15 16.14
16.09 16.09 16.08 16.08 16.01 16.06 16.07 16.08 16.06 16.06 16.07 16.08 16.08 16.07 16.06 16.06 16.07 16.06 16.06 16.06 16.06 16.06 16.05 16.06 16.06 16.06 16.07 16.07 16.07 16.06 16.07 16.06 16.07 15.99 16.06 16.04 16.07 16.07 16.07 16.07 16.07 16.00 16.03 16.05 16.06 16.06 16.06 16.07 15.96 15.96 15.93 15.84 15.91 16.05 16.02 16.04 16.08 16.08 16.07 16.05 15.97 15.89 16.02 15.94 16.05 15.98 16.08 16.09 16.11 16.09 16.11 16.12 16.14 16.13 16.14 16.11 16.09
16.07 16.05 16.06 16.05 15.87 16.03 16.05 16.05 16.04 16.04 16.04 16.04 16.05 16.05 16.05 16.05 16.04 16.05 16.05 16.04 16.04 16.04 15.99 16.04 16.03 16.03 16.04 16.03 16.03 16.02 16.03 16.04 16.04 16.04 16.04 16.04 16.04 16.01 16.00 16.05 16.05 16.02 16.06 16.09 16.05 16.04 16.05 16.05 15.92 15.89 15.93 15.97 15.96 15.99 16.04 16.03 16.04 16.04 16.04 16.04 15.95 15.88 15.90 15.85 16.02 15.87 16.00 16.06 15.99 16.04 16.07 16.07 16.09 16.10 16.09 16.08 16.08
15.85 15.95 16.02 16.03 16.03 16.03 16.02 16.03 16.02 16.02 16.03 16.03 16.03 16.04 16.03 16.04 16.04 16.04 16.03 16.02 16.02 16.03 16.01 16.01 16.02 16.01 16.01 16.01 16.00 15.99 16.00 16.01 16.02 15.99 16.01 15.98 15.93 15.76 15.74 16.01 16.03 16.04 16.08 16.05 16.03 16.03 16.03 16.02 15.89 15.73 15.73 15.88 16.01 16.02 16.02 16.02 16.03 16.02 16.02 16.03 15.94 15.97 15.93 15.87 15.92 15.90 15.94 15.92 15.98 16.06 16.01 16.02 16.02 16.06 16.08 16.07 16.05
15.95 16.00 15.96 15.82 15.98 16.00 15.97 15.94 15.99 15.99 16.00 16.00 16.00 16.01 16.01 16.01 16.00 16.00 16.00 16.00 16.02 16.00 15.99 16.00 16.01 16.00 16.00 16.00 16.00 15.98 15.98 16.00 16.01 15.94 15.91 15.78 15.86 15.72 15.64 15.86 16.02 16.00 16.03 16.01 16.00 16.00 16.00 15.93 15.93 15.84 15.90 15.97 15.99 16.00 16.00 16.01 16.02 16.00 16.01 16.00 16.01 16.00 15.90 15.88 15.85 15.90 15.77 15.87 15.83 16.00 15.96 16.03 16.03 16.04 16.04 16.04 16.03
15.97 16.01 15.68 15.58 15.81 15.98 15.94 15.86 15.98 15.97 15.99 15.98 15.99 15.99 15.98 15.98 15.99 15.99 15.99 15.98 15.98 15.98 15.98 15.98 15.99 15.98 15.97 15.98 15.98 15.96 15.96 15.97 15.97 15.90 15.72 15.80 15.98 15.67 15.63 15.55 15.73 15.86 15.95 15.98 15.98 15.98 15.99 15.76 15.76 15.89 15.97 15.98 15.98 15.98 15.98 15.98 15.98 15.98 15.99 15.98 15.98 15.98 15.99 15.93 15.89 15.94 15.73 15.87 15.77 15.91 15.98 16.00 16.02 16.03 16.02 16.02 16.01
15.64 15.96 15.92 15.72 15.83 15.87 15.58 15.84 15.91 15.76 15.96 15.97 15.98 15.97 15.97 15.96 15.97 15.96 15.96 15.96 15.96 15.97 15.97 15.97 15.97 15.96 15.96 15.96 15.96 15.95 15.95 15.95 15.91 15.89 15.96 15.76 15.96 15.74 15.55 15.44 15.52 15.69 15.60 15.95 15.95 15.96 15.90 15.87 15.87 15.96 15.96 15.96 15.96 15.97 15.96 15.96 15.96 15.97 15.98 15.96 15.96 15.96 15.96 15.96 15.94 15.87 15.82 15.89 15.80 15.99 15.96 15.99 16.00 16.02 16.01 15.98 15.96
15.47 15.70 15.93 15.82 15.64 15.72 15.39 15.90 15.67 15.78 15.91 15.93 15.94 15.93 15.93 15.92 15.93 15.93 15.93 15.93 15.93 15.94 15.95 15.94 15.94 15.95 15.94 15.94 15.94 15.93 15.93 15.92 15.93 15.93 15.94 15.94 15.94 15.90 15.66 15.52 15.49 15.74 15.55 15.90 15.92 15.94 15.94 15.94 15.93 15.94 15.93 15.93 15.93 15.94 15.93 15.93 15.93 15.96 15.95 15.95 15.95 15.95 15.86 15.93 15.93 15.95 15.78 15.86 15.87 15.94 15.94 15.95 15.98 15.98 15.94 15.93 15.95
15.66 15.65 15.89 15.90 15.72 15.73 15.49 15.85 15.68 15.68 15.50 15.61 15.86 15.89 15.89 15.90 15.89 15.91 15.92 15.93 15.92 15.92 15.93 15.93 15.93 15.93 15.92 15.91 15.91 15.92 15.91 15.90 15.90 15.90 15.90 15.91 15.91 15.91 15.89 15.60 15.45 15.75 15.84 15.90 15.92 15.91 15.92 15.92 15.92 15.91 15.91 15.92 15.92 15.92 15.91 15.92 15.93 15.94 15.92 15.92 15.90 15.93 15.93 15.92 15.89 15.92 15.92 15.92 15.84 15.80 15.94 15.91 15.93 15.94 15.87 15.92 15.93
15.33 15.59 15.84 15.68 15.61 15.59 15.50 15.47 15.83 15.50 15.17 14.89 15.43 15.89 15.90 15.89 15.90 15.91 15.91 15.90 15.90 15.91 15.93 15.91 15.90 15.89 15.90 15.90 15.90 15.90 15.88 15.90 15.89 15.89 15.89 15.88 15.89 15.89 15.89 15.87 15.84 15.93 15.76 15.44 15.79 15.88 15.90 15.90 15.89 15.89 15.90 15.91 15.90 15.89 15.90 15.91 15.91 15.91 15.92 15.90 15.83 15.85 15.91 15.91 15.90 15.87 15.90 15.91 15.91 15.90 15.93 15.90 15.88 15.86 15.87 15.90 15.90
15.32 15.68 15.66 15.76 15.88 15.88 15.86 15.68 15.72 15.74 15.67 15.69 15.52 15.73 15.87 15.87 15.87 15.87 15.88 15.88 15.88 15.90 15.89 15.84 15.76 15.85 15.86 15.88 15.85 15.88 15.83 15.79 15.87 15.87 15.87 15.87 15.87 15.87 15.86 15.87 15.83 15.86 15.75 15.60 15.66 15.87 15.87 15.88 15.88 15.89 15.87 15.86 15.87 15.88 15.88 15.88 15.88 15.87 15.88 15.88 15.88 15.77 15.89 15.89 15.90 15.89 15.89 15.88 15.89 15.89 15.89 15.90 15.90 15.87 15.88 15.88 15.88
