files/bom_datasets/05.21.18.txt
ncols 839
nrows 679
xllcenter 112.0500
yllcenter -43.9500
cellsize 0.0500
nodata_value 99999.90
[rows 374 to 407 of 679, columns 539 to 615 of 839]
14.54 14.60 14.59 14.60 14.62 14.61 14.62 14.55 14.61 14.64 14.64 14.64 14.61 14.63 14.63 14.65 14.60 14.59 14.63 14.64 14.64 14.65 14.62 14.58 14.64 14.63 14.62 14.61 14.61 14.60 14.62 14.60 14.59 14.60 14.62 14.63 14.62 14.64 14.63 14.60 14.58 14.61 14.59 14.60 14.59 14.61 14.59 14.58 14.58 14.60 14.59 14.57 14.55 14.56 14.56 14.58 14.56 14.58 14.58 14.57 14.57 14.54 14.53 14.53 14.58 14.58 14.51 14.40 14.55 14.31 14.46 14.59 14.59 14.64 14.65 14.65 14.66
14.53 14.60 14.58 14.57 14.57 14.61 14.59 14.60 14.60 14.64 14.62 14.52 14.62 14.59 14.59 14.63 14.50 14.57 14.60 14.63 14.62 14.63 14.62 14.62 14.62 14.62 14.61 14.58 14.59 14.58 14.59 14.57 14.58 14.55 14.56 14.57 14.58 14.61 14.61 14.60 14.57 14.59 14.57 14.60 14.58 14.55 14.56 14.56 14.56 14.58 14.56 14.57 14.56 14.55 14.54 14.52 14.55 14.56 14.54 14.55 14.56 14.54 14.54 14.57 14.56 14.52 14.53 14.45 14.49 14.45 14.54 14.46 14.53 14.58 14.57 14.63 14.63
14.45 14.53 14.60 14.53 14.53 14.54 14.57 14.60 14.56 14.54 14.60 14.62 14.64 14.62 14.61 14.62 14.59 14.62 14.63 14.62 14.63 14.62 14.61 14.60 14.61 14.59 14.57 14.55 14.54 14.55 14.57 14.59 14.59 14.56 14.55 14.57 14.57 14.61 14.60 14.58 14.55 14.52 14.58 14.58 14.58 14.56 14.56 14.55 14.54 14.53 14.54 14.55 14.53 14.55 14.54 14.53 14.53 14.54 14.54 14.54 14.54 14.55 14.53 14.55 14.53 14.54 14.49 14.48 14.50 14.49 14.48 14.53 14.50 14.54 14.57 14.60 14.63
14.32 14.18 14.57 14.55 14.53 14.54 14.57 14.58 14.59 14.44 14.58 14.59 14.60 14.57 14.58 14.53 14.48 14.60 14.62 14.61 14.59 14.59 14.58 14.58 14.57 14.55 14.56 14.51 14.52 14.49 14.52 14.55 14.53 14.55 14.55 14.57 14.56 14.59 14.57 14.55 14.54 14.54 14.52 14.54 14.54 14.53 14.55 14.54 14.52 14.52 14.52 14.54 14.53 14.54 14.53 14.52 14.52 14.51 14.53 14.52 14.50 14.50 14.50 14.51 14.58 14.60 14.59 14.59 14.65 14.56 14.51 14.49 14.58 14.55 14.58 14.59 14.60
14.37 14.41 14.52 14.50 14.56 14.48 14.51 14.53 14.55 14.52 14.52 14.53 14.56 14.56 14.52 14.52 14.55 14.57 14.59 14.58 14.58 14.57 14.56 14.56 14.54 14.53 14.52 14.50 14.49 14.49 14.48 14.50 14.52 14.52 14.54 14.51 14.55 14.59 14.56 14.53 14.52 14.52 14.54 14.54 14.53 14.52 14.52 14.51 14.49 14.49 14.50 14.49 14.47 14.49 14.48 14.48 14.46 14.45 14.48 14.48 14.47 14.47 14.46 14.47 14.47 14.52 14.54 14.58 14.56 14.57 14.53 14.43 14.52 14.50 14.54 14.55 14.53
14.35 14.29 14.52 14.43 14.53 14.54 14.48 14.52 14.53 14.52 14.55 14.52 14.49 14.53 14.53 14.52 14.52 14.55 14.56 14.56 14.57 14.55 14.54 14.53 14.52 14.48 14.49 14.50 14.47 14.46 14.48 14.48 14.52 14.50 14.53 14.49 14.47 14.51 14.51 14.51 14.52 14.52 14.54 14.53 14.52 14.51 14.52 14.51 14.49 14.48 14.48 14.47 14.45 14.48 14.47 14.47 14.46 14.46 14.44 14.46 14.48 14.48 14.48 14.47 14.48 14.50 14.51 14.31 14.48 14.44 14.56 14.47 14.48 14.52 14.54 14.54 14.48
14.45 14.42 14.46 14.46 14.39 14.44 14.50 14.53 14.47 14.45 14.47 14.50 14.51 14.52 14.51 14.50 14.50 14.52 14.52 14.53 14.52 14.52 14.52 14.51 14.50 14.49 14.47 14.49 14.46 14.45 14.46 14.47 14.47 14.47 14.48 14.48 14.49 14.50 14.49 14.49 14.50 14.51 14.49 14.52 14.50 14.50 14.50 14.51 14.48 14.48 14.48 14.44 14.45 14.45 14.48 14.47 14.46 14.46 14.45 14.44 14.47 14.46 14.44 14.42 14.46 14.47 14.50 14.44 14.49 14.52 14.56 14.49 14.43 14.42 14.52 14.53 14.53
14.44 14.43 14.45 14.44 14.45 14.40 14.52 14.48 14.39 14.40 14.45 14.49 14.48 14.49 14.50 14.50 14.48 14.49 14.50 14.51 14.50 14.49 14.46 14.48 14.49 14.48 14.47 14.48 14.45 14.44 14.42 14.43 14.45 14.46 14.45 14.44 14.46 14.47 14.47 14.47 14.48 14.49 14.46 14.49 14.48 14.48 14.46 14.47 14.47 14.47 14.46 14.45 14.41 14.44 14.44 14.45 14.45 14.47 14.44 14.43 14.45 14.42 14.39 14.40 14.42 14.43 14.35 14.38 14.38 14.19 14.31 14.46 14.52 14.48 14.47 14.49 14.51
14.38 14.42 14.42 14.44 14.44 14.43 14.43 14.41 14.36 14.35 14.33 14.37 14.46 14.33 14.42 14.48 14.45 14.40 14.45 14.48 14.47 14.46 14.46 14.45 14.45 14.44 14.39 14.44 14.42 14.42 14.40 14.42 14.43 14.42 14.42 14.43 14.45 14.46 14.45 14.44 14.46 14.45 14.45 14.44 14.43 14.44 14.44 14.46 14.43 14.44 14.44 14.43 14.41 14.41 14.40 14.40 14.40 14.43 14.41 14.41 14.39 14.37 14.40 14.39 14.39 14.40 14.32 14.36 14.27 14.33 14.38 14.39 14.40 14.39 14.39 14.45 14.49
14.39 14.38 14.39 14.42 14.42 14.40 14.41 14.41 14.36 14.35 14.05 14.17 14.31 14.09 14.25 14.36 14.42 14.43 14.43 14.43 14.45 14.44 14.43 14.42 14.43 14.42 14.41 14.39 14.40 14.40 14.42 14.42 14.41 14.40 14.41 14.41 14.46 14.42 14.40 14.41 14.44 14.42 14.43 14.43 14.43 14.43 14.38 14.38 14.40 14.42 14.43 14.42 14.42 14.40 14.38 14.38 14.39 14.39 14.41 14.39 14.40 14.39 14.38 14.38 14.38 14.35 14.37 14.40 14.40 14.40 14.40 14.37 14.44 14.42 14.45 14.43 14.44
14.35 14.35 14.37 14.41 14.40 14.39 14.37 14.37 14.38 14.35 14.28 14.29 14.29 14.31 14.26 14.21 14.39 14.41 14.39 14.42 14.42 14.41 14.41 14.39 14.39 14.39 14.41 14.40 14.39 14.40 14.42 14.41 14.40 14.37 14.39 14.42 14.43 14.41 14.39 14.40 14.40 14.41 14.41 14.41 14.41 14.40 14.39 14.40 14.39 14.39 14.40 14.41 14.40 14.39 14.38 14.37 14.37 14.39 14.40 14.40 14.40 14.37 14.34 14.39 14.36 14.33 14.37 14.34 14.39 14.42 14.43 14.44 14.38 14.45 14.43 14.40 14.30
14.32 14.34 14.35 14.38 14.37 14.35 14.34 14.35 14.38 14.38 14.37 14.37 14.33 14.31 14.28 14.33 14.35 14.17 14.36 14.38 14.39 14.39 14.38 14.38 14.36 14.38 14.37 14.37 14.37 14.39 14.36 14.39 14.39 14.37 14.39 14.41 14.39 14.36 14.40 14.40 14.40 14.39 14.39 14.40 14.38 14.38 14.39 14.37 14.37 14.38 14.38 14.38 14.38 14.37 14.38 14.37 14.36 14.37 14.35 14.36 14.36 14.35 14.33 14.34 14.34 14.32 14.34 14.23 14.30 14.38 14.40 14.42 14.40 14.41 14.43 14.42 14.40
14.29 14.30 14.32 14.32 14.32 14.32 14.31 14.35 14.34 14.35 14.33 14.34 14.34 14.32 14.31 14.31 14.36 14.38 14.36 14.33 14.32 14.34 14.35 14.35 14.34 14.35 14.35 14.34 14.34 14.34 14.36 14.35 14.36 14.36 14.35 14.36 14.35 14.34 14.35 14.35 14.36 14.36 14.32 14.35 14.35 14.36 14.37 14.35 14.33 14.32 14.35 14.35 14.33 14.35 14.34 14.36 14.34 14.35 14.34 14.34 14.31 14.33 14.29 14.27 14.28 14.29 14.28 14.29 14.29 14.32 14.31 14.38 14.41 14.39 14.35 14.38 14.37
14.28 14.28 14.31 14.30 14.30 14.31 14.30 14.33 14.34 14.33 14.32 14.33 14.33 14.34 14.33 14.29 14.29 14.33 14.36 14.34 14.29 14.30 14.31 14.33 14.34 14.34 14.33 14.30 14.33 14.33 14.33 14.32 14.34 14.33 14.32 14.34 14.33 14.32 14.33 14.33 14.32 14.32 14.31 14.34 14.32 14.33 14.33 14.34 14.33 14.33 14.32 14.32 14.31 14.34 14.35 14.34 14.33 14.32 14.30 14.29 14.28 14.31 14.31 14.30 14.29 14.29 14.32 14.30 14.28 14.28 14.22 14.21 14.35 14.37 14.39 14.38 14.36
14.28 14.30 14.29 14.26 14.27 14.32 14.30 14.31 14.32 14.32 14.31 14.29 14.28 14.30 14.31 14.26 14.24 14.22 14.28 14.19 14.24 14.29 14.30 14.31 14.31 14.32 14.32 14.33 14.31 14.30 14.30 14.30 14.32 14.31 14.27 14.31 14.30 14.31 14.30 14.30 14.31 14.33 14.32 14.32 14.31 14.32 14.31 14.32 14.32 14.31 14.31 14.31 14.31 14.33 14.32 14.32 14.31 14.30 14.30 14.28 14.29 14.29 14.32 14.31 14.29 14.27 14.24 14.28 14.29 14.27 14.23 14.25 14.33 14.38 14.37 14.37 14.36
14.24 14.24 14.26 14.26 14.26 14.25 14.27 14.27 14.25 14.27 14.27 14.27 14.27 14.29 14.28 14.29 14.28 14.24 14.25 14.27 14.25 14.28 14.29 14.30 14.30 14.30 14.28 14.29 14.29 14.26 14.29 14.28 14.28 14.28 14.28 14.28 14.26 14.29 14.26 14.28 14.28 14.29 14.30 14.28 14.29 14.30 14.29 14.29 14.29 14.30 14.30 14.30 14.28 14.30 14.29 14.29 14.27 14.26 14.29 14.28 14.27 14.28 14.27 14.27 14.25 14.27 14.27 14.26 14.27 14.25 14.21 14.24 14.32 14.34 14.35 14.35 14.35
14.24 14.25 14.22 14.22 14.23 14.22 14.25 14.23 14.23 14.23 14.23 14.24 14.27 14.26 14.24 14.23 14.22 14.24 14.25 14.27 14.28 14.27 14.28 14.27 14.27 14.23 14.27 14.26 14.26 14.24 14.24 14.25 14.25 14.25 14.25 14.25 14.27 14.25 14.23 14.26 14.26 14.27 14.26 14.26 14.26 14.26 14.26 14.28 14.26 14.25 14.24 14.22 14.24 14.25 14.24 14.24 14.23 14.21 14.24 14.24 14.22 14.24 14.23 14.22 14.23 14.24 14.24 14.24 14.25 14.23 14.23 14.23 14.29 14.30 14.33 14.34 14.31
14.22 14.20 14.18 14.20 14.19 14.20 14.20 14.21 14.23 14.22 14.18 14.22 14.23 14.24 14.23 14.23 14.24 14.24 14.24 14.19 14.22 14.13 14.13 14.17 14.22 14.25 14.25 14.24 14.24 14.24 14.24 14.24 14.24 14.24 14.22 14.23 14.25 14.23 14.23 14.23 14.24 14.25 14.24 14.24 14.23 14.23 14.23 14.22 14.25 14.22 14.22 14.25 14.24 14.24 14.24 14.24 14.21 14.19 14.22 14.21 14.18 14.21 14.20 14.21 14.20 14.22 14.21 14.21 14.22 14.22 14.20 14.19 14.27 14.26 14.29 14.29 14.26
14.17 14.17 14.16 14.17 14.19 14.18 14.16 14.19 14.19 14.19 14.18 14.21 14.19 14.22 14.20 14.19 14.22 14.21 14.22 14.15 13.44 13.29 13.99 14.17 14.22 14.24 14.24 14.23 14.23 14.22 14.23 14.22 14.23 14.21 14.20 14.20 14.21 14.21 14.21 14.21 14.22 14.22 14.22 14.22 14.22 14.21 14.21 14.21 14.20 14.20 14.20 14.22 14.21 14.21 14.23 14.22 14.21 14.21 14.21 14.19 14.20 14.20 14.18 14.19 14.19 14.19 14.20 14.20 14.19 14.20 14.19 14.25 14.23 14.27 14.28 14.29 14.15
14.14 14.14 14.13 14.14 14.14 14.14 14.15 14.14 14.15 14.14 14.16 14.18 14.19 14.17 14.17 14.16 14.18 14.17 14.19 14.16 13.41 13.79 14.13 14.19 14.17 14.19 14.20 14.20 14.20 14.20 14.20 14.19 14.19 14.18 14.17 14.17 14.18 14.18 14.17 14.18 14.18 14.17 14.20 14.21 14.20 14.20 14.20 14.20 14.18 14.17 14.17 14.18 14.17 14.18 14.19 14.19 14.18 14.19 14.20 14.18 14.19 14.17 14.17 14.16 14.16 14.20 14.19 14.17 14.19 14.20 14.20 14.19 14.12 14.23 14.23 14.14 14.19
14.12 14.12 14.12 14.14 14.14 14.12 14.11 14.12 14.12 14.12 14.15 14.11 14.15 14.14 14.16 14.16 14.16 14.16 14.16 14.16 14.19 14.20 14.25 14.08 14.18 14.18 14.18 14.17 14.17 14.16 14.16 14.17 14.17 14.17 14.15 14.17 14.16 14.17 14.17 14.17 14.18 14.19 14.18 14.18 14.16 14.17 14.16 14.16 14.15 14.15 14.14 14.16 14.14 14.14 14.17 14.15 14.16 14.18 14.16 14.14 14.14 14.17 14.14 14.12 14.12 14.16 14.19 14.19 14.17 14.16 14.16 14.16 14.15 14.08 14.15 14.14 14.18
14.08 14.09 14.07 14.09 14.08 14.09 14.07 14.08 14.07 14.06 14.10 14.09 14.11 14.12 14.11 14.10 14.13 14.12 14.12 14.14 14.13 13.89 14.13 14.03 14.10 14.15 14.13 14.13 14.13 14.12 14.13 14.13 14.14 14.13 14.13 14.13 14.13 14.14 14.16 14.15 14.15 14.15 14.14 14.14 14.13 14.15 14.14 14.14 14.12 14.11 14.12 14.12 14.13 14.11 14.11 14.12 14.14 14.11 14.13 14.13 14.15 14.12 14.16 14.15 14.15 14.15 14.12 14.17 14.14 14.12 14.12 14.12 14.10 14.08 14.14 14.11 14.16
14.08 14.07 14.05 14.07 14.05 14.05 14.06 14.04 14.04 14.03 14.04 13.99 14.02 14.08 14.09 14.08 14.11 14.11 14.12 14.11 14.13 14.12 14.12 13.78 14.08 14.10 14.09 14.11 14.11 14.10 14.09 14.11 14.11 14.11 14.12 14.09 14.11 14.13 14.09 14.11 14.13 14.13 14.12 14.12 14.11 14.11 14.12 14.11 14.10 14.10 14.10 14.09 14.11 14.10 14.10 14.09 14.11 14.12 14.09 14.14 14.11 14.14 14.13 14.15 14.13 14.13 14.16 14.15 14.10 14.10 14.10 14.09 14.07 14.07 14.10 14.06 14.11
14.05 14.05 14.05 14.05 14.02 14.01 14.01 14.01 14.02 14.04 14.05 14.04 14.04 14.04 14.03 14.04 14.08 14.08 14.10 14.09 14.09 14.11 14.11 14.02 14.08 14.06 14.05 14.09 14.08 14.06 14.09 14.09 14.09 14.08 14.08 14.07 14.10 14.08 14.08 14.09 14.11 14.10 14.09 14.09 14.09 14.09 14.10 14.10 14.07 14.07 14.07 14.07 14.06 14.07 14.10 14.08 14.09 14.10 14.10 14.10 14.06 14.05 14.12 14.11 14.11 14.12 14.08 14.11 14.09 14.09 14.06 14.05 14.04 14.08 14.08 14.07 14.07
14.03 14.03 14.04 14.03 14.00 14.00 13.99 14.01 14.02 14.01 14.01 13.99 14.00 14.01 13.99 14.05 14.04 14.03 14.06 14.06 14.04 14.08 14.06 13.82 14.08 14.02 14.01 14.06 14.10 14.09 14.07 14.06 14.06 14.04 14.05 14.06 14.10 14.07 14.05 14.07 14.09 14.08 14.08 14.07 14.07 14.07 14.06 14.07 14.06 14.08 14.07 14.08 14.06 14.08 14.08 14.06 14.06 14.09 14.09 14.10 14.09 14.06 14.08 14.08 14.09 14.08 14.10 14.10 14.10 14.06 14.02 14.02 14.03 14.06 14.05 14.05 14.04
13.98 14.00 14.02 14.01 14.00 13.99 13.99 13.98 13.96 13.95 13.97 13.97 13.97 13.96 13.97 14.00 14.02 14.02 14.00 14.02 14.04 14.02 14.01 13.61 14.00 13.95 14.05 14.09 14.07 14.06 14.05 14.02 14.03 14.00 14.00 14.02 14.03 14.05 14.04 14.05 14.07 14.05 14.05 14.05 14.04 14.04 14.05 14.05 14.05 14.04 14.05 14.04 14.04 14.03 14.03 14.01 14.03 14.06 14.04 14.08 14.07 14.06 14.06 14.06 14.06 14.05 14.04 14.09 14.06 14.04 14.02 14.03 14.02 14.02 14.04 14.03 14.03
14.00 13.98 13.97 13.97 13.97 13.97 13.94 13.92 13.92 13.93 13.91 13.91 13.93 13.96 13.99 13.97 13.96 13.94 14.00 13.99 13.99 14.02 13.95 13.97 14.02 14.01 14.03 14.01 14.01 14.03 14.01 14.00 14.01 13.99 14.00 14.00 14.00 13.97 14.04 14.02 14.03 14.05 14.05 14.05 14.04 14.04 14.04 14.02 14.01 14.01 14.01 14.01 14.01 14.02 14.02 14.02 14.01 14.04 14.03 14.04 14.04 14.03 14.04 14.08 14.03 13.98 14.00 14.00 14.02 14.02 13.99 13.99 13.99 13.98 14.00 14.00 14.00
13.95 13.95 13.95 13.95 13.95 13.95 13.94 13.89 13.87 13.90 13.91 13.92 13.93 13.96 13.96 13.97 13.94 13.95 13.94 13.98 13.98 14.01 13.77 13.98 14.00 14.00 13.98 13.99 14.00 14.00 14.00 13.98 13.97 13.98 13.97 14.00 14.00 13.99 13.97 14.00 14.03 14.03 14.02 14.01 14.01 14.00 14.00 13.99 13.99 13.99 13.99 13.99 13.96 13.95 13.97 14.00 14.00 14.01 14.02 14.03 14.03 14.03 14.05 14.09 14.04 14.01 14.00 14.00 13.99 13.99 13.99 13.96 13.95 13.96 13.98 13.97 13.99
13.91 13.91 13.90 13.90 13.91 13.91 13.90 13.87 13.87 13.89 13.92 13.92 13.94 13.94 13.95 13.89 13.94 13.93 13.93 13.91 13.93 13.96 13.98 13.96 13.95 13.95 13.96 13.96 13.96 13.96 13.97 13.96 13.96 13.96 13.96 13.96 13.97 13.94 13.97 13.93 13.98 14.02 13.99 13.98 13.98 13.98 13.97 13.96 13.96 13.95 13.95 13.96 13.93 13.92 13.96 13.97 13.99 13.99 14.00 14.00 14.01 14.02 14.02 14.05 14.01 14.00 14.00 13.99 13.96 13.98 13.97 13.95 13.93 13.92 13.91 13.88 13.94
13.92 13.88 13.88 13.88 13.88 13.86 13.84 13.85 13.84 13.90 13.91 13.91 13.90 13.91 13.92 13.93 13.94 13.91 13.94 13.95 13.83 13.97 13.94 13.96 13.94 13.93 13.94 13.95 13.94 13.94 13.94 13.93 13.94 13.94 13.93 13.93 13.94 13.93 13.92 13.92 13.97 13.97 13.98 13.97 13.96 13.96 13.96 13.95 13.94 13.93 13.93 13.94 13.93 13.91 13.94 13.94 13.96 13.97 13.93 13.99 13.92 13.97 13.95 13.93 13.94 13.94 13.94 13.94 13.94 13.94 13.94 13.93 13.92 13.90 13.91 13.89 13.89
13.89 13.87 13.87 13.87 13.85 13.83 13.82 13.83 13.82 13.87 13.88 13.90 13.86 13.86 13.88 13.88 13.89 13.91 13.89 13.86 13.70 13.93 13.93 13.93 13.88 13.93 13.93 13.91 13.92 13.90 13.92 13.90 13.92 13.90 13.92 13.89 13.90 13.90 13.90 13.89 13.93 13.93 13.93 13.94 13.93 13.91 13.92 13.92 13.93 13.92 13.91 13.91 13.91 13.90 13.89 13.92 13.92 13.93 13.94 13.94 13.95 13.92 13.92 13.90 13.90 13.93 13.92 13.93 13.93 13.91 13.91 13.90 13.90 13.88 13.88 13.86 13.88
13.83 13.84 13.83 13.82 13.82 13.82 13.81 13.80 13.80 13.83 13.86 13.88 13.88 13.87 13.88 13.88 13.87 13.89 13.87 12.95 13.87 13.87 13.92 13.91 13.91 13.91 13.91 13.90 13.89 13.88 13.91 13.90 13.88 13.88 13.89 13.89 13.89 13.88 13.88 13.88 13.91 13.93 13.93 13.91 13.91 13.90 13.90 13.91 13.90 13.89 13.88 13.89 13.89 13.89 13.91 13.90 13.92 13.90 13.90 13.91 13.91 13.90 13.91 13.88 13.89 13.89 13.84 13.89 13.88 13.88 13.91 13.88 13.87 13.86 13.86 13.86 13.86
13.81 13.81 13.80 13.80 13.79 13.79 13.80 13.79 13.78 13.79 13.84 13.84 13.83 13.83 13.85 13.84 13.80 13.83 12.85 12.28 12.19 13.87 13.86 13.85 13.90 13.91 13.90 13.88 13.89 13.87 13.87 13.87 13.87 13.84 13.85 13.86 13.86 13.85 13.88 13.87 13.89 13.90 13.90 13.89 13.89 13.88 13.88 13.89 13.89 13.90 13.87 13.86 13.86 13.85 13.87 13.87 13.86 13.87 13.88 13.91 13.88 13.86 13.86 13.78 13.84 13.83 13.76 13.84 13.82 13.85 13.86 13.85 13.85 13.83 13.84 13.85 13.85
13.78 13.78 13.77 13.76 13.75 13.76 13.78 13.79 13.76 13.78 13.81 13.83 13.84 13.82 13.78 13.75 13.76 13.69 11.86 12.05 11.60 13.20 13.82 13.83 13.88 13.88 13.78 13.86 13.87 13.87 13.86 13.85 13.83 13.82 13.83 13.83 13.86 13.84 13.83 13.86 13.89 13.88 13.89 13.87 13.87 13.87 13.87 13.87 13.87 13.87 13.87 13.85 13.86 13.85 13.85 13.85 13.84 13.82 13.87 13.83 13.84 13.81 13.84 13.78 13.83 13.77 13.78 13.80 13.84 13.78 13.82 13.79 13.83 13.83 13.84 13.84 13.83
