files/bom_datasets/05.22.18.txt
ncols 839
nrows 679
xllcenter 112.0500
yllcenter -43.9500
cellsize 0.0500
nodata_value 99999.90
[rows 306 to 339 of 679, columns 693 to 769 of 839]
15.02 15.36 15.40 15.59 15.83 15.88 15.84 15.71 15.66 15.60 15.77 15.82 15.62 15.54 15.85 15.87 15.87 15.87 15.86 15.86 15.87 15.88 15.86 15.85 15.85 15.85 15.84 15.84 15.79 15.75 15.73 15.61 15.75 15.84 15.83 15.84 15.84 15.84 15.85 15.84 15.85 15.84 15.67 15.65 15.66 15.85 15.85 15.85 15.85 15.86 15.85 15.84 15.85 15.85 15.86 15.86 15.84 15.78 15.62 15.73 15.77 15.74 15.86 15.85 15.88 15.86 15.85 15.84 15.84 15.86 15.85 15.80 15.86 15.87 15.85 15.86 15.86
15.08 15.20 15.39 15.47 15.68 15.85 15.78 15.71 15.72 15.67 15.65 15.83 15.74 15.70 15.82 15.83 15.85 15.86 15.84 15.85 15.86 15.85 15.84 15.83 15.83 15.83 15.83 15.79 15.75 15.58 15.65 15.49 15.71 15.82 15.75 15.74 15.78 15.82 15.83 15.80 15.66 15.80 15.68 15.60 15.32 15.80 15.82 15.82 15.82 15.82 15.82 15.82 15.83 15.83 15.84 15.84 15.73 15.64 15.77 15.73 15.71 15.68 15.74 15.82 15.83 15.82 15.63 15.60 15.74 15.83 15.84 15.84 15.84 15.85 15.84 15.84 15.84
15.16 15.22 15.01 15.34 15.55 15.72 15.75 15.79 15.76 15.68 15.71 15.78 15.66 15.68 15.69 15.72 15.81 15.83 15.82 15.81 15.82 15.81 15.81 15.81 15.80 15.80 15.78 15.65 15.71 15.41 15.62 15.51 15.28 15.71 15.79 15.79 15.79 15.81 15.81 15.78 15.76 15.80 15.76 15.41 15.27 15.76 15.80 15.80 15.80 15.80 15.80 15.81 15.80 15.81 15.81 15.80 15.48 15.46 15.42 15.72 15.74 15.65 15.65 15.65 15.71 15.78 15.68 15.69 15.81 15.81 15.82 15.82 15.82 15.83 15.83 15.83 15.82
15.20 15.26 15.28 15.17 15.41 15.70 15.81 15.82 15.81 15.77 15.79 15.80 15.74 15.78 15.80 15.80 15.80 15.80 15.79 15.80 15.80 15.79 15.78 15.78 15.78 15.78 15.60 15.62 15.68 15.46 15.60 15.71 15.46 15.77 15.78 15.78 15.79 15.78 15.78 15.79 15.78 15.78 15.79 15.79 15.77 15.78 15.78 15.79 15.79 15.78 15.78 15.79 15.79 15.79 15.79 15.65 15.52 15.49 15.54 15.78 15.75 15.76 15.77 15.67 15.55 15.67 15.79 15.71 15.69 15.71 15.79 15.80 15.80 15.80 15.80 15.80 15.81
15.18 15.41 15.65 15.42 15.46 15.74 15.72 15.77 15.77 15.65 15.76 15.78 15.77 15.77 15.77 15.78 15.77 15.76 15.77 15.76 15.72 15.72 15.76 15.76 15.76 15.76 15.73 15.62 15.69 15.62 15.70 15.76 15.47 15.56 15.74 15.76 15.77 15.77 15.77 15.77 15.75 15.71 15.73 15.75 15.75 15.75 15.75 15.76 15.76 15.76 15.75 15.76 15.76 15.73 15.52 15.39 15.30 15.17 15.38 15.66 15.47 15.54 15.67 15.65 15.59 15.67 15.74 15.60 15.71 15.75 15.73 15.77 15.78 15.78 15.78 15.75 15.76
15.36 15.51 15.64 15.66 15.72 15.74 15.75 15.76 15.75 15.66 15.70 15.71 15.74 15.75 15.75 15.75 15.75 15.75 15.75 15.71 15.72 15.70 15.69 15.73 15.73 15.73 15.70 15.63 15.71 15.67 15.68 15.51 15.28 15.18 15.43 15.74 15.74 15.75 15.75 15.75 15.74 15.67 15.62 15.70 15.73 15.73 15.74 15.74 15.74 15.73 15.74 15.73 15.73 15.72 15.42 15.31 15.25 15.40 15.39 15.49 15.50 15.59 15.72 15.77 15.70 15.59 15.59 15.55 15.70 15.73 15.73 15.67 15.62 15.58 15.60 15.74 15.75
15.52 15.57 15.54 15.63 15.59 15.71 15.67 15.72 15.73 15.74 15.70 15.54 15.60 15.69 15.72 15.74 15.73 15.73 15.72 15.71 15.72 15.71 15.73 15.73 15.72 15.72 15.72 15.69 15.71 15.55 15.19 15.06 15.04 15.02 15.41 15.53 15.61 15.71 15.71 15.71 15.71 15.66 15.63 15.57 15.62 15.67 15.72 15.72 15.72 15.59 15.72 15.72 15.72 15.71 15.33 15.29 15.17 15.53 15.57 15.51 15.39 15.57 15.75 15.67 15.54 15.49 15.39 15.63 15.70 15.73 15.73 15.68 15.42 15.45 15.64 15.68 15.70
15.59 15.42 15.49 15.63 15.65 15.60 15.60 15.69 15.70 15.71 15.69 15.44 15.30 15.52 15.65 15.70 15.71 15.69 15.70 15.70 15.70 15.71 15.70 15.70 15.70 15.70 15.72 15.70 15.55 15.07 14.96 14.62 14.79 14.97 15.07 15.39 15.58 15.65 15.68 15.42 15.44 15.55 15.45 15.48 15.57 15.66 15.69 15.69 15.69 15.64 15.60 15.68 15.67 15.37 15.22 15.46 15.25 15.48 15.62 15.65 15.53 15.49 15.66 15.70 15.71 15.53 15.37 15.37 15.65 15.69 15.72 15.72 15.62 15.67 15.67 15.62 15.69
15.33 15.42 15.54 15.69 15.61 15.57 15.58 15.49 15.67 15.68 15.63 15.38 15.39 15.58 15.69 15.68 15.68 15.68 15.68 15.67 15.69 15.65 15.61 15.69 15.66 15.66 15.68 15.63 15.06 15.04 14.71 15.52 15.59 15.13 15.22 15.23 15.23 15.41 15.51 15.53 15.47 15.50 15.56 15.28 15.51 15.64 15.60 15.43 15.32 15.40 15.65 15.66 15.43 15.40 15.36 15.38 15.32 15.45 15.60 15.59 15.47 15.43 15.57 15.72 15.69 15.68 15.48 15.47 15.60 15.63 15.67 15.70 15.68 15.71 15.68 15.64 15.63
15.25 15.41 15.57 15.67 15.54 15.56 15.51 15.49 15.64 15.67 15.66 15.45 15.41 15.40 15.51 15.65 15.66 15.66 15.66 15.66 15.66 15.63 15.51 15.61 15.60 15.61 15.60 15.37 15.17 15.04 14.95 15.34 15.32 15.22 15.25 15.04 15.03 14.90 15.25 15.24 15.25 15.27 15.43 15.43 15.37 15.65 15.66 15.65 15.65 15.63 15.59 15.42 15.20 15.38 15.35 15.41 15.36 15.48 15.56 15.47 15.42 15.46 15.53 15.69 15.70 15.58 15.44 15.51 15.54 15.50 15.58 15.62 15.64 15.58 15.59 15.61 15.61
15.21 15.43 15.62 15.61 15.53 15.58 15.56 15.65 15.60 15.61 15.62 15.54 15.21 15.07 15.32 15.40 15.33 15.24 15.49 15.57 15.62 15.47 15.31 15.30 15.28 15.53 15.40 15.35 15.31 15.27 14.80 15.26 15.54 15.31 15.11 14.97 15.09 15.02 14.96 15.19 15.24 15.15 15.37 15.31 15.26 15.59 15.62 15.62 15.63 15.60 15.55 15.55 15.12 15.27 15.21 15.14 15.28 15.25 15.48 15.41 15.43 15.54 15.64 15.66 15.62 15.61 15.37 15.51 15.51 15.36 15.62 15.59 15.65 15.60 15.50 15.50 15.60
15.28 15.43 15.51 15.63 15.60 15.37 15.33 15.45 15.43 15.58 15.61 15.59 15.22 15.12 15.41 15.46 14.95 15.06 15.17 14.98 15.20 15.11 15.34 15.41 15.45 15.48 15.31 15.11 15.25 15.13 14.68 15.28 15.34 15.19 15.19 15.09 15.09 15.08 14.93 14.99 15.26 15.24 15.13 15.29 15.17 15.55 15.56 15.57 15.57 15.59 15.58 15.59 15.22 15.18 15.25 15.32 15.29 15.34 15.41 15.36 15.29 15.55 15.61 15.61 15.60 15.48 15.40 15.39 15.60 15.62 15.64 15.62 15.62 15.52 15.52 15.47 15.57
15.25 15.29 15.41 15.60 15.43 15.16 15.30 15.43 15.47 15.50 15.60 15.60 15.10 15.19 15.44 15.12 15.26 15.34 15.37 15.33 15.15 15.08 15.29 15.46 15.53 15.42 15.26 14.85 14.66 14.80 14.69 15.32 15.37 14.98 15.01 15.00 15.02 15.10 15.06 15.07 15.13 15.05 14.88 14.95 14.97 15.33 15.21 15.23 15.51 15.55 15.40 15.24 15.07 15.27 15.49 15.24 15.09 15.39 15.40 15.35 15.48 15.42 15.46 15.58 15.59 15.55 15.54 15.60 15.61 15.62 15.63 15.62 15.52 15.54 15.52 15.57 15.58
15.37 15.33 15.43 15.53 15.14 15.24 15.34 15.52 15.46 15.46 15.56 15.56 15.24 15.32 15.46 15.33 15.54 15.52 15.53 15.30 15.28 15.19 15.49 15.56 15.52 15.49 15.31 15.08 15.15 15.26 14.88 15.29 15.11 14.99 14.86 14.83 14.95 15.19 15.23 15.27 15.02 15.02 15.07 15.05 15.12 15.12 15.09 15.33 15.39 15.49 15.31 15.26 15.21 15.33 15.28 15.29 14.99 15.10 15.34 15.42 15.44 15.33 15.49 15.56 15.53 15.56 15.60 15.59 15.62 15.60 15.60 15.60 15.56 15.57 15.53 15.56 15.57
15.41 15.42 15.45 15.22 15.24 15.35 15.45 15.41 15.36 15.25 15.48 15.55 15.54 15.31 15.28 15.40 15.55 15.56 15.55 15.53 15.47 15.39 15.42 15.49 15.46 15.44 15.48 15.41 15.41 15.28 15.21 15.36 14.86 14.74 15.07 14.93 14.90 15.13 15.28 15.33 15.17 15.12 15.16 15.18 15.20 15.39 15.31 15.15 15.11 15.19 15.35 15.29 15.25 15.25 15.27 15.34 15.33 15.13 15.36 15.38 15.31 15.31 15.46 15.43 15.57 15.53 15.52 15.59 15.60 15.61 15.59 15.56 15.55 15.55 15.55 15.52 15.55
15.33 15.54 15.54 15.34 15.48 15.11 15.34 15.31 15.45 15.50 15.54 15.54 15.55 15.54 15.43 15.49 15.53 15.53 15.52 15.52 15.52 15.51 15.51 15.48 15.51 15.49 15.40 15.49 15.42 15.39 15.44 15.35 15.29 15.04 15.00 15.09 15.12 15.26 15.31 15.38 15.21 15.11 15.14 15.07 15.14 15.08 14.96 15.11 15.16 15.16 15.21 15.19 15.25 15.27 15.22 15.35 15.31 15.16 15.23 15.17 15.16 15.36 15.47 15.45 15.47 15.52 15.55 15.59 15.58 15.57 15.56 15.55 15.53 15.52 15.52 15.52 15.54
15.19 15.53 15.54 15.34 15.24 15.22 15.28 15.33 15.44 15.45 15.52 15.52 15.51 15.50 15.49 15.49 15.50 15.50 15.49 15.50 15.49 15.48 15.50 15.47 15.37 15.36 15.10 15.43 15.47 15.22 15.44 15.40 15.26 15.03 15.01 15.01 15.07 15.25 15.34 15.22 15.09 15.12 15.05 15.19 15.21 15.27 15.27 15.20 15.18 15.22 15.16 15.26 15.26 15.29 15.31 15.32 15.30 15.15 15.23 15.28 15.20 15.08 15.24 15.40 15.24 15.40 15.52 15.56 15.56 15.55 15.51 15.49 15.50 15.49 15.49 15.50 15.49
15.33 15.47 15.51 15.08 15.10 15.50 15.43 15.31 15.35 15.26 15.36 15.49 15.50 15.49 15.47 15.48 15.48 15.49 15.48 15.48 15.47 15.48 15.45 15.42 15.43 15.26 15.15 15.46 15.47 15.36 15.29 15.37 15.38 14.92 15.16 15.17 15.23 15.47 15.28 15.20 15.16 15.06 15.05 15.30 15.36 15.39 15.34 15.34 15.34 15.20 15.23 15.46 15.41 15.25 15.31 15.42 15.39 15.21 15.19 15.12 15.34 15.27 15.06 15.22 15.19 15.31 15.45 15.51 15.53 15.52 15.48 15.42 15.49 15.48 15.47 15.47 15.47
15.41 15.50 15.38 15.13 15.29 15.38 15.30 14.96 15.07 15.23 15.15 15.02 15.37 15.47 15.46 15.46 15.38 15.45 15.45 15.47 15.47 15.47 15.48 15.45 15.23 15.20 15.37 15.43 15.35 15.45 15.43 15.43 15.29 14.85 14.99 15.09 15.11 15.01 15.12 15.20 15.28 15.31 15.41 15.41 15.38 15.46 15.38 15.39 15.38 15.52 15.34 15.31 15.32 15.17 15.31 15.41 15.33 15.24 15.25 15.15 15.22 15.19 15.12 15.05 15.13 15.17 15.21 15.35 15.39 15.47 15.46 15.46 15.46 15.45 15.44 15.44 15.45
15.48 15.50 15.40 15.18 15.25 15.40 15.43 15.13 15.01 15.32 15.23 15.01 14.95 15.34 15.43 15.32 14.91 15.16 15.07 15.29 15.44 15.45 15.45 15.47 15.32 15.27 15.29 15.05 14.75 15.26 15.00 15.33 14.87 14.78 14.89 14.98 14.89 15.10 15.06 15.03 15.20 15.37 15.31 15.36 15.26 15.26 15.31 15.41 15.43 15.30 15.33 15.40 15.29 15.23 15.23 15.28 15.39 15.01 14.93 15.14 15.34 15.13 15.11 15.16 15.22 15.39 15.27 15.28 15.34 15.37 15.44 15.44 15.43 15.43 15.43 15.42 15.44
15.48 15.48 15.45 15.37 15.18 15.23 15.32 15.43 15.36 15.29 15.28 15.21 15.36 15.42 15.19 15.01 14.85 14.83 15.09 14.98 15.05 15.20 15.36 15.38 15.29 15.37 15.25 14.66 14.66 14.75 14.86 14.66 14.48 14.47 14.67 14.73 14.78 14.93 15.05 15.06 14.87 15.21 15.31 15.35 15.24 15.25 15.10 15.20 15.36 15.32 15.28 15.08 15.06 15.20 15.16 15.37 15.37 15.24 15.28 15.32 15.35 15.30 15.27 15.22 15.31 15.26 15.34 15.29 15.38 15.41 15.42 15.41 15.40 15.41 15.41 15.43 15.42
15.45 15.44 15.45 15.43 15.37 15.03 15.33 15.43 15.40 15.33 15.32 15.27 15.36 15.18 15.03 15.04 14.95 14.90 14.83 14.90 15.13 15.18 15.27 14.89 14.92 15.17 14.82 14.71 14.77 14.77 14.52 14.82 14.81 14.62 14.56 14.58 14.45 14.49 14.67 14.78 14.71 14.87 15.15 15.20 15.18 15.02 15.16 15.22 15.15 15.18 15.24 15.15 15.24 15.34 15.35 15.36 15.38 15.28 15.19 15.35 15.28 15.32 15.36 15.27 15.37 15.39 15.31 15.37 15.39 15.38 15.38 15.38 15.38 15.38 15.41 15.41 15.41
15.44 15.42 15.41 15.42 15.43 15.40 15.44 15.42 15.39 15.31 15.25 15.12 15.32 14.83 14.81 15.12 15.07 14.95 15.06 15.13 15.05 15.07 15.17 14.86 14.80 14.94 14.55 14.47 14.67 14.63 14.73 14.52 14.81 14.56 14.43 14.51 14.66 14.61 14.52 14.87 14.68 14.69 14.96 14.86 15.06 15.23 15.26 15.32 15.31 15.22 15.33 15.31 15.07 15.02 15.30 15.31 15.31 15.24 15.16 15.17 15.28 15.33 15.35 15.34 15.37 15.37 15.37 15.37 15.37 15.37 15.37 15.37 15.37 15.37 15.39 15.39 15.39
15.41 15.39 15.41 15.40 15.40 15.39 15.39 15.38 15.36 15.17 15.20 15.10 15.22 15.07 15.01 15.00 14.93 15.23 15.37 15.30 15.13 15.00 14.99 14.86 14.68 14.88 14.92 14.71 14.63 14.47 14.56 14.56 14.32 14.24 14.43 14.47 14.54 14.54 14.91 15.01 14.80 14.42 14.51 14.43 14.66 15.08 15.07 15.22 15.30 15.27 15.23 15.26 15.15 15.20 15.27 15.36 15.40 15.29 15.30 15.14 15.27 15.24 15.19 15.21 15.23 15.25 15.34 15.35 15.32 15.34 15.35 15.36 15.36 15.38 15.38 15.37 15.37
15.38 15.37 15.37 15.37 15.37 15.38 15.32 15.32 15.30 15.10 15.07 15.26 14.94 14.93 14.95 15.31 15.04 15.34 15.35 15.35 15.33 15.26 15.32 15.17 15.03 14.95 14.74 14.66 14.65 14.56 14.54 15.37 14.32 14.06 14.25 14.83 14.87 14.88 15.01 14.77 14.56 14.45 14.35 14.30 14.68 14.88 14.97 15.08 15.07 15.10 15.24 15.31 15.34 15.29 15.10 14.95 15.33 15.26 15.28 15.24 15.11 15.01 15.00 14.94 14.90 15.18 15.26 15.31 15.32 15.30 15.33 15.33 15.33 15.36 15.37 15.35 15.37
15.35 15.36 15.37 15.37 15.37 15.34 15.35 15.33 15.14 14.94 14.91 14.87 14.77 14.70 14.92 15.34 15.03 15.14 15.29 15.32 15.30 15.32 15.30 15.26 15.20 15.15 15.20 14.80 14.74 14.50 14.21 14.12 14.42 14.56 14.87 15.24 14.76 14.98 15.10 15.05 14.28 14.33 14.78 14.65 14.87 14.94 14.85 15.01 15.07 14.90 15.00 15.16 15.17 15.16 15.13 15.07 15.30 15.27 15.09 15.23 15.08 15.32 15.07 15.13 14.94 15.07 15.08 15.27 15.29 15.28 15.30 15.30 15.32 15.34 15.34 15.24 15.32
15.35 15.36 15.35 15.35 15.36 15.35 15.35 15.34 15.14 15.00 14.90 15.05 14.95 14.94 15.30 15.31 15.23 15.18 15.31 15.29 15.29 15.19 15.17 15.05 15.07 15.09 14.96 14.83 14.89 14.94 14.58 14.45 14.62 14.87 15.01 14.79 15.07 15.04 15.03 14.87 14.88 14.42 14.58 14.66 14.85 14.82 14.79 15.10 14.74 14.71 14.79 15.31 15.11 15.25 15.20 15.28 15.27 15.24 15.15 15.18 15.26 15.18 15.17 15.02 15.23 15.37 15.15 15.18 15.27 15.29 15.26 15.23 15.31 15.36 15.33 15.22 15.26
15.32 15.32 15.32 15.31 15.32 15.30 15.33 15.30 15.29 15.08 15.05 15.21 15.18 15.03 15.29 15.28 15.27 15.28 15.31 15.29 15.26 15.26 15.11 15.06 15.14 15.12 15.11 14.98 14.91 14.96 14.98 15.09 15.15 14.95 14.89 14.71 14.49 14.93 15.21 14.95 14.52 14.31 14.52 14.53 14.70 14.55 14.89 15.31 15.10 14.88 14.92 15.29 15.16 15.21 15.26 15.25 15.25 15.26 15.20 14.81 15.08 15.07 15.04 14.99 15.22 15.21 15.18 15.05 15.23 15.26 15.23 15.28 15.30 15.31 15.22 15.28 15.31
15.30 15.31 15.31 15.32 15.31 15.31 15.26 15.06 15.27 15.27 15.24 15.10 15.23 15.28 15.29 15.26 15.26 15.22 15.25 15.28 15.25 15.18 15.21 15.27 15.25 15.24 15.15 14.94 15.00 15.03 15.04 14.99 15.00 14.85 14.64 14.71 14.54 15.00 14.96 15.08 14.68 14.50 14.57 14.86 14.70 14.64 14.97 15.27 15.21 14.79 14.77 15.13 15.21 15.24 15.21 15.03 15.21 15.23 15.20 14.53 14.44 14.74 14.78 14.94 15.08 15.19 15.21 15.11 14.82 15.16 15.06 15.09 15.24 15.22 15.25 15.31 15.29
15.30 15.28 15.28 15.30 15.23 15.30 15.29 15.29 15.30 15.28 15.27 15.26 15.25 15.27 15.26 15.21 15.27 15.27 15.28 15.20 15.19 15.11 15.12 15.23 15.21 15.18 15.09 15.17 15.04 14.94 14.85 14.90 14.99 14.69 14.74 14.91 15.01 14.87 14.74 15.08 15.01 14.61 14.49 14.62 14.55 14.64 14.72 14.86 15.12 15.19 14.79 15.11 15.12 15.10 14.78 14.88 15.17 15.21 15.20 15.13 14.56 14.71 14.83 15.07 15.14 15.16 15.04 15.09 14.92 15.14 15.17 15.13 15.31 15.31 15.29 15.28 15.26
15.23 15.23 15.24 15.24 15.23 15.26 15.26 15.29 15.28 15.25 15.27 15.24 15.25 15.25 15.18 15.04 15.18 15.24 15.25 15.14 15.21 15.20 15.18 15.23 15.22 15.22 15.16 15.08 15.01 14.78 14.66 14.80 15.00 14.76 14.79 14.89 14.77 14.65 14.54 14.76 14.98 14.57 14.61 14.74 14.80 14.76 14.82 14.83 14.91 14.91 14.99 14.99 15.07 14.58 14.93 15.19 15.19 15.09 15.09 15.18 14.96 14.54 14.79 14.83 14.63 14.98 14.87 15.00 15.02 15.08 15.06 15.11 15.24 15.25 15.27 15.24 15.22
15.20 15.22 15.22 15.23 15.21 15.20 15.22 15.25 15.24 15.24 15.23 15.20 15.20 15.20 15.08 14.97 14.90 15.05 15.23 15.19 15.17 15.22 15.18 15.22 15.20 15.08 15.06 14.92 14.91 14.97 15.09 15.19 14.92 14.80 14.86 14.57 14.85 14.60 14.48 14.65 14.86 14.93 14.73 14.87 14.93 14.94 14.83 14.73 14.86 14.97 15.06 14.88 14.68 15.01 15.17 15.17 14.92 14.44 14.86 14.88 15.11 14.98 14.74 14.85 14.93 14.92 14.91 14.99 15.00 15.06 14.93 15.16 15.19 15.21 15.18 15.13 15.20
15.22 15.20 15.20 15.20 15.18 15.17 15.18 15.19 15.21 15.22 15.21 15.20 15.15 15.19 15.14 15.19 15.18 15.15 15.22 15.18 15.19 15.18 15.16 15.14 15.04 14.95 14.84 14.84 14.88 15.05 15.13 15.11 14.89 14.88 14.83 14.77 14.71 14.64 14.68 15.05 15.07 15.13 14.86 14.81 14.87 14.85 14.87 14.94 15.02 14.65 14.63 14.66 14.96 15.05 14.70 14.84 14.78 14.45 14.82 15.24 15.20 15.13 14.87 14.73 15.09 15.22 14.97 14.72 15.12 15.07 15.12 15.17 15.17 15.16 15.07 15.12 15.20
15.17 15.16 15.18 15.18 15.17 15.16 15.15 15.17 15.20 15.20 15.19 15.18 15.18 15.10 15.16 15.19 15.21 15.19 15.18 15.14 15.18 14.98 15.12 15.02 15.08 15.02 15.01 15.02 14.95 14.90 15.06 15.11 15.11 15.12 14.87 14.59 14.82 14.88 14.91 15.01 15.09 15.05 14.90 14.75 14.93 15.12 15.09 14.96 14.81 14.61 14.50 14.72 15.07 14.88 14.86 14.88 15.13 14.61 14.57 15.00 15.17 15.10 15.00 15.22 14.81 14.87 15.01 15.11 14.92 15.12 15.05 15.15 15.14 15.16 15.13 15.15 15.18
