files/bom_datasets/05.20.18.txt
ncols 839
nrows 679
xllcenter 112.0500
yllcenter -43.9500
cellsize 0.0500
nodata_value 99999.90
[rows 340 to 373 of 679, columns 462 to 538 of 839]
15.34 15.34 15.34 15.42 15.42 15.44 15.42 15.44 15.42 15.39 15.39 15.41 15.39 15.35 15.38 15.41 15.43 15.40 15.36 15.41 15.40 15.36 15.39 15.35 15.35 15.38 15.38 15.39 15.40 15.41 15.40 15.40 15.39 15.41 15.41 15.37 15.42 15.40 15.36 15.20 15.24 14.11 15.20 14.80 14.32 15.27 15.25 15.32 15.40 15.25 15.45 15.41 15.42 15.41 15.00 15.00 14.77 15.22 15.28 15.44 15.52 15.52 15.52 15.49 15.49 15.48 15.49 15.49 15.48 15.38 15.48 15.45 15.47 15.52 15.48 15.43 15.42
15.34 15.35 15.36 15.38 15.38 15.39 15.36 15.41 15.39 15.36 15.38 15.38 15.37 15.36 15.35 15.36 15.37 15.38 15.37 15.39 15.39 15.39 15.36 15.35 15.33 15.37 15.35 15.37 15.36 15.41 15.35 15.41 15.38 15.39 15.33 15.38 15.40 15.37 15.37 14.77 15.22 14.67 15.10 15.18 15.03 15.26 15.34 15.37 15.38 15.39 15.37 15.35 15.36 15.37 15.22 15.20 15.16 14.96 15.13 15.30 15.48 15.44 15.50 15.47 15.46 15.47 15.49 15.46 15.47 15.41 15.37 15.46 15.51 15.48 15.41 15.41 15.41
15.34 15.37 15.37 15.37 15.37 15.37 15.35 15.35 15.37 15.37 15.38 15.35 15.37 15.34 15.34 15.35 15.33 15.30 15.25 15.31 15.34 15.35 15.33 15.35 15.32 15.33 15.32 15.32 15.34 15.37 15.36 15.37 15.35 15.36 15.29 15.35 15.25 15.22 15.37 15.30 15.19 15.27 14.73 15.30 15.30 15.05 14.70 15.30 15.35 15.36 15.36 15.33 15.32 15.24 15.29 15.42 15.41 15.38 15.23 15.23 15.12 15.42 15.44 15.41 15.43 15.40 15.41 15.40 15.38 15.36 15.46 15.45 15.49 15.42 15.40 15.37 15.38
15.33 15.35 15.35 15.35 15.34 15.34 15.35 15.33 15.33 15.35 15.36 15.35 15.32 15.35 15.34 15.32 15.31 15.33 15.27 15.27 15.33 15.34 15.35 15.34 15.33 15.34 15.30 15.33 15.31 15.32 15.32 15.36 15.35 15.33 15.33 15.29 15.26 15.28 15.32 15.34 15.38 15.37 15.13 15.11 15.22 15.22 15.11 15.22 15.28 15.32 15.36 15.36 15.28 15.33 15.06 15.37 15.38 15.36 15.37 15.34 15.25 15.30 15.25 15.34 15.43 15.36 15.37 15.45 15.42 15.40 15.42 15.43 15.44 15.39 15.42 15.37 15.39
15.34 15.35 15.33 15.33 15.34 15.32 15.33 15.37 15.35 15.33 15.33 15.32 15.29 15.30 15.31 15.29 15.30 15.30 15.30 15.28 15.28 15.28 15.32 15.31 15.30 15.30 15.28 15.27 15.28 15.31 15.34 15.33 15.33 15.36 15.36 15.32 15.23 15.09 15.30 15.10 15.23 15.22 15.28 15.26 15.07 15.07 15.20 15.25 15.15 15.37 15.11 14.78 15.03 15.33 15.30 15.14 15.15 15.27 15.32 15.32 15.32 15.28 15.36 15.33 15.39 15.36 15.38 15.43 15.42 15.41 15.41 15.40 15.37 15.37 15.35 15.39 15.35
15.34 15.34 15.34 15.30 15.30 15.29 15.30 15.29 15.30 15.29 15.31 15.30 15.30 15.29 15.29 15.29 15.30 15.28 15.29 15.30 15.29 15.27 15.27 15.28 15.30 15.29 15.29 15.28 15.25 15.29 15.33 15.34 15.33 15.32 15.35 15.33 15.22 15.24 15.13 15.03 14.54 15.19 15.16 15.29 15.27 15.18 15.13 15.30 15.12 15.29 15.33 14.84 14.26 15.28 15.23 15.21 15.06 14.78 15.31 15.25 15.17 15.04 15.12 15.17 15.29 15.41 15.41 15.40 15.39 15.36 15.36 15.29 15.37 15.37 15.36 15.36 15.35
15.30 15.29 15.31 15.27 15.29 15.26 15.29 15.27 15.27 15.27 15.29 15.28 15.29 15.28 15.27 15.26 15.27 15.26 15.28 15.27 15.28 15.27 15.27 15.27 15.27 15.28 15.27 15.28 15.27 15.28 15.29 15.32 15.32 15.32 15.33 15.32 15.29 15.27 15.13 15.30 15.26 15.06 15.19 15.23 15.29 15.29 15.16 15.21 15.25 15.27 15.26 15.29 15.25 15.08 15.07 15.25 15.27 15.06 15.24 15.33 14.66 15.00 15.24 15.17 15.33 15.39 15.40 15.39 15.35 15.33 15.31 15.30 15.32 15.35 15.34 15.31 15.32
15.26 15.27 15.28 15.28 15.30 15.26 15.27 15.25 15.26 15.26 15.27 15.26 15.25 15.26 15.25 15.25 15.24 15.26 15.25 15.25 15.25 15.25 15.25 15.25 15.25 15.25 15.25 15.25 15.25 15.27 15.27 15.28 15.29 15.29 15.30 15.30 15.31 15.29 14.98 15.30 15.21 15.03 14.99 15.29 14.79 14.38 14.66 15.16 15.22 15.12 15.08 14.93 15.30 14.92 14.30 15.17 15.29 15.30 15.31 15.21 15.30 15.11 15.24 15.29 15.32 15.39 15.36 15.32 15.33 15.32 15.29 15.27 15.30 15.31 15.33 15.32 15.33
15.25 15.25 15.25 15.23 15.27 15.25 15.25 15.24 15.23 15.22 15.22 15.23 15.22 15.23 15.24 15.24 15.22 15.22 15.23 15.23 15.22 15.21 15.23 15.25 15.24 15.23 15.24 15.24 15.24 15.22 15.25 15.27 15.27 15.26 15.26 15.29 15.29 15.30 15.29 15.28 15.29 15.20 14.99 14.91 15.06 15.28 15.12 15.26 15.17 15.11 15.22 14.55 15.00 15.01 15.25 14.89 14.79 14.32 15.09 15.27 15.33 15.31 15.22 15.27 15.30 15.33 15.35 15.31 15.29 15.31 15.31 15.25 15.26 15.27 15.30 15.30 15.30
15.22 15.21 15.22 15.22 15.22 15.21 15.22 15.21 15.23 15.21 15.21 15.20 15.17 15.21 15.19 15.23 15.21 15.20 15.20 15.20 15.20 15.21 15.21 15.21 15.20 15.21 15.22 15.21 15.21 15.24 15.18 15.26 15.24 15.24 15.22 15.26 15.26 15.26 15.26 15.28 15.24 15.30 15.31 15.31 15.30 15.33 15.13 15.06 15.13 15.22 15.10 15.12 15.05 14.90 15.14 15.17 15.01 14.94 15.17 15.23 15.25 15.33 15.29 15.16 15.12 15.26 15.29 15.32 15.31 15.30 15.28 15.25 15.24 15.23 15.26 15.24 15.23
15.20 15.19 15.19 15.18 15.20 15.17 15.16 15.18 15.22 15.19 15.18 15.20 15.19 15.19 15.18 15.18 15.20 15.20 15.19 15.19 15.19 15.19 15.18 15.19 15.20 15.20 15.21 15.21 15.19 15.19 15.19 15.15 15.22 15.23 15.21 15.20 15.24 15.21 15.24 15.26 15.26 15.28 15.29 15.23 15.13 15.23 15.23 15.14 15.16 15.20 15.00 15.22 15.23 15.13 14.97 15.22 15.20 14.99 15.22 15.21 15.27 15.26 15.31 15.22 15.21 15.22 15.25 15.26 15.24 15.24 15.25 15.24 15.22 15.22 15.22 15.24 15.21
15.16 15.17 15.17 15.17 15.17 15.16 15.13 15.15 15.19 15.17 15.16 15.18 15.16 15.16 15.17 15.16 15.16 15.18 15.17 15.17 15.17 15.17 15.18 15.16 15.15 15.13 15.05 15.13 15.18 15.19 15.17 15.13 15.12 15.18 15.10 15.19 15.23 15.17 15.21 15.26 15.26 15.27 15.17 15.19 15.26 15.17 15.23 15.21 15.23 14.96 14.92 15.09 15.12 15.25 15.07 14.94 15.10 15.05 15.08 15.18 15.13 15.18 15.22 15.23 15.22 15.11 15.19 15.24 15.21 15.25 15.20 15.22 15.23 15.21 15.21 15.21 15.19
15.15 15.16 15.15 15.11 15.12 15.14 15.13 15.12 15.14 15.14 15.15 15.17 15.16 15.15 15.15 15.15 15.14 15.14 15.14 15.15 15.14 15.15 15.15 15.14 15.14 15.14 15.14 15.14 15.12 15.13 15.13 15.12 15.14 15.15 15.21 15.00 14.81 15.17 15.25 15.25 15.26 15.27 15.26 15.28 15.26 15.26 15.23 15.23 15.21 15.18 15.12 15.03 15.14 15.12 15.01 15.05 14.79 15.03 15.12 15.11 15.08 15.17 15.24 15.17 15.14 14.94 15.18 15.06 15.20 15.16 15.14 15.14 15.17 15.18 15.19 15.19 15.20
15.15 15.13 15.13 15.10 15.11 15.11 15.13 15.11 15.11 15.10 15.14 15.15 15.13 15.13 15.13 15.13 15.13 15.12 15.10 15.11 15.11 15.11 15.12 15.11 15.11 15.10 15.12 15.12 15.12 15.13 15.13 15.15 15.14 15.15 15.16 14.84 15.03 15.19 15.11 15.14 15.17 15.22 15.17 15.18 15.17 15.23 15.21 15.21 15.12 15.00 15.07 15.14 14.95 14.99 15.15 15.03 15.03 15.03 15.05 15.18 15.07 15.16 15.16 15.18 15.09 15.01 15.16 15.14 15.17 15.11 15.12 15.12 15.18 15.13 15.16 15.17 15.16
15.11 15.13 15.14 15.13 15.11 15.10 15.11 15.12 15.12 15.11 15.13 15.12 15.12 15.13 15.11 15.11 15.10 15.10 15.08 15.08 15.09 15.08 15.08 15.08 15.08 15.07 15.08 15.09 15.10 15.12 15.12 15.12 15.12 15.10 15.13 15.13 15.18 15.16 15.17 15.17 15.17 15.18 15.06 14.95 15.03 15.22 15.22 15.20 15.03 15.07 15.02 15.00 15.05 15.09 14.99 15.12 15.05 15.14 15.17 15.09 15.12 15.15 15.10 15.17 15.16 15.05 14.99 15.08 15.14 15.15 15.10 15.13 15.14 15.16 15.15 15.15 15.15
15.12 15.11 15.11 15.11 15.09 15.09 15.10 15.11 15.09 15.09 15.11 15.09 15.09 15.10 15.08 15.08 15.07 15.07 15.06 15.06 15.06 15.06 15.05 15.06 15.04 15.05 15.07 15.09 15.10 15.10 15.09 15.08 15.05 15.08 15.11 15.14 15.14 15.13 15.15 14.93 15.17 15.17 15.20 15.22 15.19 15.21 15.20 15.18 15.18 15.13 14.97 15.06 15.06 15.09 14.59 15.00 15.14 15.09 15.09 15.07 15.11 15.05 15.04 15.02 15.07 15.10 15.08 15.08 15.04 15.15 15.03 15.10 15.11 15.11 15.13 15.12 15.10
15.08 15.08 15.05 15.06 15.07 15.09 15.10 15.09 15.08 15.07 15.10 15.10 15.08 15.07 15.06 15.05 15.04 15.04 15.07 15.04 15.05 15.06 15.04 15.04 15.04 15.04 15.03 15.07 15.05 15.03 14.97 14.93 15.05 15.06 15.04 15.05 15.05 14.93 14.81 15.12 15.21 15.22 15.20 15.21 15.19 15.19 15.17 15.16 15.15 15.10 15.07 14.98 14.81 15.11 15.06 14.94 14.89 15.03 15.14 15.14 15.13 15.04 14.79 15.05 14.97 15.13 15.04 15.01 15.05 15.07 15.05 15.03 15.07 15.11 15.10 15.11 15.11
15.06 15.04 15.05 15.03 15.06 15.07 15.08 15.08 15.06 15.08 15.05 15.06 15.04 15.05 15.04 15.04 15.00 15.00 14.97 15.03 15.04 15.05 15.04 15.04 15.02 15.01 15.02 15.00 15.03 15.01 14.98 14.99 14.85 14.75 15.03 14.57 13.90 14.10 14.30 14.78 15.16 15.19 15.14 15.03 15.16 15.16 15.15 15.15 15.13 15.11 15.06 14.95 14.90 15.03 14.89 14.79 14.90 15.03 15.15 14.91 15.01 14.98 14.89 14.85 14.99 15.02 14.90 14.93 15.06 15.01 15.07 15.05 15.08 15.09 15.07 15.11 15.12
15.06 15.06 15.08 15.07 15.06 15.08 15.07 15.05 15.06 15.06 15.06 15.05 15.02 14.99 15.02 15.00 14.99 15.01 14.97 15.03 15.03 14.99 15.02 15.01 15.03 15.02 15.01 15.04 14.95 14.97 14.83 15.02 14.94 14.77 14.47 14.33 14.27 13.99 14.31 15.03 15.17 14.65 15.05 15.14 15.07 15.15 15.16 15.12 15.13 15.12 15.11 15.06 14.70 14.72 15.08 14.93 14.83 14.83 14.92 14.80 14.70 15.05 14.88 14.84 14.78 14.83 14.90 14.98 14.93 15.00 15.09 15.07 15.08 15.07 15.05 15.10 15.09
15.02 15.02 15.04 15.03 15.02 15.03 15.05 15.03 15.02 15.03 15.03 15.02 15.04 15.00 14.99 14.88 14.98 14.94 14.98 14.96 15.02 14.97 14.98 15.00 14.99 15.01 15.03 14.96 14.95 14.90 14.89 14.88 14.75 14.81 14.30 14.09 14.43 14.10 14.32 14.35 14.36 14.51 14.30 14.30 14.80 15.11 15.15 15.01 15.11 15.08 15.09 15.09 15.05 14.72 14.38 14.47 14.83 14.70 14.99 14.36 14.87 14.88 14.82 14.70 14.86 14.86 14.71 14.72 14.95 14.91 15.00 15.04 15.02 15.06 15.04 15.08 15.07
15.02 15.02 15.02 15.01 15.03 15.00 15.01 15.00 15.00 15.02 15.04 15.00 15.01 14.98 14.97 14.89 14.86 14.91 14.91 14.93 14.94 14.90 15.00 14.99 14.92 14.97 14.95 14.92 14.94 14.80 14.94 14.84 14.91 14.81 14.76 14.93 14.38 13.81 14.00 14.11 14.60 14.49 14.73 14.84 14.76 14.87 15.14 15.03 15.03 15.08 15.07 15.05 15.07 14.98 14.78 14.37 14.51 14.82 14.75 14.13 14.61 14.41 14.80 14.32 14.69 14.68 14.78 14.90 14.94 15.01 14.96 14.98 14.99 15.01 15.02 15.06 15.03
15.02 15.02 15.03 15.02 15.01 15.01 15.00 15.00 15.00 14.99 14.96 14.95 15.00 14.96 14.92 14.84 14.86 14.91 14.95 14.97 14.97 14.93 14.87 14.91 14.97 14.79 14.81 14.92 14.81 14.84 14.76 14.78 14.73 14.77 14.69 14.85 14.42 13.48 13.55 13.82 13.97 14.73 14.68 14.78 15.01 14.70 14.99 15.00 14.68 15.01 15.07 15.06 15.07 15.01 15.01 14.98 14.91 14.73 14.64 14.66 14.78 14.73 14.40 14.37 14.58 14.93 14.90 14.96 14.81 14.82 14.85 14.94 15.01 15.00 15.02 15.03 15.02
14.98 15.00 15.01 15.00 14.99 14.95 14.91 14.95 14.90 14.95 14.75 14.94 14.95 14.90 14.86 14.85 14.76 14.84 14.81 14.90 14.96 14.95 14.85 14.90 14.97 14.89 14.59 14.94 14.76 14.72 14.76 14.70 14.51 14.62 14.77 14.44 13.77 12.95 12.75 13.49 13.53 13.19 14.03 14.33 14.61 14.61 14.42 14.61 14.94 14.67 14.49 14.65 14.45 14.42 14.99 15.02 14.91 14.94 14.75 14.89 14.75 14.54 14.81 14.82 14.66 14.65 14.57 14.84 14.80 14.63 14.92 15.00 15.01 14.98 14.99 15.00 15.00
14.94 14.95 14.96 14.95 14.95 14.96 14.95 14.86 14.73 14.91 14.86 14.95 14.87 14.89 14.87 14.88 14.63 14.92 14.90 14.86 14.82 14.81 14.91 14.84 14.79 14.76 14.92 14.83 14.83 14.78 14.71 14.70 14.79 14.45 14.53 14.72 14.41 13.23 13.07 13.49 13.81 13.22 12.60 13.13 13.88 14.26 13.99 14.17 14.27 14.11 14.99 14.89 14.81 14.94 14.85 15.00 14.97 14.93 14.98 14.77 14.73 14.86 14.70 14.65 14.68 14.47 14.78 14.78 14.86 14.88 14.72 14.92 14.99 14.96 14.99 14.98 14.97
14.91 14.93 14.93 14.91 14.91 14.92 14.90 14.75 14.82 14.97 14.94 14.84 14.80 14.83 14.83 14.84 14.58 14.78 14.83 14.82 14.75 14.78 14.75 14.82 14.76 14.76 14.83 14.83 14.86 14.72 14.78 14.68 14.44 14.34 14.49 14.72 14.83 13.84 13.31 13.93 14.03 13.30 13.02 13.44 14.15 14.03 13.85 13.91 14.12 14.26 14.98 14.98 14.98 14.92 14.90 14.90 15.01 14.96 14.96 14.87 14.48 14.78 14.75 14.61 14.60 14.82 14.71 14.75 14.73 14.84 14.91 14.75 14.94 14.90 14.97 14.96 14.92
14.89 14.89 14.90 14.90 14.90 14.89 14.83 14.63 14.76 15.00 14.87 14.73 14.92 14.85 14.70 14.66 14.55 14.48 14.66 14.83 14.71 14.78 14.75 14.67 14.74 14.73 14.87 14.74 14.76 14.74 14.69 14.57 14.53 14.45 14.68 14.74 14.80 13.95 13.69 14.14 14.15 13.23 12.91 13.40 14.19 14.07 13.93 13.74 14.42 14.39 14.48 14.73 14.84 14.93 14.97 14.88 14.10 14.28 14.86 14.68 14.87 14.42 14.55 14.58 14.69 14.65 14.31 14.35 14.58 14.75 14.83 14.89 14.86 14.88 14.92 14.88 14.89
14.89 14.90 14.86 14.86 14.85 14.86 14.78 14.88 14.88 14.84 14.80 14.75 14.87 14.61 14.74 14.69 14.59 14.28 14.70 14.63 14.55 14.40 14.57 14.49 14.59 14.57 14.65 14.77 14.78 14.40 14.61 14.57 14.28 14.35 14.50 14.81 14.82 13.89 13.57 14.20 14.35 12.78 12.64 12.42 12.86 13.16 13.33 13.84 14.03 14.54 14.29 14.39 14.06 14.72 14.75 14.70 14.52 14.54 13.13 13.70 14.65 14.90 14.89 14.68 14.69 14.47 14.77 14.66 14.70 14.64 14.81 14.80 14.69 14.91 14.88 14.83 14.89
14.87 14.83 14.84 14.86 14.86 14.86 14.83 14.84 14.79 14.81 14.76 14.89 14.64 14.63 14.58 14.66 14.41 14.27 14.57 14.67 14.65 14.32 14.53 14.63 14.42 14.34 14.38 14.57 14.49 14.55 14.66 14.10 14.26 14.30 14.19 14.69 14.87 13.92 13.21 12.83 14.48 12.99 12.37 12.66 12.12 12.70 13.87 13.99 14.00 14.47 14.72 14.84 14.63 14.68 14.76 14.39 14.70 14.53 14.64 14.27 14.69 14.35 14.46 14.18 14.49 14.84 14.51 14.54 14.49 14.56 14.61 14.65 14.90 14.90 14.87 14.88 14.90
14.83 14.81 14.83 14.83 14.83 14.84 14.88 14.76 14.62 14.87 14.77 14.73 14.39 14.60 14.59 14.57 14.39 14.52 13.97 14.53 14.09 14.56 14.35 14.29 14.22 14.22 14.24 14.19 13.88 14.31 14.38 14.33 14.14 14.04 14.16 14.37 14.57 13.59 13.33 13.85 14.56 13.75 13.58 12.96 12.97 12.56 13.28 13.76 13.85 14.07 14.78 14.84 14.89 14.61 14.79 14.65 14.71 14.85 14.75 14.82 14.72 13.86 14.32 14.73 14.52 14.44 14.65 14.51 14.56 14.58 14.76 14.80 14.80 14.80 14.87 14.87 14.86
14.82 14.83 14.81 14.82 14.81 14.86 14.81 14.61 14.85 14.82 14.74 14.55 14.58 14.68 14.48 14.60 14.54 14.35 14.25 14.11 14.40 14.33 14.23 14.24 14.06 13.76 14.42 14.22 14.31 14.00 14.44 14.22 14.06 13.82 14.01 14.41 14.17 13.25 13.55 14.03 14.54 14.09 13.96 13.05 12.41 12.51 12.52 13.00 13.61 13.79 13.96 14.61 14.84 14.66 14.64 14.64 14.69 14.78 14.82 14.69 14.79 14.64 14.79 14.40 14.72 14.77 14.31 14.68 14.67 14.54 14.77 14.65 14.78 14.75 14.74 14.83 14.84
14.76 14.78 14.76 14.76 14.79 14.78 14.76 14.71 14.62 14.82 14.63 14.69 14.79 14.15 14.54 14.24 14.40 13.86 14.04 14.12 14.31 14.07 13.97 14.05 14.01 14.05 14.12 14.02 13.75 14.31 13.98 14.08 13.47 13.57 14.16 14.61 13.72 12.92 13.71 14.19 14.79 13.79 13.48 12.63 11.95 12.39 13.22 13.58 14.06 14.08 14.17 14.26 14.47 14.68 14.52 14.63 14.80 14.77 14.62 14.72 14.73 14.68 14.22 14.46 14.20 14.08 14.64 14.25 14.29 14.64 14.59 14.67 14.73 14.81 14.78 14.79 14.79
14.76 14.75 14.78 14.78 14.78 14.56 14.70 14.70 14.65 14.56 14.55 14.62 14.51 14.28 14.29 14.32 14.17 13.88 13.99 13.85 14.18 13.97 13.25 14.24 13.70 13.75 13.81 14.22 13.72 13.93 13.76 13.93 13.93 13.79 13.70 14.10 13.13 12.45 13.92 13.97 14.57 13.81 13.89 13.15 12.09 12.58 13.12 12.94 14.16 14.02 14.51 14.52 14.72 14.64 14.28 14.20 14.60 14.58 14.64 14.64 14.64 14.66 14.71 14.75 14.56 14.42 14.49 14.41 14.41 14.62 14.65 14.74 14.75 14.67 14.74 14.79 14.79
14.76 14.76 14.76 14.75 14.74 14.64 14.80 14.71 14.43 14.26 14.40 14.32 14.24 14.31 14.48 14.06 14.01 13.91 13.83 13.95 14.18 14.14 13.76 13.94 13.82 13.54 13.71 13.91 13.88 13.69 13.97 13.51 13.52 13.25 13.05 13.80 13.24 13.82 14.16 13.77 14.04 14.12 13.33 13.88 13.22 13.73 13.59 13.13 13.28 13.88 13.89 14.54 14.04 14.51 14.02 13.96 14.56 14.80 14.56 14.61 14.74 14.61 14.27 14.20 14.39 14.53 14.11 14.51 14.33 14.33 14.52 14.70 14.72 14.71 14.67 14.72 14.77
14.77 14.74 14.75 14.71 14.59 14.64 14.71 14.39 14.49 14.37 14.54 14.09 14.42 14.08 14.24 14.05 13.61 13.99 13.66 13.83 14.07 14.02 13.81 13.15 13.80 13.76 13.99 13.34 13.35 13.38 13.25 13.54 13.10 13.13 12.65 14.02 12.88 13.47 12.95 13.60 13.86 14.23 13.91 14.19 14.10 13.75 13.17 12.76 13.13 12.95 14.29 14.58 14.01 14.30 14.26 13.91 14.29 14.24 14.37 14.42 14.32 14.32 14.28 14.30 13.99 14.20 14.50 14.21 14.03 14.47 14.58 14.69 14.66 14.66 14.56 14.73 14.72
