files/bom_datasets/05.21.18.txt
ncols 839
nrows 679
xllcenter 112.0500
yllcenter -43.9500
cellsize 0.0500
nodata_value 99999.90
[rows 476 to 509 of 679, columns 77 to 153 of 839]
12.11 12.13 12.10 12.01 12.14 12.17 12.16 12.15 12.18 12.19 12.19 12.19 12.19 12.19 12.19 12.19 12.17 12.19 12.20 12.21 12.20 12.21 12.21 12.20 12.20 12.18 12.20 12.22 12.22 12.22 12.22 12.21 12.21 12.22 12.21 12.19 12.19 12.17 12.17 12.21 12.21 12.24 12.22 12.23 12.23 12.17 12.21 12.16 12.18 12.02 12.17 12.13 12.14 12.06 12.11 12.11 12.04 12.11 12.10 12.15 12.05 12.01 12.03 12.03 12.04 12.01 11.88 12.07 12.10 12.12 12.03 12.11 12.11 12.11 12.12 12.11 12.12
12.08 12.02 12.08 12.02 12.13 12.11 12.13 12.14 12.15 12.16 12.18 12.18 12.16 12.17 12.16 12.16 12.17 12.16 12.17 12.16 12.17 12.18 12.17 12.17 12.17 12.16 12.16 12.17 12.17 12.18 12.18 12.17 12.18 12.18 12.18 12.18 12.18 12.18 12.18 12.18 12.19 12.19 12.20 12.20 12.18 12.18 12.17 12.10 12.06 12.09 12.14 12.14 12.13 12.10 12.03 11.99 12.03 11.99 11.96 12.03 11.96 12.05 12.03 11.89 12.09 11.99 11.85 11.96 12.08 12.09 12.09 12.09 12.08 12.08 12.08 12.08 12.09
12.03 12.02 12.02 12.03 12.10 12.10 12.10 12.12 12.14 12.14 12.15 12.14 12.15 12.15 12.16 12.15 12.15 12.13 12.12 12.14 12.15 12.15 12.15 12.15 12.15 12.13 12.14 12.14 12.15 12.15 12.15 12.16 12.14 12.16 12.16 12.15 12.16 12.16 12.16 12.16 12.17 12.16 12.17 12.17 12.14 12.16 12.16 12.16 12.02 12.10 12.13 12.13 12.10 12.09 12.12 12.08 11.85 12.01 11.90 11.90 11.99 11.94 12.02 12.06 12.07 12.06 12.07 12.07 12.06 12.08 12.08 12.07 12.06 12.06 12.05 12.06 12.06
12.00 12.00 12.01 12.04 12.08 12.09 12.09 12.10 12.11 12.12 12.12 12.12 12.12 12.10 12.10 12.12 12.10 12.11 12.10 12.12 12.12 12.11 12.11 12.12 12.12 12.12 12.13 12.13 12.14 12.13 12.14 12.14 12.12 12.12 12.13 12.13 12.12 12.06 12.06 12.12 12.14 12.15 12.16 12.13 12.15 12.15 12.15 12.08 12.11 12.11 12.10 12.11 12.12 12.11 12.04 12.06 12.07 12.05 12.04 12.05 12.04 11.78 11.92 12.03 12.04 12.03 12.04 12.04 12.05 12.05 12.05 12.05 12.04 12.04 12.04 12.04 12.04
11.98 11.98 11.95 11.98 12.06 12.07 12.07 12.07 12.05 12.06 12.05 12.06 12.08 12.06 12.04 12.07 12.07 12.09 12.10 12.10 12.07 12.09 12.08 12.10 12.10 12.10 12.11 12.10 12.11 12.11 12.11 12.10 12.10 12.09 12.10 12.10 12.11 12.10 12.01 12.05 12.10 12.08 12.11 12.12 12.12 12.12 12.12 12.13 12.13 12.07 12.09 12.08 12.05 11.96 11.98 11.94 12.06 11.98 11.96 11.99 12.02 11.96 11.99 12.01 12.03 12.01 12.02 12.03 12.05 12.05 12.04 12.03 12.02 12.02 12.02 12.02 12.01
11.96 11.95 11.93 11.97 12.01 12.03 12.04 12.02 12.01 11.99 11.97 12.00 12.02 12.01 12.01 12.04 12.06 12.07 12.07 12.05 12.04 12.07 12.07 12.07 12.08 12.08 12.09 12.09 12.09 12.09 12.09 12.09 12.08 12.10 12.09 12.07 12.08 12.06 12.05 12.10 12.08 12.04 12.08 12.11 12.08 12.10 12.11 12.10 12.11 12.09 12.05 12.05 11.96 11.99 11.99 11.88 11.87 11.97 11.88 12.01 11.97 11.88 11.86 12.00 11.99 12.00 12.00 12.00 12.00 12.00 12.00 12.01 12.01 12.01 12.07 12.02 12.01
11.94 11.94 11.91 11.96 11.98 11.99 12.01 11.99 11.98 11.95 11.95 11.97 11.99 12.00 11.98 11.99 12.00 12.02 12.02 12.02 12.03 12.05 12.05 12.05 12.06 12.06 12.06 12.06 12.06 12.05 12.06 12.07 12.06 12.07 12.07 12.07 12.03 12.08 12.02 12.04 12.08 12.06 12.05 12.06 12.07 12.07 12.06 12.07 12.07 12.06 12.07 12.03 11.98 12.01 11.99 11.94 11.93 11.91 11.95 11.94 11.92 11.90 11.97 11.92 11.84 11.91 11.97 11.98 11.96 11.97 11.97 11.97 11.97 12.01 12.07 12.07 12.01
11.93 11.94 11.95 11.99 12.00 11.99 12.00 11.95 11.95 11.93 11.95 11.96 11.98 11.96 11.96 11.97 12.00 12.00 11.98 12.01 12.02 12.01 12.02 12.03 12.04 12.04 12.03 12.04 12.01 12.01 12.04 12.04 12.03 12.04 12.08 12.10 12.05 12.04 12.05 12.04 12.06 12.05 12.06 12.03 12.05 12.04 12.05 12.05 12.05 12.00 12.02 11.99 11.97 11.89 11.96 11.95 11.95 11.90 11.94 11.94 12.00 11.87 11.85 11.89 11.91 11.89 11.95 11.98 11.94 11.94 11.95 11.96 11.96 11.96 12.07 12.07 12.07
11.91 11.92 11.93 11.96 11.98 11.99 11.96 11.91 11.95 11.92 11.94 11.95 11.96 11.94 11.93 11.94 11.97 11.98 11.97 11.99 11.97 11.97 12.01 12.02 12.01 12.01 12.01 12.00 11.99 11.99 12.00 12.00 12.01 12.03 12.03 12.07 12.08 12.09 12.06 12.03 12.03 12.03 12.02 12.03 12.03 12.02 12.03 12.03 12.03 12.02 12.02 12.00 11.89 11.94 11.93 11.93 11.94 11.91 11.89 11.89 11.91 11.84 11.87 11.93 11.85 11.84 11.93 11.92 11.94 11.93 11.93 11.94 11.96 11.96 11.96 12.07 12.07
11.89 11.89 11.89 11.93 11.96 11.96 11.93 11.89 11.91 11.90 11.92 11.93 11.91 11.91 11.92 11.93 11.94 11.95 11.95 11.97 11.98 11.98 11.98 11.98 11.98 11.99 12.00 12.00 11.96 11.97 11.97 11.97 11.98 11.99 11.98 11.98 11.99 12.02 12.03 12.00 11.94 11.99 11.97 11.99 12.00 12.00 12.00 12.00 12.00 12.01 11.96 11.94 11.95 11.95 11.90 11.94 11.92 11.88 11.80 11.87 11.81 11.86 11.82 11.84 11.88 11.80 11.86 11.93 11.93 11.92 11.91 11.92 11.92 11.92 11.96 11.96 12.07
11.87 11.87 11.88 11.88 11.90 11.92 11.90 11.88 11.89 11.89 11.89 11.91 11.88 11.88 11.89 11.92 11.92 11.91 11.91 11.92 11.95 11.95 11.94 11.95 11.96 11.97 11.98 11.96 11.94 11.93 11.95 11.96 11.96 11.96 11.96 11.96 11.91 11.90 11.91 11.91 11.91 11.91 11.89 11.90 11.90 11.91 11.91 11.91 11.91 11.91 11.91 11.90 11.92 11.97 11.90 11.91 11.89 11.88 11.86 11.87 11.87 11.85 11.88 11.88 11.84 11.86 11.88 11.89 11.89 11.89 11.89 11.92 11.92 11.92 11.92 11.92 11.96
11.85 11.87 11.86 11.90 11.91 11.88 11.85 11.86 11.85 11.85 11.87 11.87 11.86 11.86 11.86 11.89 11.90 11.90 11.91 11.89 11.88 11.94 11.93 11.93 11.92 11.93 11.93 11.89 11.91 11.90 11.91 11.93 11.93 11.93 11.95 11.94 11.89 11.88 11.86 11.86 11.86 11.86 11.86 11.86 11.87 11.87 11.87 11.87 11.88 11.88 11.87 11.88 11.87 11.94 11.87 11.90 11.87 11.88 11.88 11.83 11.77 11.84 11.88 11.89 11.88 11.77 11.83 11.90 11.90 11.88 11.89 11.92 11.92 11.92 11.92 11.92 11.92
11.85 11.84 11.87 11.86 11.84 11.83 11.83 11.72 10.86 11.68 11.83 11.84 11.84 11.84 11.85 11.89 11.86 11.87 11.87 11.87 11.86 11.88 11.91 11.90 11.89 11.88 11.89 11.88 11.90 11.90 11.92 11.92 11.92 11.92 11.92 11.93 11.93 11.87 11.85 11.85 11.85 11.85 11.85 11.85 11.86 11.86 11.86 11.86 11.86 11.88 11.91 11.90 11.88 11.89 11.84 11.80 11.85 11.84 11.84 11.85 11.77 11.84 11.88 11.84 11.86 11.84 11.85 11.85 11.90 11.88 11.88 11.92 11.92 11.92 11.92 11.92 11.92
11.82 11.83 11.84 11.82 11.81 11.80 11.77 11.49 10.71 11.59 11.80 11.82 11.83 11.82 11.83 11.88 11.86 11.85 11.84 11.83 11.85 11.86 11.86 11.87 11.87 11.86 11.90 11.86 11.86 11.87 11.89 11.89 11.90 11.90 11.90 11.90 11.89 11.88 11.87 11.87 11.87 11.86 11.85 11.86 11.87 11.87 11.87 11.85 11.86 11.89 11.86 11.90 11.85 11.85 11.86 11.83 11.84 11.83 11.81 11.85 11.85 11.84 11.84 11.84 11.86 11.84 11.85 11.85 11.85 11.88 11.88 11.88 11.92 11.92 11.92 11.92 11.92
11.80 11.79 11.78 11.79 11.79 11.78 11.73 11.37 10.86 11.41 11.76 11.79 11.78 11.80 11.77 11.85 11.81 11.79 11.34 11.63 11.79 11.80 11.81 11.81 11.83 11.82 11.85 11.85 11.84 11.85 11.85 11.85 11.86 11.86 11.86 11.87 11.87 11.86 11.87 11.86 11.87 11.88 11.89 11.87 11.83 11.85 11.86 11.86 11.85 11.86 11.82 11.81 11.84 11.84 11.83 11.85 11.80 11.83 11.81 11.81 11.85 11.85 11.84 11.84 11.86 11.84 11.85 11.85 11.85 11.88 11.88 11.88 11.88 11.92 11.92 11.92 11.92
11.79 11.77 11.77 11.77 11.79 11.79 11.73 11.33 11.01 11.41 11.75 11.76 11.77 11.75 11.74 11.76 11.77 11.63 10.98 11.18 11.77 11.77 11.77 11.77 11.78 11.79 11.79 11.80 11.81 11.80 11.84 11.83 11.83 11.84 11.83 11.84 11.83 11.83 11.83 11.84 11.84 11.83 11.85 11.85 11.85 11.80 11.83 11.84 11.83 11.80 11.82 11.81 11.82 11.81 11.80 11.83 11.80 11.80 11.81 11.81 11.81 11.85 11.84 11.84 11.86 11.84 11.85 11.85 11.85 11.88 11.88 11.88 11.88 11.88 11.92 11.92 11.92
11.77 11.77 11.77 11.78 11.78 11.75 11.75 11.45 11.14 11.44 11.74 11.74 11.74 11.71 11.72 11.74 11.71 11.47 11.13 11.11 11.75 11.75 11.75 11.75 11.76 11.75 11.75 11.76 11.75 11.77 11.81 11.80 11.81 11.81 11.81 11.81 11.79 11.79 11.80 11.79 11.79 11.81 11.83 11.82 11.82 11.83 11.83 11.82 11.79 11.80 11.78 11.79 11.77 11.79 11.78 11.79 11.80 11.80 11.80 11.81 11.81 11.81 11.84 11.84 11.86 11.84 11.85 11.85 11.85 11.88 11.88 11.88 11.88 11.88 11.88 11.92 11.92
11.77 11.81 11.77 11.72 11.74 11.72 11.63 11.38 11.08 11.39 11.71 11.72 11.72 11.70 11.71 11.69 11.66 11.48 11.26 11.15 11.69 11.73 11.73 11.74 11.75 11.73 11.73 11.73 11.74 11.74 11.75 11.77 11.78 11.78 11.79 11.79 11.78 11.77 11.77 11.76 11.75 11.78 11.78 11.78 11.78 11.81 11.80 11.79 11.78 11.77 11.75 11.75 11.75 11.79 11.78 11.79 11.79 11.80 11.80 11.80 11.81 11.81 11.84 11.84 11.86 11.84 11.85 11.85 11.85 11.88 11.88 11.88 11.88 11.88 11.88 11.88 11.92
11.71 11.71 11.72 11.68 11.68 11.65 11.56 11.37 11.17 11.40 11.69 11.70 11.69 11.69 11.69 11.68 11.51 11.31 11.22 11.30 11.53 11.71 11.70 11.71 11.71 11.70 11.70 11.70 11.70 11.71 11.72 11.73 11.73 11.75 11.75 11.75 11.75 11.75 11.75 11.76 11.75 11.75 11.74 11.73 11.74 11.75 11.75 11.76 11.73 11.75 11.74 11.75 11.75 11.75 11.78 11.79 11.79 11.79 11.80 11.80 11.80 11.81 11.84 11.84 11.86 11.84 11.85 11.85 11.85 11.88 11.88 11.88 11.88 11.88 11.88 11.88 11.88
11.71 11.71 11.70 11.67 11.66 11.63 11.53 11.27 11.23 11.41 11.65 11.68 11.67 11.67 11.67 11.66 11.57 11.34 11.20 11.31 11.45 11.68 11.69 11.68 11.68 11.68 11.68 11.68 11.68 11.69 11.68 11.69 11.70 11.71 11.72 11.73 11.73 11.74 11.73 11.73 11.74 11.73 11.74 11.73 11.74 11.73 11.71 11.71 11.71 11.73 11.74 11.74 11.75 11.75 11.75 11.79 11.79 11.79 11.79 11.80 11.80 11.80 11.84 11.84 11.86 11.84 11.85 11.85 11.85 11.88 11.88 11.88 11.88 11.88 11.88 11.88 11.88
11.71 11.70 11.70 11.67 11.66 11.63 11.54 11.34 11.33 11.44 11.63 11.66 11.65 11.65 11.64 11.63 11.58 11.40 11.35 11.39 11.37 11.60 11.67 11.66 11.66 11.65 11.66 11.67 11.67 11.67 11.66 11.66 11.67 11.69 11.69 11.70 11.70 11.71 11.72 11.71 11.72 11.72 11.71 11.70 11.72 11.72 11.71 11.69 11.68 11.69 11.69 11.69 11.74 11.75 11.75 11.79 11.79 11.79 11.79 11.79 11.80 11.80 11.80 11.84 11.86 11.84 11.85 11.85 11.85 11.88 11.88 11.88 11.88 11.88 11.88 11.88 11.88
11.70 11.70 11.70 11.67 11.66 11.54 11.54 11.34 11.33 11.45 11.63 11.62 11.62 11.56 11.50 11.41 11.43 11.44 11.52 11.57 11.35 11.42 11.63 11.65 11.65 11.64 11.65 11.66 11.65 11.65 11.64 11.65 11.65 11.65 11.66 11.68 11.69 11.70 11.69 11.68 11.67 11.68 11.68 11.69 11.66 11.66 11.68 11.66 11.66 11.65 11.65 11.65 11.65 11.65 11.75 11.79 11.79 11.79 11.79 11.79 11.79 11.80 11.80 11.84 11.86 11.84 11.85 11.85 11.85 11.88 11.88 11.88 11.88 11.88 11.88 11.88 11.88
11.70 11.70 11.70 11.67 11.54 11.54 11.54 11.34 11.45 11.45 11.45 11.62 11.60 11.58 11.48 11.37 11.33 11.36 11.36 11.58 11.59 11.49 11.63 11.64 11.64 11.64 11.64 11.64 11.64 11.64 11.65 11.64 11.66 11.66 11.66 11.65 11.49 11.66 11.66 11.68 11.68 11.66 11.67 11.67 11.66 11.65 11.68 11.66 11.66 11.65 11.65 11.65 11.65 11.65 11.65 11.75 11.79 11.79 11.79 11.79 11.79 11.79 11.80 11.80 11.86 11.84 11.85 11.85 11.85 11.88 11.88 11.88 11.88 11.88 11.88 11.88 11.88
11.70 11.70 11.70 11.67 11.54 11.54 11.54 11.45 11.45 11.45 11.45 11.60 11.60 11.58 11.55 11.47 11.41 11.38 11.39 11.50 11.51 11.41 11.56 11.61 11.62 11.64 11.63 11.62 11.61 11.59 11.59 11.59 11.66 11.66 11.65 11.64 11.50 11.58 11.64 11.66 11.66 11.62 11.63 11.67 11.66 11.65 11.65 11.66 11.66 11.65 11.65 11.65 11.65 11.65 11.65 11.65 11.79 11.79 11.79 11.79 11.79 11.79 11.79 11.80 11.80 11.80 11.81 11.81 11.81 99999.90 99999.90 99999.90 99999.90 99999.90 99999.90 99999.90 99999.90
11.70 11.70 11.70 11.67 11.54 11.54 11.54 11.45 11.45 11.45 11.60 11.60 11.58 11.58 11.55 11.47 11.41 11.38 11.39 11.50 11.51 11.41 11.56 11.61 11.62 11.64 11.63 11.62 11.61 11.59 11.59 11.58 11.61 11.62 11.62 11.64 11.50 11.58 11.60 11.66 11.66 11.62 11.63 11.63 11.66 11.65 11.65 11.65 11.66 11.65 11.65 11.65 11.65 11.65 11.65 11.65 11.65 11.79 11.79 11.79 11.79 11.79 11.79 11.79 11.80 11.80 11.80 99999.90 99999.90 99999.90 99999.90 99999.90 99999.90 99999.90 99999.90 99999.90 99999.90
11.70 11.70 11.70 11.54 11.54 11.54 11.54 11.45 11.45 11.45 11.60 11.58 11.58 11.58 11.55 11.47 11.41 11.38 11.39 11.50 11.51 11.41 11.56 11.61 11.62 11.64 11.63 11.62 11.61 11.59 11.58 11.58 11.61 11.62 11.62 11.62 11.50 11.60 11.60 11.57 11.57 11.57 11.63 11.63 11.63 11.65 11.65 11.65 11.66 11.65 11.65 11.65 11.65 11.65 11.65 11.65 11.65 11.65 11.79 11.79 11.79 11.79 11.79 11.79 11.79 11.80 11.80 99999.90 99999.90 99999.90 99999.90 99999.90 99999.90 99999.90 99999.90 99999.90 99999.90
11.70 11.70 11.70 11.54 11.54 11.54 11.45 11.45 11.45 11.45 11.58 11.58 11.58 11.58 11.55 11.47 11.41 11.38 11.39 11.50 11.51 11.41 11.56 11.61 11.62 11.64 11.63 11.62 11.61 11.58 11.58 11.58 11.61 11.62 11.62 11.62 11.62 11.60 11.60 11.57 11.57 11.57 11.57 11.63 11.63 11.65 11.65 11.65 11.66 11.65 11.65 11.65 11.65 11.65 11.65 11.65 11.65 11.65 11.65 11.79 11.79 11.79 11.79 11.79 11.79 11.79 99999.90 99999.90 99999.90 99999.90 99999.90 99999.90 99999.90 99999.90 99999.90 99999.90 99999.90
11.70 11.70 11.70 11.54 11.54 11.54 11.45 11.45 11.45 11.58 11.58 11.58 11.58 11.58 11.55 11.47 11.41 11.38 11.39 11.50 11.51 11.41 11.56 11.61 11.62 11.64 11.63 11.62 11.61 11.58 11.58 11.58 11.61 11.62 11.62 11.62 11.62 11.60 11.57 11.57 11.57 11.57 11.57 11.57 11.63 11.65 11.65 11.65 11.65 11.65 11.65 11.65 11.65 11.65 11.65 11.65 11.65 11.65 11.65 11.65 11.75 11.75 11.75 99999.90 99999.90 99999.90 99999.90 99999.90 99999.90 99999.90 99999.90 99999.90 99999.90 99999.90 99999.90 99999.90 99999.90
11.70 11.70 11.54 11.54 11.54 11.54 11.45 11.45 11.45 11.58 11.58 11.58 11.58 11.58 11.55 11.47 11.41 11.38 11.39 11.50 11.51 11.41 11.56 11.61 11.62 11.64 11.63 11.62 11.61 11.58 11.58 11.58 11.61 11.62 11.62 11.62 11.62 11.60 11.57 11.57 11.57 11.57 11.57 11.57 11.57 11.63 11.65 11.65 11.65 11.65 11.65 11.65 11.65 11.65 11.65 11.65 11.65 11.65 11.65 11.65 11.74 99999.90 99999.90 99999.90 99999.90 99999.90 99999.90 99999.90 99999.90 99999.90 99999.90 99999.90 99999.90 99999.90 99999.90 99999.90 99999.90
11.70 11.70 11.54 11.54 11.54 11.45 11.45 11.45 11.58 11.58 11.58 11.58 11.58 11.58 11.55 11.47 11.41 11.38 11.39 11.50 11.51 11.41 11.56 11.61 11.62 11.64 11.63 11.62 11.58 11.58 11.58 11.58 11.61 11.62 11.62 11.62 11.62 11.57 11.57 11.57 11.57 11.57 11.57 11.57 11.57 11.57 11.65 11.65 11.65 11.65 11.65 11.65 11.65 11.65 11.65 11.65 11.65 11.65 11.65 11.65 99999.90 99999.90 99999.90 99999.90 99999.90 99999.90 99999.90 99999.90 99999.90 99999.90 99999.90 99999.90 99999.90 99999.90 99999.90 99999.90 99999.90
11.54 11.54 11.54 11.54 11.54 11.45 11.45 11.45 11.58 11.58 11.58 11.58 11.58 11.58 11.55 11.47 11.41 11.38 11.39 11.50 11.51 11.41 11.56 11.61 11.62 11.64 11.63 11.62 11.58 11.58 11.58 11.58 11.61 11.62 11.62 11.62 11.62 11.57 11.57 11.57 11.57 11.57 11.57 11.57 11.57 11.57 11.57 11.65 11.65 11.65 11.65 11.65 11.65 11.65 11.65 11.65 11.65 11.65 11.65 11.65 99999.90 99999.90 99999.90 99999.90 99999.90 99999.90 99999.90 99999.90 99999.90 99999.90 99999.90 99999.90 99999.90 99999.90 99999.90 99999.90 99999.90
11.45 11.45 11.45 11.45 11.45 11.45 11.45 11.58 11.58 11.58 11.58 11.58 11.58 11.58 11.55 11.47 11.41 11.38 11.39 11.50 11.51 11.41 11.56 11.61 11.62 11.64 11.63 11.62 11.58 11.58 11.58 11.58 11.61 11.62 11.62 11.62 11.57 11.57 11.57 11.57 11.57 11.57 11.57 11.57 11.57 11.57 11.57 11.65 11.65 11.65 11.65 11.65 11.65 11.65 11.65 11.65 11.65 11.65 11.65 11.65 99999.90 99999.90 99999.90 99999.90 99999.90 99999.90 99999.90 99999.90 99999.90 99999.90 99999.90 99999.90 99999.90 99999.90 99999.90 99999.90 99999.90
99999.90 99999.90 11.60 11.60 11.58 11.58 11.58 11.58 11.58 11.58 11.58 11.58 11.58 11.58 11.55 11.47 11.41 11.38 11.39 11.50 11.51 11.41 11.56 11.61 11.62 11.64 11.63 11.58 11.58 11.58 11.58 11.58 11.61 11.62 11.62 11.62 11.57 11.57 11.57 11.57 11.57 11.57 11.57 11.57 11.57 11.57 11.57 11.57 11.65 11.65 11.65 11.65 11.65 11.65 11.65 11.65 99999.90 99999.90 99999.90 99999.90 99999.90 99999.90 99999.90 99999.90 99999.90 99999.90 99999.90 99999.90 99999.90 99999.90 99999.90 99999.90 99999.90 99999.90 99999.90 99999.90 99999.90
99999.90 99999.90 99999.90 11.58 11.58 11.58 11.58 11.58 11.58 11.58 11.58 11.58 11.58 11.58 11.55 11.47 11.41 11.38 11.39 11.50 11.51 11.41 11.56 11.61 11.62 11.64 11.63 11.58 11.58 11.58 11.58 11.58 11.61 11.62 11.62 11.62 11.57 11.57 11.57 11.57 11.57 11.57 11.57 11.57 11.57 11.57 11.57 11.57 11.57 11.57 11.63 11.63 11.63 99999.90 99999.90 99999.90 99999.90 99999.90 99999.90 99999.90 99999.90 99999.90 99999.90 99999.90 99999.90 99999.90 99999.90 99999.90 99999.90 99999.90 99999.90 99999.90 99999.90 99999.90 99999.90 99999.90 99999.90
