files/bom_datasets/05.22.18.txt
ncols 839
nrows 679
xllcenter 112.0500
yllcenter -43.9500
cellsize 0.0500
nodata_value 99999.90
[rows 306 to 339 of 679, columns 154 to 230 of 839]
15.88 15.92 15.91 15.90 15.90 15.88 15.90 15.90 15.90 15.89 15.88 15.87 15.90 15.92 15.93 15.91 15.90 15.89 15.70 15.66 15.70 15.87 15.91 15.90 15.86 15.83 15.86 15.83 15.76 15.74 15.83 15.87 15.82 15.77 15.77 15.72 15.68 15.76 15.78 15.75 15.81 15.87 15.81 15.52 15.54 15.54 15.67 15.79 15.89 15.82 15.77 15.81 15.69 15.77 15.87 15.73 15.74 15.75 15.69 15.76 15.67 15.72 15.77 15.73 15.64 15.60 15.94 15.79 15.77 15.68 15.85 15.84 15.81 15.80 15.84 15.86 15.85
15.89 15.88 15.88 15.88 15.87 15.87 15.88 15.89 15.89 15.87 15.88 15.87 15.90 15.91 15.91 15.91 15.89 15.88 15.74 15.81 15.86 15.84 15.90 15.88 15.81 15.86 15.85 15.74 15.69 15.84 15.76 15.83 15.78 15.75 15.78 15.75 15.72 15.68 15.62 15.68 15.84 15.80 15.77 15.64 15.70 15.66 15.64 15.78 15.86 15.82 15.75 15.72 15.64 15.75 15.80 15.77 15.76 15.69 15.72 15.60 15.73 15.83 15.67 15.52 15.35 14.88 15.70 15.75 15.76 15.66 15.70 15.76 15.84 15.82 15.82 15.84 15.85
15.88 15.86 15.85 15.85 15.86 15.85 15.89 15.89 15.86 15.85 15.86 15.87 15.88 15.89 15.87 15.88 15.87 15.86 15.84 15.86 15.89 15.85 15.87 15.86 15.86 15.85 15.85 15.83 15.82 15.74 15.80 15.78 15.74 15.74 15.73 15.68 15.72 15.70 15.70 15.76 15.72 15.54 15.65 15.69 15.80 15.66 15.65 15.69 15.81 15.80 15.77 15.70 15.67 15.66 15.78 15.65 15.63 15.67 15.79 15.78 15.77 15.77 15.79 15.75 15.69 15.08 15.78 15.80 15.79 15.68 15.76 15.72 15.71 15.70 15.78 15.76 15.81
15.85 15.84 15.84 15.81 15.87 15.84 15.85 15.84 15.85 15.81 15.83 15.85 15.87 15.87 15.86 15.84 15.84 15.83 15.85 15.85 15.87 15.81 15.82 15.83 15.82 15.80 15.84 15.83 15.84 15.76 15.83 15.83 15.79 15.76 15.81 15.81 15.77 15.70 15.70 15.79 15.83 15.82 15.81 15.80 15.81 15.72 15.64 15.64 15.62 15.67 15.67 15.62 15.66 15.71 15.75 15.73 15.72 15.69 15.77 15.83 15.82 15.78 15.81 15.78 15.63 15.34 15.43 15.70 15.68 15.69 15.60 15.59 15.71 15.79 15.78 15.85 15.85
15.80 15.84 15.76 15.71 15.73 15.79 15.78 15.81 15.63 15.76 15.72 15.79 15.81 15.82 15.81 15.81 15.77 15.79 15.72 15.73 15.83 15.82 15.82 15.83 15.80 15.71 15.78 15.80 15.80 15.80 15.76 15.79 15.79 15.75 15.79 15.82 15.82 15.76 15.64 15.80 15.75 15.76 15.74 15.61 15.60 15.74 15.70 15.71 15.57 15.58 15.54 15.58 15.54 15.64 15.79 15.76 15.73 15.65 15.69 15.72 15.69 15.68 15.75 15.78 15.71 15.48 13.66 15.52 15.82 15.60 15.60 15.61 15.72 15.78 15.79 15.72 15.67
15.78 15.80 15.71 14.65 15.43 15.46 15.59 15.80 15.61 15.77 15.74 15.71 15.79 15.77 15.78 15.74 15.77 15.52 15.43 15.36 15.72 15.81 15.80 15.82 15.78 15.72 15.57 15.65 15.80 15.82 15.76 15.72 15.76 15.81 15.78 15.77 15.73 15.76 15.73 15.78 15.76 15.72 15.64 15.61 15.61 15.56 15.51 15.72 15.75 15.76 15.70 15.46 15.71 15.73 15.72 15.78 15.72 15.74 15.67 15.74 15.74 15.72 15.73 15.78 15.65 15.20 15.24 15.68 15.76 15.72 15.66 15.73 15.75 15.79 15.79 15.66 15.67
15.74 15.75 15.64 15.77 15.60 15.65 15.63 15.75 15.76 15.77 15.78 15.76 15.77 15.75 15.74 15.72 15.60 15.72 15.75 15.75 15.64 15.77 15.81 15.80 15.76 15.71 15.53 15.55 15.70 15.76 15.75 15.76 15.73 15.76 15.75 15.68 15.67 15.73 15.70 15.74 15.75 15.75 15.72 15.58 15.61 15.66 15.64 15.70 15.75 15.76 15.77 15.74 15.73 15.67 15.72 15.74 15.65 15.67 15.57 15.55 15.58 15.65 15.68 15.72 15.70 15.54 15.58 15.58 15.77 15.80 15.71 15.72 15.69 15.70 15.76 15.77 15.78
15.69 15.70 15.68 15.72 15.74 15.75 15.71 15.74 15.73 15.76 15.75 15.73 15.76 15.74 15.71 15.76 15.74 15.69 15.72 15.72 15.72 15.72 15.71 15.74 15.78 15.77 15.69 15.47 15.55 15.42 15.44 15.63 15.72 15.64 15.58 15.69 15.64 15.65 15.68 15.70 15.70 15.62 15.64 15.66 15.60 15.67 15.69 15.66 15.59 15.67 15.72 15.60 15.69 15.61 15.68 15.72 15.70 15.66 15.58 15.60 15.60 15.66 15.69 15.66 15.63 15.52 15.40 15.72 15.70 15.70 15.66 15.66 15.59 15.59 15.69 15.75 15.78
15.68 15.69 15.70 15.71 15.72 15.72 15.72 15.73 15.73 15.72 15.74 15.70 15.70 15.65 15.69 15.69 15.66 15.69 15.70 15.75 15.71 15.74 15.57 15.50 15.62 15.73 15.72 15.48 15.54 15.38 15.29 15.54 15.68 15.69 15.59 15.54 15.55 15.72 15.66 15.65 15.67 15.65 15.56 15.66 15.65 15.69 15.71 15.69 15.65 15.66 15.73 15.74 15.68 15.66 15.66 15.63 15.68 15.73 15.63 15.56 15.56 15.67 15.65 15.61 15.64 15.58 15.66 15.72 15.63 15.67 15.66 15.66 15.67 15.64 15.65 15.64 15.74
15.68 15.69 15.70 15.70 15.70 15.71 15.69 15.69 15.71 15.71 15.72 15.68 15.65 15.69 15.73 15.73 15.63 15.58 15.66 15.71 15.63 15.53 15.65 15.70 15.49 15.55 15.70 15.65 15.66 15.53 15.43 15.34 15.42 15.40 15.50 15.45 15.49 15.64 15.65 15.58 15.55 15.60 15.47 15.50 15.68 15.65 15.47 15.69 15.71 15.71 15.69 15.62 15.59 15.67 15.73 15.70 15.69 15.64 15.58 15.54 15.59 15.58 15.67 15.64 15.64 15.56 15.52 15.66 15.54 15.59 15.66 15.65 15.66 15.69 15.66 15.65 15.68
15.67 15.68 15.67 15.67 15.66 15.59 15.65 15.68 15.68 15.68 15.65 15.60 15.53 15.56 15.54 15.55 15.56 15.60 15.59 15.66 15.72 15.60 15.05 15.68 15.67 15.36 15.63 15.67 15.71 15.63 15.53 15.45 15.43 15.44 15.58 15.58 15.44 15.42 15.58 15.64 15.57 15.56 15.55 15.61 15.71 15.64 15.63 15.66 15.66 15.65 15.69 15.68 15.70 15.72 15.72 15.65 15.65 15.59 15.50 15.50 15.61 15.59 15.58 15.69 15.62 15.58 15.56 15.51 15.61 15.63 15.62 15.59 15.59 15.64 15.67 15.68 15.68
15.59 15.63 15.64 15.65 15.57 15.56 15.63 15.65 15.66 15.66 15.51 15.55 15.49 15.33 15.38 15.37 15.59 15.61 15.63 15.63 15.69 15.68 15.57 15.57 15.62 15.65 15.66 15.66 15.69 15.67 15.60 15.62 15.60 15.58 15.55 15.44 15.43 15.34 15.60 15.59 15.57 15.57 15.57 15.59 15.57 15.54 15.51 15.59 15.59 15.54 15.67 15.66 15.67 15.68 15.67 15.64 15.67 15.63 15.54 15.54 15.62 15.57 15.43 15.60 15.61 15.58 15.46 15.46 15.60 15.54 15.46 15.65 15.57 15.55 15.61 15.60 15.65
15.62 15.60 15.62 15.60 15.56 15.45 15.45 15.60 15.63 15.63 15.57 15.58 15.56 15.46 15.44 15.36 15.36 15.53 15.43 15.63 15.66 15.64 15.65 15.62 15.59 15.65 15.65 15.65 15.65 15.66 15.63 15.61 15.57 15.59 15.59 15.50 15.49 15.50 15.65 15.57 15.59 15.63 15.61 15.54 15.51 15.41 15.55 15.55 15.51 15.46 15.35 15.59 15.62 15.63 15.59 15.59 15.63 15.58 15.59 15.58 15.51 15.57 15.50 15.51 15.53 15.49 15.33 15.21 15.47 15.54 15.50 15.59 15.56 15.59 15.57 15.58 15.56
15.58 15.59 15.59 15.58 15.53 15.51 15.52 15.57 15.56 15.59 15.56 15.63 15.56 15.48 15.46 15.44 15.44 15.56 15.60 15.60 15.56 15.49 15.47 15.60 15.61 15.57 15.48 15.56 15.62 15.63 15.61 15.60 15.58 15.56 15.52 15.51 15.52 15.65 15.63 15.60 15.62 15.71 15.48 15.35 15.37 15.45 15.43 15.56 15.52 14.86 13.78 14.33 15.21 15.22 15.54 15.59 15.54 15.57 15.61 15.61 15.56 15.46 15.35 15.46 15.40 15.36 15.43 15.44 15.56 15.56 15.55 15.62 15.63 15.51 15.58 15.58 15.54
15.52 15.56 15.52 15.51 15.53 15.56 15.56 15.54 15.49 15.57 15.53 15.53 15.52 15.50 15.48 15.39 15.45 15.58 15.60 15.58 15.54 15.44 15.45 15.38 15.54 15.36 15.23 15.16 15.52 15.59 15.59 15.58 15.59 15.54 15.54 15.52 15.52 15.61 15.58 15.62 15.47 15.43 15.39 15.42 15.39 15.35 15.36 15.52 15.49 14.80 14.70 14.82 14.68 13.75 15.19 15.48 15.44 15.50 15.56 15.54 15.49 15.43 15.30 15.39 15.43 15.43 15.50 15.48 15.50 15.57 15.50 15.52 15.51 15.53 15.53 15.52 15.53
15.52 15.50 15.53 15.55 15.54 15.57 15.55 15.51 15.46 15.50 15.49 15.49 15.51 15.51 15.46 15.34 15.43 15.42 15.35 15.53 15.46 15.33 15.46 15.15 15.37 15.43 15.28 15.33 15.21 15.47 15.54 15.57 15.59 15.57 15.51 15.46 15.31 15.44 15.62 15.61 15.57 15.51 15.39 15.26 15.40 15.44 15.50 15.26 14.77 14.01 14.71 13.94 14.59 15.02 14.29 14.78 15.16 15.32 15.38 15.56 15.45 15.26 15.16 15.24 15.45 15.49 15.50 15.39 15.50 15.43 15.42 15.53 15.55 15.50 15.55 15.51 15.54
15.52 15.53 15.53 15.52 15.53 15.54 15.54 15.53 15.50 15.45 15.47 15.42 15.40 15.44 15.47 15.22 15.41 15.36 15.30 15.42 15.50 15.43 15.52 15.36 15.38 15.41 15.31 15.25 15.16 15.30 15.37 15.49 15.55 15.54 15.51 15.46 15.11 15.31 15.54 15.56 15.53 15.48 15.55 15.53 15.51 15.51 15.25 15.05 14.47 13.47 13.61 14.01 14.67 15.14 13.77 15.24 14.40 14.57 14.67 15.28 15.33 15.29 15.31 15.31 15.45 15.49 15.45 15.49 15.41 15.50 15.47 15.54 15.57 15.54 15.55 15.53 15.48
15.51 15.50 15.51 15.50 15.50 15.49 15.51 15.52 15.48 15.43 15.43 15.47 15.39 15.46 15.50 15.37 15.44 15.53 15.34 15.35 15.39 15.38 15.45 15.45 15.36 15.37 15.33 15.20 15.20 15.19 15.29 15.28 15.41 15.48 15.53 15.51 15.44 15.51 15.48 15.53 15.55 15.42 15.45 15.45 15.49 15.53 15.45 15.40 15.42 15.16 14.11 15.16 15.30 13.80 13.24 11.86 13.50 12.89 14.06 14.80 14.94 15.12 15.29 15.36 15.40 15.40 15.40 15.47 15.47 15.04 15.39 15.47 15.56 15.56 15.53 15.51 15.46
15.39 15.49 15.49 15.50 15.49 15.48 15.48 15.50 15.48 15.48 15.42 15.44 15.42 15.46 15.45 15.49 15.33 15.35 15.32 15.28 15.44 15.42 15.36 15.41 15.40 15.32 15.27 15.26 15.31 15.39 15.34 15.29 15.30 15.44 15.50 15.53 15.48 15.46 15.40 15.52 15.50 15.41 15.44 15.41 15.41 15.42 15.39 15.43 15.53 15.54 15.36 14.94 14.88 14.17 14.61 13.97 12.78 13.96 15.28 15.24 15.23 15.20 15.20 15.13 15.23 15.03 15.22 15.38 15.42 15.43 15.41 15.44 15.51 15.48 15.48 15.53 15.45
15.37 15.49 15.46 15.49 15.47 15.46 15.46 15.47 15.47 15.48 15.48 15.37 15.38 15.43 15.51 15.52 15.38 15.23 15.13 15.34 15.34 15.40 15.47 15.40 15.41 15.34 15.31 15.28 15.43 15.38 15.31 15.15 15.24 15.33 15.43 15.47 15.47 15.49 15.51 15.51 15.49 15.45 15.36 15.36 15.44 15.43 15.39 15.39 15.50 15.50 15.45 15.36 14.91 14.80 15.19 15.12 14.63 14.93 15.22 15.35 15.11 15.17 15.37 15.41 15.07 15.15 15.18 15.10 15.31 15.34 15.23 15.30 15.44 15.48 15.45 15.43 15.45
15.36 15.36 15.45 15.44 15.45 15.45 15.44 15.45 15.44 15.44 15.46 15.39 15.37 15.43 15.45 15.49 15.48 15.42 15.43 15.33 15.17 15.25 15.23 15.41 15.28 15.34 15.29 15.33 15.35 15.39 15.40 15.29 15.37 15.23 15.26 15.40 15.47 15.45 15.46 15.46 15.46 15.38 15.41 15.39 15.34 15.41 15.29 15.23 15.36 15.36 15.41 15.41 15.45 15.42 15.47 15.46 15.50 15.47 15.44 15.45 15.36 15.38 15.47 15.13 14.77 15.06 15.09 15.21 15.24 15.32 15.30 15.15 15.30 15.36 15.42 15.35 15.28
15.38 15.43 15.44 15.35 15.40 15.43 15.43 15.43 15.43 15.41 15.42 15.44 15.36 15.37 15.40 15.45 15.44 15.44 15.43 15.24 15.22 15.22 15.38 15.33 15.28 15.34 15.41 15.39 15.27 15.21 15.40 15.31 15.33 15.24 15.29 15.40 15.46 15.45 15.42 15.41 15.40 15.37 15.43 15.41 15.41 15.43 15.37 15.33 15.36 15.25 15.31 15.36 15.40 15.43 15.47 15.48 15.46 15.45 15.41 15.41 15.40 15.38 15.46 15.26 14.86 14.89 14.90 15.16 15.35 15.31 15.21 15.11 15.16 15.21 15.28 15.31 15.28
15.40 15.42 15.43 15.32 15.37 15.38 15.41 15.40 15.40 15.40 15.41 15.36 15.39 15.35 15.37 15.40 15.43 15.44 15.40 15.41 15.42 15.39 15.47 15.38 15.34 15.29 15.37 15.40 15.38 15.36 15.40 15.21 15.32 15.19 15.29 15.40 15.37 15.39 15.38 15.42 15.38 15.23 15.33 15.44 15.37 15.38 15.39 15.38 15.36 15.37 15.33 15.42 15.43 15.41 15.42 15.44 15.47 15.46 15.46 15.43 15.42 15.45 15.37 15.32 15.26 14.86 14.64 15.11 15.17 15.34 15.27 15.15 15.05 15.17 15.25 15.30 15.30
15.36 15.39 15.39 15.38 15.27 15.30 15.38 15.34 15.35 15.39 15.34 15.28 15.37 15.28 15.26 15.34 15.41 15.38 15.41 15.42 15.41 15.30 15.41 15.34 15.30 15.33 15.41 15.27 15.30 15.36 15.40 15.34 15.42 15.30 15.27 15.26 15.40 15.33 15.35 15.39 15.41 15.29 15.31 15.38 15.29 15.33 15.38 15.39 15.41 15.45 15.38 15.39 15.39 15.39 15.42 15.44 15.45 15.44 15.39 15.43 15.42 15.38 15.32 15.32 15.22 15.16 14.87 14.89 15.15 15.41 15.31 15.23 15.14 15.20 15.22 15.25 15.28
15.31 15.36 15.35 15.36 15.34 15.19 15.34 15.34 15.36 15.37 15.32 15.14 15.31 15.22 15.22 15.43 15.43 15.38 15.37 15.32 15.29 15.36 15.35 15.40 15.31 15.16 15.31 15.28 15.16 15.21 15.30 15.30 15.33 15.27 15.22 15.25 15.37 15.35 15.35 15.39 15.31 15.36 15.35 15.28 15.31 15.40 15.41 15.38 15.45 15.40 15.38 15.39 15.38 15.38 15.38 15.31 15.24 15.30 15.37 15.28 15.24 15.30 15.31 15.28 15.27 15.33 15.24 14.89 15.11 15.13 15.08 15.23 15.18 15.11 15.15 15.14 15.10
15.33 15.33 15.32 15.32 15.28 15.30 15.32 15.33 15.33 15.33 15.35 15.33 15.18 15.23 15.34 15.37 15.40 15.41 15.36 15.34 15.32 15.35 15.30 15.38 15.34 15.25 15.29 15.34 15.26 15.27 15.09 15.12 15.24 15.13 15.22 15.31 15.36 15.30 15.31 15.39 15.36 15.29 15.32 15.33 15.29 15.33 15.33 15.32 15.30 15.30 15.39 15.36 15.34 15.32 15.35 15.33 15.35 15.34 15.31 15.28 15.22 15.22 15.29 15.15 15.20 15.21 15.13 14.99 15.07 15.14 15.03 15.11 15.12 15.19 15.20 15.11 15.08
15.23 15.21 15.20 15.18 15.29 15.30 15.31 15.32 15.32 15.31 15.26 15.36 15.22 15.07 15.22 15.34 15.34 15.37 15.35 15.33 15.32 15.32 15.35 15.36 15.36 15.25 15.13 15.28 15.23 15.23 15.25 15.29 15.27 15.15 15.12 15.33 15.30 15.29 15.26 15.33 15.30 15.23 15.26 15.27 15.27 15.28 15.19 15.23 15.31 15.30 15.36 15.36 15.22 15.11 15.12 15.14 15.28 15.33 15.29 15.31 15.26 15.32 15.27 15.29 15.24 14.84 14.83 15.17 14.90 14.91 15.25 15.23 15.19 15.18 15.07 15.10 15.20
15.27 15.24 15.23 15.27 15.28 15.29 15.28 15.30 15.30 15.28 15.30 15.25 15.26 15.03 15.07 15.27 15.32 15.33 15.29 15.25 15.31 15.32 15.33 15.32 15.32 15.26 15.23 15.19 15.13 15.13 15.04 15.13 15.18 15.13 15.22 15.31 15.31 15.30 15.28 15.27 15.16 15.14 15.23 15.19 15.15 15.14 15.22 15.27 15.25 15.19 15.18 15.19 15.13 15.18 15.11 15.01 15.23 15.27 15.23 15.24 15.26 15.25 15.18 15.11 15.00 14.10 13.76 14.54 14.01 13.72 14.52 15.13 15.11 15.13 15.07 15.14 15.04
15.22 15.25 15.16 15.22 15.25 15.30 15.27 15.26 15.27 15.23 15.04 14.30 14.37 15.04 15.15 15.20 15.32 15.27 15.22 15.26 15.30 15.28 15.22 15.26 15.28 15.28 15.25 15.13 15.15 15.25 15.20 15.20 15.25 15.22 15.29 15.29 15.26 15.21 15.17 15.23 15.19 15.07 15.07 15.10 15.19 15.02 15.19 15.26 15.22 15.11 15.12 15.14 15.16 15.21 15.13 15.12 15.13 15.23 15.23 15.21 15.22 15.16 15.12 15.13 15.21 15.23 15.03 15.26 15.07 14.76 13.54 14.03 14.95 15.07 15.05 15.08 15.09
15.16 15.21 15.07 15.18 15.24 15.27 15.24 15.24 15.25 15.30 15.22 14.82 14.88 14.85 15.23 15.16 15.21 15.15 15.24 15.22 15.25 15.28 15.29 15.27 15.29 15.29 15.26 15.14 15.03 15.04 15.15 15.21 15.19 15.23 15.27 15.28 15.27 15.21 15.08 15.23 15.14 15.07 15.07 15.05 15.12 15.04 15.11 15.17 15.08 15.13 15.14 15.10 15.17 15.17 15.12 15.16 15.09 15.13 15.19 15.24 15.25 15.24 15.19 15.19 15.21 15.23 15.23 15.12 15.19 15.06 15.14 14.75 14.77 15.02 15.06 15.04 15.03
15.14 15.09 15.16 15.08 15.21 15.21 15.21 15.22 15.23 15.25 15.25 15.18 15.03 14.87 15.12 15.20 15.14 15.20 15.26 15.19 15.27 15.23 15.26 15.25 15.24 15.27 15.25 15.18 15.09 15.22 15.15 15.07 15.16 15.22 15.26 15.26 15.24 15.18 15.12 15.09 14.96 15.09 15.16 15.07 15.09 14.98 15.05 15.16 15.13 15.20 15.11 15.12 15.13 15.16 15.08 15.09 15.19 15.17 15.17 15.23 15.25 15.24 15.24 15.18 15.10 15.01 14.98 15.07 15.19 15.20 15.17 15.10 14.83 15.07 15.10 15.12 15.06
15.17 15.01 15.16 15.16 15.20 15.23 15.19 15.21 15.20 15.21 15.20 15.19 15.21 15.17 15.00 15.16 15.23 15.15 15.09 14.94 15.22 15.22 15.24 15.24 15.25 15.26 15.20 15.20 15.19 15.17 15.08 15.09 15.14 15.23 15.24 15.24 15.21 15.18 15.10 15.03 14.97 14.90 15.03 15.08 15.06 15.09 14.94 14.93 15.00 15.12 15.01 14.89 14.98 15.04 15.06 15.06 15.04 15.15 15.16 15.20 15.21 15.19 15.10 15.15 15.03 14.91 14.96 15.06 15.02 15.05 15.03 15.11 14.95 15.07 15.08 15.13 15.03
15.20 15.18 15.17 15.19 15.08 15.09 15.01 15.17 15.14 15.12 15.01 15.12 15.21 15.21 15.23 15.15 15.19 15.18 15.11 14.84 15.03 15.23 15.23 15.22 15.24 15.23 15.25 15.24 15.14 15.14 15.23 15.18 15.17 15.19 15.22 15.21 15.15 15.16 15.03 14.90 15.01 14.91 15.05 15.09 15.08 15.00 14.97 14.87 14.81 14.92 15.08 15.05 15.05 15.13 15.17 15.13 15.12 15.05 15.11 15.19 15.18 15.07 15.03 15.03 14.96 15.01 15.03 15.07 15.10 15.09 15.12 14.97 14.53 14.68 15.13 15.12 15.11
15.12 15.11 15.16 15.17 15.18 15.12 15.14 15.14 15.15 15.12 15.07 15.00 15.13 15.21 15.21 15.19 15.22 15.20 15.13 15.05 15.12 15.19 15.21 15.21 15.19 15.21 15.23 15.23 15.01 15.09 15.17 15.21 15.20 15.19 15.20 15.20 15.12 15.09 14.99 15.01 15.00 14.96 14.90 15.00 15.07 14.94 14.98 14.85 14.83 14.85 15.12 15.15 15.07 15.00 14.91 15.08 15.05 15.09 15.10 15.15 15.15 15.07 15.01 15.03 14.94 14.98 14.96 14.99 15.05 15.09 15.04 14.72 14.62 15.03 15.02 15.17 15.05
