files/bom_datasets/05.20.18.txt
ncols 839
nrows 679
xllcenter 112.0500
yllcenter -43.9500
cellsize 0.0500
nodata_value 99999.90
[rows 476 to 509 of 679, columns 539 to 615 of 839]
11.42 11.48 11.49 11.40 11.51 11.42 11.44 11.36 11.40 11.37 11.40 11.30 11.43 11.52 11.47 11.45 11.22 11.09 11.02 10.91 10.83 10.68 10.55 10.44 10.11 9.85 9.56 9.52 9.15 8.95 8.91 8.84 8.75 8.65 8.63 8.65 8.65 8.52 8.51 8.44 8.18 8.15 7.97 7.87 8.02 7.85 7.82 7.85 7.79 7.89 7.95 8.08 8.07 8.07 8.12 7.76 7.68 8.07 8.39 8.38 8.12 7.99 8.02 8.32 8.69 8.73 8.83 8.76 9.23 9.36 9.46 9.50 9.41 9.36 9.54 9.78 9.87
11.40 11.39 11.37 11.45 11.29 11.22 11.32 11.18 11.39 11.35 11.29 11.50 11.39 11.46 11.38 11.31 11.20 11.08 11.01 10.90 10.92 10.78 10.57 10.51 10.34 10.03 9.67 9.59 9.17 9.14 8.89 8.87 8.89 8.70 8.36 8.31 8.44 8.48 8.43 8.21 7.81 7.62 7.55 7.64 7.75 7.58 7.85 7.85 7.68 7.74 7.68 7.94 7.75 8.04 7.80 7.85 8.22 8.34 8.19 8.21 7.97 8.05 7.99 8.12 8.20 8.30 8.47 8.49 8.47 8.92 8.99 9.15 8.97 9.21 9.30 9.46 9.74
11.40 11.32 11.33 11.48 11.35 11.31 11.32 11.20 11.39 11.32 11.28 11.42 11.42 11.40 11.45 11.20 11.23 11.06 11.10 11.05 11.03 10.96 10.79 10.44 10.20 9.87 9.66 9.36 9.12 8.97 9.08 8.85 8.58 8.36 8.16 8.01 8.01 8.06 8.06 7.99 7.86 7.59 7.38 7.48 7.56 7.58 7.85 8.04 7.83 7.44 7.56 7.67 7.64 7.95 7.94 8.07 8.10 8.15 8.16 8.04 8.02 7.87 8.06 7.89 7.95 8.07 8.08 8.34 8.25 8.37 8.50 8.76 8.68 9.04 9.19 9.43 9.77
11.40 11.29 11.37 11.41 11.28 11.29 11.27 11.27 11.19 11.09 11.29 11.07 11.24 11.24 11.38 11.26 11.05 11.19 11.25 11.09 10.91 10.82 10.71 10.52 10.14 9.86 9.59 9.14 8.89 8.84 9.05 8.67 8.47 8.33 8.18 8.12 8.08 8.12 7.89 7.81 7.67 7.49 7.42 7.44 7.56 7.56 8.04 8.04 7.73 7.57 7.44 7.82 7.94 7.63 7.67 7.74 8.05 7.96 7.67 7.78 7.87 7.70 7.45 7.62 7.73 7.86 7.84 7.95 7.90 8.10 8.39 8.54 8.59 8.94 9.19 9.64 9.98
11.47 11.42 11.31 11.35 11.39 11.35 11.37 11.35 11.29 11.42 11.30 11.03 11.07 11.26 10.96 11.11 11.20 10.96 11.07 11.11 10.76 10.61 10.45 10.29 10.17 9.82 9.59 9.28 9.19 8.88 8.90 8.76 8.50 8.45 8.42 8.30 8.12 7.74 7.82 7.89 7.43 7.43 7.55 7.59 7.61 7.61 7.48 7.48 7.59 7.73 7.66 7.70 7.74 7.55 7.52 7.62 7.61 7.60 7.57 7.80 7.63 7.57 7.44 7.66 7.90 7.99 8.00 7.93 7.68 8.04 8.47 8.58 8.96 8.93 9.04 9.51 9.66
11.32 11.52 11.42 11.53 11.48 11.35 11.38 11.25 11.25 11.46 11.34 11.15 11.26 10.95 10.94 11.20 11.16 11.08 11.11 10.99 11.00 10.64 10.34 9.94 9.69 9.41 9.31 9.28 9.07 8.89 8.85 8.71 8.61 8.37 8.00 7.94 7.86 7.66 7.59 7.61 7.45 7.60 7.61 7.53 7.58 7.57 7.49 7.59 7.57 7.67 7.63 7.40 7.56 7.54 7.45 7.26 7.54 7.59 7.37 7.57 7.59 7.71 7.69 7.97 7.92 7.96 7.94 7.81 8.18 8.47 8.34 8.88 9.18 8.94 8.89 9.20 9.26
10.61 11.64 11.59 11.56 11.45 11.38 11.31 11.15 11.27 11.18 11.17 11.21 11.12 10.87 11.13 11.26 11.35 11.28 10.99 10.75 10.65 10.34 10.08 9.85 9.52 9.43 9.50 9.31 9.03 8.87 8.60 8.74 8.29 8.46 8.11 7.86 7.89 7.90 7.47 7.44 7.39 7.56 7.43 7.38 7.56 7.68 7.24 7.28 7.37 7.27 7.32 7.37 7.15 7.36 7.35 7.36 7.54 7.42 7.53 7.61 7.86 7.71 7.80 7.85 7.73 7.88 7.71 7.90 8.54 8.48 8.08 8.48 8.53 8.73 8.84 8.87 8.71
9.75 10.90 11.83 11.69 11.48 11.45 11.09 11.07 10.89 10.98 10.94 10.98 11.25 11.16 11.34 11.23 10.94 11.01 10.91 10.70 10.46 10.34 10.14 10.05 9.87 9.61 9.27 9.35 9.49 9.15 9.13 8.91 8.48 8.13 7.93 7.71 7.53 7.67 7.52 7.36 7.23 7.40 7.16 7.05 7.28 7.34 7.43 7.14 7.25 7.20 7.15 7.32 7.28 7.59 7.42 7.35 7.51 7.48 7.71 7.95 7.82 7.72 7.89 7.76 7.71 7.62 7.90 8.08 8.56 8.38 8.08 8.39 8.27 8.45 8.66 8.64 8.39
9.24 9.56 11.34 11.35 11.04 10.99 10.36 10.34 10.81 11.00 10.56 10.58 10.98 11.19 11.21 11.11 10.91 10.93 11.04 10.76 10.49 10.36 10.33 10.14 9.80 9.84 9.69 9.01 9.11 9.00 8.76 8.57 8.37 8.10 8.23 8.03 8.05 7.64 7.71 7.48 7.27 7.03 7.12 7.02 7.16 7.22 7.46 7.31 7.21 7.23 7.39 7.29 7.58 7.72 7.68 7.70 7.83 7.77 7.91 7.98 7.90 7.58 7.97 7.75 7.98 7.67 8.11 7.94 8.29 8.14 8.23 8.03 7.93 7.99 8.15 8.08 7.97
8.39 8.49 9.70 10.42 9.94 9.99 9.96 10.45 11.03 10.35 10.27 10.88 10.98 10.86 10.72 11.04 10.84 10.81 10.69 10.49 10.44 10.40 10.30 10.14 10.13 9.86 9.70 9.42 9.16 8.90 8.88 8.83 8.60 8.42 8.36 8.29 8.06 7.90 7.74 7.38 7.17 6.75 6.80 7.36 7.36 7.37 7.58 7.60 7.55 7.58 7.86 7.88 7.72 7.46 7.81 7.81 7.76 7.79 8.12 8.26 8.07 7.78 7.73 7.81 8.12 7.78 7.86 7.74 8.03 7.81 7.74 7.44 7.60 7.61 7.72 7.70 7.99
7.61 7.86 8.83 9.60 9.46 9.93 10.47 10.84 10.08 10.07 10.85 10.94 10.95 10.60 10.98 11.11 10.86 10.61 10.35 10.14 9.91 10.11 10.09 9.93 10.04 9.99 9.81 9.49 9.27 8.97 8.95 8.81 8.75 8.81 8.81 8.51 8.27 8.28 7.77 7.75 7.21 7.14 7.24 7.23 7.37 7.59 7.54 7.59 7.60 7.42 7.52 7.72 7.63 7.70 7.71 7.75 7.71 7.66 7.87 7.73 7.91 7.88 7.77 7.92 8.04 7.83 7.75 7.50 7.64 7.50 7.17 7.29 7.75 7.50 7.99 8.00 8.40
7.15 7.51 8.43 8.96 9.21 9.90 10.37 9.85 9.73 10.07 10.60 10.97 10.51 10.85 10.83 10.80 10.49 10.34 10.38 10.27 10.14 9.96 10.05 9.85 9.92 9.88 9.85 9.85 9.30 9.19 8.89 8.79 8.76 8.74 8.87 8.80 8.31 7.99 7.96 7.61 7.42 7.47 7.30 6.95 7.51 7.44 7.58 7.49 7.36 7.49 7.28 7.42 7.28 7.55 7.84 8.00 7.70 7.60 7.63 7.55 8.06 8.07 8.17 8.30 8.06 7.97 8.07 7.67 7.91 7.36 7.11 7.36 7.82 7.52 7.53 7.52 7.36
7.12 7.37 8.31 8.69 8.75 9.62 9.61 9.37 9.97 10.09 10.47 10.22 10.54 10.75 10.72 10.41 10.56 10.77 10.56 10.63 10.57 10.19 10.26 10.09 9.92 10.00 9.94 9.79 9.73 9.29 9.01 8.86 8.72 8.53 8.72 8.53 8.12 7.96 7.89 7.58 7.42 7.55 7.69 7.44 7.48 7.58 7.66 7.73 7.65 7.28 7.57 7.65 7.46 7.48 7.86 8.08 7.59 7.40 7.56 7.60 7.93 8.25 8.08 8.26 8.14 8.20 7.64 7.61 7.94 7.49 7.25 7.62 7.34 6.99 6.72 6.68 6.71
6.95 7.29 7.80 8.61 9.19 9.32 9.19 9.39 9.46 9.87 10.08 10.30 10.59 10.75 10.34 10.32 10.61 10.60 10.59 10.67 10.61 10.72 10.11 10.13 9.95 10.01 9.93 10.04 9.81 9.52 9.31 9.15 8.84 8.60 8.38 8.38 8.31 8.21 7.84 7.90 7.58 7.78 7.90 7.78 7.42 7.15 7.45 7.29 7.39 7.44 7.69 7.33 7.46 7.59 7.60 7.60 7.47 7.39 7.72 8.03 7.86 7.82 7.84 7.99 8.21 8.05 7.39 7.27 7.56 7.53 7.20 7.04 6.97 6.52 6.43 5.90 6.25
6.77 7.32 7.90 8.52 9.39 9.32 9.46 9.05 9.33 9.06 9.66 10.32 10.36 10.67 10.42 10.87 10.94 10.87 10.88 10.48 10.33 10.30 10.05 9.79 9.89 9.71 9.79 9.58 9.62 9.43 9.19 9.04 8.87 8.39 8.45 8.56 8.41 8.13 8.29 7.37 7.80 7.62 7.16 7.72 7.43 7.07 6.89 6.52 6.86 7.03 7.10 7.27 7.45 7.34 7.80 7.67 7.41 7.38 7.25 7.28 7.46 7.47 7.76 7.51 7.70 7.87 7.45 7.05 6.95 7.11 6.79 6.77 6.34 6.40 6.47 6.37 6.36
6.85 7.64 7.89 8.19 8.98 9.06 8.79 8.93 8.50 8.64 9.20 9.69 10.43 10.43 10.93 11.03 11.13 11.00 10.32 10.35 10.16 10.02 9.59 9.54 9.67 9.53 9.30 9.39 9.33 9.40 9.46 8.73 8.58 8.34 8.73 8.66 8.49 8.29 8.29 7.57 7.63 7.10 6.93 7.17 6.98 6.76 6.59 6.08 6.52 6.88 6.91 7.05 7.11 7.08 6.99 7.08 6.89 7.01 6.82 7.35 7.95 7.90 7.75 7.66 7.72 7.07 6.57 7.05 6.71 6.49 6.78 6.37 6.64 6.95 6.29 6.36 6.61
7.51 7.74 7.84 7.87 8.24 8.51 8.87 8.21 8.15 9.09 9.37 10.09 10.10 10.47 10.69 10.46 10.65 10.60 10.08 10.11 9.90 9.46 9.53 9.53 9.64 9.32 9.28 9.43 9.18 9.23 8.85 8.82 9.16 9.08 8.40 8.60 8.36 8.11 8.01 8.08 7.75 7.08 6.93 7.18 6.88 6.33 6.21 6.04 6.28 6.79 6.92 6.77 6.82 7.12 6.70 6.95 7.25 7.26 7.21 7.32 7.68 7.41 7.56 7.58 7.35 6.71 6.30 6.56 6.87 6.48 6.38 6.29 6.32 6.48 6.25 6.63 6.71
6.87 7.48 7.51 7.72 7.99 8.53 8.17 8.45 8.84 9.47 9.95 10.04 10.23 10.16 10.24 10.00 10.03 10.09 9.99 9.83 9.54 9.46 9.37 9.54 9.53 8.77 8.70 8.92 8.72 8.90 9.00 8.69 8.73 8.52 8.68 8.29 8.31 8.31 8.19 7.96 7.19 6.70 6.36 6.26 6.25 5.88 6.05 6.33 6.40 6.56 7.27 6.92 6.80 6.84 6.52 6.73 6.91 6.84 6.79 6.69 7.48 7.14 7.15 6.86 6.70 6.23 6.29 6.38 6.33 5.92 6.04 6.38 6.25 6.37 6.30 6.76 6.81
6.65 7.67 8.11 7.83 8.00 8.12 8.16 8.73 9.03 9.52 9.62 9.91 10.22 10.26 9.90 9.92 9.75 9.63 9.43 9.21 9.25 9.16 9.04 8.84 8.90 8.53 8.33 8.35 8.47 8.38 8.56 8.71 8.32 9.10 8.64 8.26 8.56 7.95 7.66 7.34 6.40 5.87 5.85 5.46 5.64 5.64 6.00 6.49 6.39 6.63 6.60 6.86 6.66 6.69 6.42 6.57 6.68 6.62 6.55 6.39 6.70 6.66 6.72 6.44 6.37 6.35 5.94 5.86 6.11 6.23 6.32 6.97 6.28 6.23 6.47 6.81 7.07
7.19 7.63 7.79 7.93 8.06 8.22 8.50 8.64 8.77 8.94 9.15 9.48 9.78 9.62 9.49 9.29 9.26 9.24 8.75 8.83 8.66 8.52 8.29 8.17 8.32 8.64 8.52 8.37 8.84 8.51 8.67 8.45 8.27 8.33 8.27 7.50 7.65 6.93 6.46 6.29 5.52 5.60 5.76 5.33 5.64 6.05 6.24 6.51 6.71 6.37 5.94 6.34 6.17 6.40 6.21 6.22 6.13 6.20 6.26 6.07 6.19 6.24 6.00 6.14 6.25 6.18 5.95 5.98 6.51 6.50 5.92 6.10 6.04 6.56 6.89 6.78 6.72
7.13 7.57 7.96 8.10 8.18 8.12 8.18 8.37 8.13 8.48 8.40 9.02 9.20 9.10 8.73 8.30 8.37 8.62 8.62 8.82 8.50 8.25 8.22 8.33 8.59 8.49 8.53 8.50 8.27 8.14 8.32 8.35 8.05 7.99 7.88 7.56 6.93 5.85 5.59 5.69 5.80 6.03 5.76 5.56 5.76 6.09 6.18 6.42 6.83 6.35 5.99 6.51 5.93 6.38 6.18 5.87 5.84 6.11 6.12 5.96 6.02 5.87 5.67 5.55 5.93 6.04 6.38 5.89 5.96 6.03 5.41 5.74 6.03 6.27 6.41 6.30 6.89
7.60 7.89 7.99 7.80 7.63 7.57 7.80 8.01 8.05 8.37 8.63 8.51 8.45 8.59 8.57 8.42 8.33 8.30 8.20 8.27 8.23 7.97 7.82 8.29 8.07 8.39 8.03 7.97 8.20 8.38 8.16 7.95 7.52 7.10 7.09 6.39 6.11 5.65 5.37 6.50 6.28 6.17 5.84 5.79 6.07 6.40 6.49 6.34 6.50 5.97 5.91 6.18 6.28 6.20 5.94 5.69 5.83 5.88 6.07 6.00 5.81 5.96 5.70 5.97 6.23 6.07 6.38 6.15 5.62 5.59 5.51 5.46 5.58 5.90 6.38 6.93 7.19
6.90 7.38 7.33 7.41 7.47 7.22 7.13 7.50 8.06 8.22 8.43 8.44 8.30 8.40 8.50 8.37 8.16 8.18 8.16 7.97 7.96 7.86 7.74 7.77 7.79 8.05 8.13 7.86 7.87 7.67 7.14 6.77 6.45 6.09 6.23 5.90 5.52 5.97 6.09 6.22 5.60 5.77 5.89 6.03 6.09 6.07 6.22 6.33 6.02 5.59 5.77 6.05 5.95 5.91 5.64 5.61 5.67 5.69 5.85 5.88 6.14 6.09 6.33 6.17 5.98 5.96 6.16 5.97 6.12 6.46 5.86 5.66 5.62 6.47 7.23 7.36 7.23
6.45 6.41 6.73 6.84 7.01 6.83 6.94 7.29 8.04 8.01 7.79 7.82 7.56 7.51 7.49 7.75 7.76 7.95 7.62 7.66 7.34 7.49 7.74 7.60 7.66 7.59 7.35 7.53 7.16 6.97 6.37 5.85 6.08 5.94 5.76 5.90 5.50 5.76 5.81 5.64 5.15 5.75 5.96 5.90 5.75 5.52 5.87 6.18 6.22 5.60 5.84 5.78 5.79 5.73 5.63 5.67 5.97 5.86 6.18 6.15 6.17 6.19 6.16 6.02 5.82 6.13 6.24 6.12 6.47 6.38 6.25 6.03 6.63 7.23 7.02 7.00 7.20
6.51 6.19 6.19 6.43 6.45 6.82 7.20 7.22 7.54 7.72 7.65 7.76 7.87 7.68 7.58 7.35 7.07 7.05 7.08 7.36 7.50 7.27 7.19 7.22 6.96 6.90 6.83 6.43 6.33 6.35 6.52 6.61 6.00 5.80 5.98 5.81 6.31 6.33 5.92 5.97 6.11 6.37 6.08 6.23 6.21 5.95 6.14 6.25 6.33 6.45 6.24 5.83 5.85 5.66 5.88 5.94 5.93 5.85 6.17 6.33 6.55 6.41 6.15 6.23 6.15 6.24 6.04 6.24 6.48 6.18 6.30 6.32 6.89 7.02 6.49 6.79 6.76
5.93 5.99 6.12 6.45 6.39 7.18 7.07 7.11 7.37 7.45 7.62 7.43 7.36 7.53 7.29 7.48 7.32 7.09 7.07 7.02 7.33 7.25 7.02 6.86 6.81 6.61 6.70 6.64 6.56 6.66 6.97 6.44 5.85 5.58 5.44 6.00 6.49 6.66 6.87 6.51 6.42 6.07 6.14 6.31 6.03 6.01 6.10 6.24 6.43 6.34 6.07 5.78 5.75 5.77 5.82 5.40 5.34 5.36 5.77 6.30 6.08 6.32 6.75 6.46 6.00 6.18 6.19 6.19 6.49 6.23 6.23 6.39 6.37 6.57 6.27 6.32 6.20
5.98 6.31 6.34 6.42 7.03 7.09 6.65 6.84 6.86 6.81 6.99 6.76 6.75 6.76 6.83 7.09 7.07 7.25 6.98 6.86 6.96 6.90 6.85 6.68 6.82 6.61 6.59 6.68 6.72 6.53 6.20 6.15 6.11 6.08 6.17 6.37 6.41 6.77 6.87 6.86 6.25 5.91 5.91 5.87 5.57 5.45 5.70 5.70 5.93 6.02 5.60 5.71 5.66 5.46 5.44 5.36 5.34 5.44 5.99 6.23 6.17 5.90 5.83 5.94 5.89 5.83 6.24 5.94 5.96 5.85 6.22 6.33 6.22 6.32 6.17 6.43 6.44
6.05 6.34 6.56 6.57 6.88 6.74 6.40 6.52 6.39 6.30 6.56 6.58 6.50 6.34 6.65 6.82 6.94 7.22 7.10 7.04 7.01 6.67 6.34 6.64 6.47 6.47 6.50 6.43 6.17 6.03 5.85 6.17 5.89 6.17 6.37 6.04 5.89 6.18 6.25 6.12 5.70 5.69 5.68 5.71 5.52 5.41 5.37 5.53 5.37 5.64 5.67 5.57 5.48 5.36 5.37 5.69 5.74 5.56 5.65 5.79 5.67 5.82 5.62 5.58 5.49 5.70 5.82 5.82 5.74 5.89 6.17 5.87 6.17 6.28 6.41 6.73 6.85
6.13 6.31 6.38 6.51 6.56 6.50 6.25 6.31 6.41 6.19 6.58 6.42 6.38 6.33 6.61 6.53 6.70 6.89 6.98 6.78 6.79 6.67 6.40 6.27 6.33 6.50 6.53 6.18 5.73 5.26 5.47 5.91 5.99 6.11 6.11 5.71 5.95 6.04 5.67 5.76 5.51 5.79 5.97 6.01 5.69 5.70 5.49 5.40 5.37 5.54 5.51 5.61 5.52 5.51 5.56 5.77 5.86 6.11 6.00 5.72 5.69 5.57 5.18 5.00 5.35 5.52 5.49 5.85 5.83 5.93 6.44 6.10 6.33 6.31 6.49 6.66 6.89
6.39 6.39 6.43 6.45 6.09 5.90 6.32 6.23 6.26 6.47 6.79 6.47 6.52 6.48 6.33 6.60 6.64 6.39 6.75 7.03 6.71 6.73 6.55 6.34 6.09 6.52 6.71 6.22 5.73 5.49 5.90 5.71 5.57 5.80 5.81 5.61 5.77 5.85 5.76 5.76 5.58 5.72 5.82 5.99 5.65 5.69 5.44 5.55 5.46 5.38 5.43 5.21 5.14 5.20 5.20 5.11 5.19 5.36 5.55 5.42 5.35 5.56 5.04 4.87 5.61 5.66 5.83 5.87 5.98 6.15 6.20 6.24 6.47 6.56 6.76 6.89 7.30
6.23 6.15 6.12 6.45 6.09 5.90 5.83 5.67 5.92 6.24 6.64 6.46 6.35 6.50 5.96 6.13 6.53 6.15 5.92 6.17 6.72 6.64 6.36 5.97 6.09 6.45 6.21 6.10 5.91 6.31 6.01 5.79 5.77 5.69 5.87 5.71 5.80 5.77 5.77 5.54 5.50 5.45 5.38 5.37 5.25 5.25 5.18 5.22 5.15 4.95 4.91 4.87 4.92 4.93 5.07 5.00 5.24 5.21 5.26 5.36 5.42 5.90 5.70 5.70 5.81 5.86 5.86 6.12 6.08 5.69 5.72 6.09 6.47 6.59 6.68 6.78 7.46
6.23 6.15 6.12 6.12 6.09 5.83 5.83 5.67 5.61 5.95 6.14 6.16 6.02 6.24 6.07 6.21 6.21 6.01 5.74 5.59 6.32 6.39 6.30 5.84 5.59 5.51 6.11 6.06 6.03 6.15 5.84 5.81 5.67 5.84 5.54 5.64 5.51 5.37 5.20 5.20 5.16 4.90 4.68 4.91 4.90 5.05 5.01 5.05 4.99 4.97 4.83 4.99 5.10 5.08 4.91 5.02 5.11 5.34 5.29 5.20 5.47 5.85 5.89 6.13 6.20 6.10 6.13 6.11 6.04 6.01 6.06 6.12 6.48 6.72 6.78 6.79 7.78
6.21 6.15 6.12 5.05 5.05 5.83 5.83 5.01 5.01 5.56 5.73 5.93 6.29 6.22 5.95 6.04 5.83 5.71 5.78 5.95 6.81 6.78 6.29 6.12 5.58 5.45 5.86 6.03 6.09 5.81 5.62 5.65 5.56 5.61 5.64 5.45 5.05 4.88 4.80 4.94 4.96 4.91 5.07 5.20 5.04 4.99 5.07 4.90 4.92 4.94 4.89 4.98 4.95 5.11 5.20 5.11 5.22 5.03 5.42 5.13 5.27 5.44 5.58 5.72 6.08 5.83 5.98 6.06 6.21 6.20 6.51 6.61 6.84 7.09 6.99 7.43 7.67
6.21 4.72 4.72 5.05 5.05 5.05 5.18 5.31 5.31 5.58 5.77 6.07 5.79 6.05 5.76 5.78 5.79 5.69 5.86 6.38 6.61 6.35 6.09 5.45 5.36 5.60 5.66 5.41 5.28 5.25 5.52 5.22 5.11 5.41 5.16 5.04 4.72 4.63 4.67 4.76 5.10 5.15 5.13 5.07 5.03 5.16 5.07 4.80 4.70 4.87 4.89 4.73 4.82 4.82 4.72 4.78 4.65 4.96 5.05 5.02 5.07 5.05 5.50 5.55 5.62 5.68 6.13 6.39 6.41 6.68 7.01 7.23 7.19 7.48 7.41 7.28 7.06
