files/bom_datasets/05.21.18.txt
ncols 839
nrows 679
xllcenter 112.0500
yllcenter -43.9500
cellsize 0.0500
nodata_value 99999.90
[rows 306 to 339 of 679, columns 154 to 230 of 839]
15.95 15.99 15.98 15.96 15.96 15.95 15.96 15.97 15.98 15.98 15.94 15.95 15.97 15.99 16.00 15.99 15.97 15.97 15.77 15.73 15.76 15.94 15.97 15.97 15.93 15.90 15.89 15.86 15.82 15.81 15.89 15.95 15.89 15.84 15.83 15.79 15.74 15.83 15.84 15.82 15.88 15.94 15.88 15.58 15.61 15.60 15.73 15.85 15.96 15.89 15.84 15.88 15.76 15.83 15.94 15.79 15.80 15.82 15.76 15.83 15.74 15.79 15.85 15.82 15.80 15.78 16.04 15.88 15.84 15.76 15.93 15.90 15.86 15.86 15.92 15.92 15.91
15.97 15.96 15.95 15.94 15.93 15.94 15.94 15.96 15.96 15.95 15.97 15.94 15.96 15.98 15.98 15.98 15.95 15.94 15.80 15.88 15.92 15.91 15.96 15.95 15.88 15.90 15.88 15.80 15.75 15.91 15.83 15.90 15.85 15.81 15.84 15.81 15.79 15.76 15.68 15.74 15.92 15.87 15.84 15.70 15.76 15.73 15.71 15.85 15.94 15.89 15.82 15.79 15.70 15.82 15.87 15.83 15.82 15.76 15.79 15.67 15.80 15.90 15.75 15.62 15.54 15.04 15.80 15.85 15.84 15.73 15.78 15.81 15.90 15.88 15.89 15.90 15.91
15.94 15.93 15.92 15.90 15.93 15.92 15.95 15.96 15.94 15.93 15.94 15.95 15.96 15.96 15.95 15.94 15.95 15.93 15.90 15.93 15.96 15.93 15.94 15.93 15.88 15.88 15.88 15.90 15.88 15.81 15.88 15.85 15.81 15.81 15.80 15.75 15.78 15.77 15.77 15.83 15.78 15.61 15.72 15.76 15.88 15.73 15.72 15.76 15.89 15.88 15.84 15.76 15.74 15.73 15.86 15.71 15.70 15.75 15.87 15.85 15.84 15.84 15.86 15.82 15.77 15.23 15.85 15.88 15.86 15.75 15.83 15.79 15.81 15.80 15.85 15.82 15.87
15.91 15.91 15.91 15.87 15.94 15.90 15.91 15.91 15.91 15.88 15.91 15.93 15.94 15.94 15.94 15.91 15.90 15.90 15.91 15.92 15.94 15.88 15.88 15.90 15.86 15.82 15.91 15.90 15.91 15.83 15.89 15.90 15.86 15.84 15.89 15.89 15.85 15.78 15.77 15.87 15.91 15.89 15.89 15.87 15.88 15.79 15.71 15.71 15.69 15.73 15.74 15.69 15.73 15.78 15.82 15.79 15.80 15.77 15.85 15.90 15.90 15.86 15.89 15.86 15.71 15.47 15.53 15.78 15.75 15.76 15.67 15.66 15.78 15.85 15.85 15.92 15.91
15.87 15.90 15.83 15.76 15.79 15.86 15.85 15.88 15.69 15.82 15.79 15.85 15.89 15.90 15.88 15.89 15.85 15.84 15.78 15.79 15.90 15.89 15.89 15.91 15.84 15.73 15.84 15.87 15.87 15.87 15.83 15.86 15.87 15.82 15.87 15.89 15.89 15.83 15.72 15.87 15.82 15.82 15.80 15.68 15.67 15.80 15.78 15.78 15.64 15.65 15.61 15.65 15.60 15.72 15.87 15.84 15.81 15.73 15.77 15.79 15.76 15.76 15.83 15.86 15.78 15.55 13.76 15.62 15.89 15.67 15.67 15.68 15.78 15.84 15.86 15.80 15.73
15.85 15.86 15.77 14.73 15.49 15.53 15.65 15.87 15.67 15.84 15.80 15.78 15.85 15.83 15.85 15.80 15.84 15.60 15.50 15.44 15.78 15.88 15.88 15.87 15.82 15.79 15.64 15.71 15.88 15.89 15.82 15.78 15.83 15.87 15.85 15.84 15.81 15.83 15.80 15.85 15.84 15.79 15.71 15.68 15.67 15.63 15.58 15.80 15.83 15.84 15.77 15.55 15.77 15.80 15.79 15.85 15.79 15.81 15.75 15.82 15.81 15.79 15.80 15.85 15.72 15.31 15.35 15.77 15.83 15.80 15.73 15.80 15.82 15.85 15.86 15.74 15.74
15.81 15.81 15.71 15.83 15.67 15.72 15.71 15.83 15.83 15.84 15.84 15.83 15.84 15.82 15.80 15.78 15.67 15.78 15.83 15.82 15.71 15.83 15.84 15.83 15.80 15.78 15.60 15.61 15.77 15.83 15.82 15.83 15.80 15.83 15.82 15.75 15.74 15.80 15.77 15.81 15.82 15.81 15.79 15.65 15.69 15.73 15.71 15.78 15.82 15.83 15.84 15.81 15.79 15.76 15.79 15.81 15.73 15.75 15.63 15.63 15.65 15.72 15.76 15.80 15.77 15.63 15.67 15.68 15.85 15.87 15.78 15.79 15.76 15.78 15.84 15.84 15.85
15.75 15.76 15.75 15.79 15.81 15.82 15.77 15.81 15.80 15.83 15.82 15.79 15.82 15.81 15.77 15.82 15.81 15.76 15.79 15.80 15.81 15.80 15.74 15.77 15.84 15.84 15.75 15.54 15.61 15.49 15.50 15.71 15.79 15.71 15.64 15.76 15.71 15.72 15.74 15.77 15.76 15.70 15.70 15.73 15.67 15.74 15.76 15.73 15.66 15.73 15.78 15.68 15.74 15.67 15.75 15.79 15.77 15.74 15.65 15.67 15.68 15.73 15.76 15.72 15.68 15.59 15.50 15.79 15.77 15.77 15.72 15.72 15.66 15.67 15.76 15.83 15.86
15.75 15.77 15.77 15.79 15.80 15.79 15.80 15.80 15.80 15.79 15.80 15.77 15.76 15.71 15.74 15.76 15.72 15.77 15.77 15.82 15.78 15.76 15.58 15.56 15.71 15.80 15.79 15.54 15.61 15.43 15.36 15.60 15.74 15.76 15.64 15.61 15.63 15.79 15.72 15.73 15.73 15.71 15.64 15.73 15.71 15.75 15.78 15.77 15.73 15.74 15.81 15.82 15.75 15.72 15.73 15.71 15.75 15.80 15.70 15.64 15.63 15.75 15.72 15.68 15.70 15.67 15.73 15.80 15.71 15.74 15.73 15.73 15.74 15.71 15.72 15.71 15.80
15.75 15.77 15.78 15.78 15.79 15.79 15.76 15.78 15.79 15.79 15.79 15.74 15.70 15.75 15.79 15.79 15.69 15.64 15.72 15.78 15.70 15.56 15.67 15.77 15.58 15.61 15.77 15.72 15.74 15.60 15.49 15.40 15.48 15.48 15.56 15.53 15.57 15.71 15.73 15.66 15.63 15.68 15.53 15.58 15.75 15.72 15.54 15.76 15.78 15.79 15.74 15.69 15.67 15.74 15.81 15.77 15.76 15.72 15.66 15.61 15.66 15.65 15.75 15.71 15.71 15.64 15.60 15.73 15.61 15.65 15.73 15.73 15.73 15.75 15.74 15.73 15.76
15.74 15.75 15.75 15.75 15.74 15.65 15.71 15.76 15.76 15.76 15.72 15.67 15.59 15.61 15.60 15.61 15.62 15.67 15.66 15.74 15.76 15.66 15.16 15.75 15.73 15.46 15.70 15.75 15.78 15.70 15.59 15.51 15.50 15.51 15.66 15.65 15.52 15.49 15.65 15.72 15.64 15.63 15.62 15.67 15.78 15.71 15.70 15.73 15.74 15.71 15.76 15.76 15.78 15.80 15.79 15.72 15.73 15.66 15.58 15.59 15.69 15.67 15.65 15.76 15.69 15.67 15.64 15.59 15.68 15.70 15.69 15.68 15.67 15.73 15.75 15.76 15.76
15.65 15.70 15.72 15.72 15.65 15.62 15.71 15.73 15.74 15.74 15.57 15.61 15.55 15.39 15.44 15.43 15.65 15.68 15.70 15.70 15.73 15.73 15.66 15.66 15.69 15.73 15.74 15.74 15.77 15.75 15.67 15.68 15.67 15.65 15.62 15.52 15.50 15.43 15.67 15.65 15.64 15.64 15.64 15.66 15.64 15.62 15.58 15.66 15.67 15.62 15.75 15.74 15.74 15.76 15.75 15.71 15.75 15.71 15.62 15.61 15.70 15.64 15.51 15.68 15.70 15.65 15.54 15.54 15.68 15.62 15.55 15.72 15.65 15.63 15.69 15.67 15.73
15.70 15.67 15.70 15.68 15.63 15.52 15.53 15.66 15.70 15.70 15.64 15.63 15.63 15.52 15.51 15.42 15.43 15.59 15.50 15.66 15.69 15.70 15.72 15.69 15.67 15.73 15.73 15.72 15.73 15.73 15.71 15.69 15.65 15.66 15.67 15.57 15.56 15.57 15.72 15.64 15.66 15.70 15.69 15.61 15.58 15.48 15.62 15.62 15.59 15.53 15.43 15.67 15.70 15.71 15.67 15.66 15.70 15.65 15.66 15.65 15.59 15.64 15.57 15.58 15.62 15.57 15.45 15.36 15.57 15.62 15.58 15.68 15.64 15.66 15.65 15.65 15.64
15.66 15.66 15.67 15.65 15.61 15.58 15.60 15.65 15.64 15.66 15.63 15.69 15.63 15.55 15.53 15.51 15.51 15.63 15.63 15.62 15.62 15.55 15.55 15.66 15.67 15.63 15.55 15.63 15.69 15.70 15.69 15.67 15.66 15.63 15.59 15.58 15.60 15.72 15.71 15.67 15.70 15.79 15.56 15.43 15.45 15.53 15.51 15.63 15.60 14.95 13.93 14.44 15.30 15.31 15.62 15.66 15.61 15.63 15.69 15.68 15.64 15.54 15.43 15.53 15.48 15.45 15.53 15.55 15.65 15.64 15.63 15.70 15.71 15.60 15.66 15.66 15.62
15.59 15.63 15.59 15.58 15.60 15.64 15.64 15.62 15.56 15.64 15.61 15.60 15.58 15.57 15.55 15.46 15.52 15.64 15.64 15.62 15.62 15.52 15.51 15.45 15.61 15.42 15.30 15.23 15.59 15.66 15.67 15.65 15.67 15.62 15.62 15.59 15.60 15.68 15.66 15.69 15.55 15.51 15.47 15.50 15.47 15.43 15.44 15.60 15.56 14.91 14.85 14.94 14.83 13.91 15.29 15.57 15.52 15.58 15.64 15.62 15.57 15.51 15.38 15.47 15.52 15.51 15.58 15.57 15.58 15.64 15.58 15.61 15.60 15.62 15.62 15.60 15.61
15.59 15.58 15.61 15.64 15.63 15.65 15.63 15.59 15.54 15.57 15.56 15.56 15.57 15.58 15.53 15.42 15.50 15.46 15.39 15.59 15.53 15.40 15.53 15.22 15.44 15.50 15.34 15.41 15.28 15.53 15.61 15.64 15.67 15.65 15.59 15.54 15.39 15.51 15.69 15.69 15.65 15.59 15.48 15.34 15.48 15.52 15.57 15.35 14.85 14.13 14.83 14.12 14.70 15.14 14.45 14.88 15.25 15.42 15.46 15.64 15.53 15.35 15.24 15.33 15.53 15.57 15.59 15.49 15.57 15.52 15.50 15.61 15.63 15.58 15.63 15.59 15.62
15.60 15.61 15.61 15.61 15.61 15.62 15.62 15.61 15.58 15.53 15.54 15.50 15.47 15.50 15.53 15.31 15.48 15.40 15.33 15.49 15.57 15.50 15.59 15.43 15.45 15.48 15.38 15.33 15.22 15.37 15.44 15.56 15.63 15.61 15.59 15.54 15.18 15.39 15.62 15.64 15.61 15.56 15.62 15.61 15.60 15.60 15.34 15.14 14.58 13.61 13.78 14.15 14.78 15.22 13.91 15.34 14.50 14.68 14.77 15.37 15.41 15.38 15.39 15.40 15.54 15.58 15.54 15.58 15.50 15.59 15.55 15.63 15.65 15.62 15.63 15.61 15.56
15.58 15.58 15.59 15.59 15.57 15.58 15.58 15.60 15.56 15.52 15.50 15.55 15.48 15.54 15.57 15.45 15.49 15.57 15.41 15.42 15.46 15.46 15.52 15.53 15.43 15.45 15.40 15.27 15.27 15.26 15.36 15.36 15.49 15.55 15.61 15.59 15.52 15.59 15.55 15.61 15.63 15.50 15.53 15.53 15.57 15.61 15.54 15.49 15.50 15.29 14.25 15.26 15.39 13.99 13.36 12.03 13.60 13.03 14.16 14.93 15.04 15.22 15.38 15.46 15.48 15.49 15.48 15.55 15.55 15.16 15.47 15.56 15.65 15.64 15.61 15.60 15.55
15.46 15.57 15.56 15.58 15.57 15.57 15.56 15.58 15.56 15.56 15.49 15.52 15.49 15.53 15.52 15.53 15.37 15.39 15.39 15.36 15.51 15.50 15.44 15.49 15.47 15.39 15.34 15.33 15.38 15.46 15.42 15.36 15.38 15.52 15.57 15.61 15.56 15.53 15.47 15.59 15.58 15.49 15.52 15.50 15.49 15.50 15.46 15.51 15.61 15.62 15.45 15.01 14.98 14.32 14.74 14.15 13.03 14.09 15.39 15.35 15.33 15.30 15.30 15.25 15.32 15.12 15.30 15.46 15.50 15.53 15.49 15.53 15.60 15.56 15.56 15.61 15.54
15.46 15.57 15.54 15.57 15.55 15.53 15.53 15.55 15.55 15.56 15.55 15.45 15.45 15.50 15.58 15.56 15.42 15.30 15.20 15.41 15.41 15.47 15.54 15.48 15.48 15.41 15.38 15.35 15.50 15.45 15.38 15.23 15.31 15.41 15.52 15.56 15.55 15.57 15.58 15.59 15.56 15.54 15.44 15.45 15.51 15.52 15.46 15.48 15.57 15.58 15.53 15.44 15.05 14.94 15.31 15.24 14.76 15.05 15.32 15.44 15.20 15.26 15.45 15.50 15.18 15.25 15.29 15.19 15.40 15.43 15.32 15.39 15.52 15.56 15.53 15.51 15.53
15.44 15.44 15.53 15.52 15.53 15.52 15.52 15.53 15.52 15.52 15.54 15.47 15.45 15.50 15.49 15.53 15.56 15.50 15.51 15.41 15.26 15.33 15.30 15.48 15.36 15.41 15.37 15.40 15.42 15.46 15.48 15.38 15.45 15.31 15.34 15.49 15.55 15.54 15.54 15.54 15.53 15.46 15.49 15.47 15.43 15.49 15.37 15.33 15.44 15.45 15.48 15.51 15.54 15.52 15.56 15.55 15.58 15.55 15.52 15.54 15.45 15.47 15.55 15.24 14.87 15.16 15.20 15.29 15.32 15.40 15.38 15.24 15.39 15.44 15.50 15.43 15.37
15.47 15.50 15.52 15.42 15.47 15.51 15.50 15.51 15.51 15.49 15.50 15.52 15.45 15.41 15.44 15.48 15.52 15.53 15.51 15.31 15.30 15.30 15.45 15.39 15.36 15.41 15.47 15.46 15.34 15.28 15.48 15.39 15.41 15.32 15.37 15.48 15.53 15.52 15.50 15.48 15.48 15.44 15.51 15.49 15.49 15.51 15.46 15.42 15.44 15.33 15.41 15.45 15.49 15.51 15.54 15.56 15.54 15.54 15.50 15.50 15.49 15.47 15.55 15.37 14.97 15.00 15.01 15.25 15.44 15.39 15.30 15.21 15.26 15.30 15.37 15.41 15.38
15.49 15.50 15.51 15.40 15.44 15.45 15.49 15.48 15.48 15.49 15.49 15.44 15.48 15.39 15.41 15.48 15.51 15.52 15.48 15.50 15.49 15.47 15.54 15.46 15.43 15.37 15.45 15.47 15.46 15.44 15.48 15.29 15.40 15.28 15.38 15.48 15.45 15.47 15.47 15.50 15.46 15.32 15.42 15.52 15.46 15.46 15.47 15.46 15.45 15.46 15.42 15.50 15.51 15.49 15.51 15.52 15.55 15.54 15.55 15.52 15.52 15.52 15.46 15.41 15.35 14.97 14.74 15.20 15.27 15.43 15.36 15.23 15.15 15.26 15.35 15.38 15.39
15.44 15.47 15.47 15.46 15.35 15.38 15.46 15.42 15.43 15.47 15.42 15.35 15.46 15.32 15.34 15.41 15.49 15.46 15.49 15.49 15.50 15.39 15.48 15.41 15.38 15.40 15.49 15.35 15.38 15.44 15.48 15.43 15.50 15.38 15.36 15.34 15.47 15.42 15.44 15.48 15.49 15.37 15.40 15.46 15.37 15.41 15.47 15.47 15.50 15.52 15.47 15.47 15.48 15.47 15.51 15.53 15.53 15.52 15.47 15.51 15.51 15.46 15.42 15.41 15.31 15.25 14.99 14.99 15.25 15.49 15.39 15.32 15.24 15.28 15.31 15.34 15.36
15.40 15.43 15.43 15.45 15.44 15.28 15.42 15.42 15.44 15.45 15.41 15.22 15.36 15.25 15.30 15.51 15.51 15.45 15.45 15.40 15.37 15.43 15.43 15.47 15.39 15.24 15.39 15.36 15.24 15.30 15.38 15.38 15.41 15.36 15.31 15.34 15.46 15.43 15.43 15.47 15.40 15.45 15.44 15.36 15.40 15.48 15.50 15.46 15.53 15.48 15.47 15.47 15.46 15.46 15.48 15.40 15.33 15.39 15.46 15.37 15.34 15.40 15.40 15.38 15.37 15.42 15.35 15.03 15.23 15.23 15.18 15.33 15.28 15.21 15.25 15.24 15.21
15.41 15.41 15.40 15.40 15.37 15.38 15.40 15.40 15.41 15.41 15.43 15.38 15.23 15.32 15.42 15.46 15.48 15.47 15.44 15.42 15.40 15.42 15.39 15.45 15.43 15.34 15.37 15.41 15.35 15.36 15.18 15.22 15.34 15.24 15.32 15.40 15.44 15.38 15.40 15.47 15.44 15.37 15.40 15.42 15.38 15.42 15.42 15.40 15.39 15.40 15.48 15.44 15.42 15.40 15.44 15.40 15.42 15.43 15.40 15.38 15.31 15.32 15.38 15.25 15.30 15.31 15.22 15.10 15.19 15.24 15.13 15.21 15.21 15.29 15.29 15.20 15.18
15.31 15.30 15.28 15.27 15.37 15.38 15.39 15.40 15.40 15.39 15.35 15.41 15.28 15.15 15.30 15.43 15.42 15.44 15.42 15.40 15.41 15.40 15.43 15.44 15.44 15.34 15.22 15.36 15.31 15.31 15.34 15.38 15.36 15.26 15.21 15.41 15.39 15.39 15.34 15.42 15.38 15.33 15.35 15.36 15.36 15.37 15.29 15.33 15.39 15.38 15.44 15.45 15.31 15.21 15.21 15.24 15.38 15.42 15.37 15.39 15.36 15.40 15.36 15.38 15.34 14.96 14.93 15.27 15.04 15.05 15.34 15.33 15.29 15.28 15.18 15.20 15.29
15.34 15.32 15.31 15.35 15.36 15.38 15.36 15.39 15.38 15.36 15.35 15.29 15.33 15.12 15.16 15.35 15.40 15.41 15.37 15.34 15.39 15.41 15.41 15.40 15.39 15.35 15.32 15.27 15.23 15.24 15.17 15.24 15.29 15.22 15.32 15.39 15.39 15.40 15.38 15.36 15.25 15.23 15.31 15.29 15.24 15.23 15.31 15.36 15.34 15.29 15.27 15.29 15.22 15.27 15.21 15.11 15.32 15.36 15.31 15.34 15.34 15.35 15.28 15.22 15.10 14.30 13.97 14.72 14.26 13.96 14.68 15.25 15.20 15.23 15.18 15.24 15.14
15.31 15.34 15.25 15.30 15.33 15.39 15.35 15.34 15.35 15.29 15.12 14.47 14.62 15.12 15.23 15.29 15.40 15.36 15.30 15.33 15.38 15.37 15.32 15.35 15.36 15.37 15.33 15.21 15.24 15.34 15.31 15.30 15.34 15.31 15.37 15.37 15.34 15.30 15.26 15.32 15.28 15.17 15.16 15.19 15.28 15.12 15.28 15.34 15.30 15.22 15.22 15.24 15.25 15.31 15.22 15.21 15.22 15.32 15.31 15.30 15.31 15.26 15.22 15.22 15.31 15.34 15.16 15.36 15.17 14.91 13.73 14.19 15.06 15.17 15.15 15.18 15.18
15.24 15.29 15.16 15.25 15.32 15.35 15.33 15.33 15.32 15.34 15.29 15.02 15.11 15.00 15.30 15.25 15.29 15.23 15.34 15.30 15.33 15.36 15.37 15.36 15.36 15.38 15.33 15.22 15.12 15.14 15.23 15.30 15.27 15.31 15.35 15.36 15.35 15.30 15.16 15.32 15.23 15.16 15.17 15.14 15.20 15.13 15.20 15.26 15.17 15.22 15.23 15.19 15.25 15.26 15.22 15.26 15.17 15.22 15.27 15.33 15.33 15.33 15.28 15.28 15.30 15.32 15.32 15.22 15.28 15.16 15.23 14.92 14.91 15.12 15.16 15.14 15.14
15.22 15.17 15.24 15.17 15.29 15.29 15.30 15.30 15.29 15.29 15.29 15.29 15.17 15.03 15.23 15.28 15.22 15.28 15.33 15.27 15.34 15.30 15.34 15.33 15.34 15.35 15.33 15.26 15.18 15.30 15.24 15.16 15.25 15.31 15.34 15.34 15.33 15.27 15.20 15.17 15.06 15.18 15.25 15.16 15.18 15.07 15.13 15.24 15.23 15.28 15.20 15.21 15.23 15.25 15.18 15.18 15.27 15.24 15.26 15.32 15.33 15.33 15.33 15.27 15.19 15.10 15.09 15.18 15.28 15.29 15.26 15.21 14.99 15.17 15.20 15.22 15.16
15.25 15.09 15.25 15.25 15.29 15.31 15.27 15.29 15.25 15.25 15.28 15.27 15.30 15.26 15.11 15.25 15.31 15.24 15.18 15.01 15.30 15.30 15.32 15.32 15.33 15.33 15.28 15.29 15.28 15.26 15.17 15.18 15.23 15.31 15.32 15.32 15.29 15.26 15.19 15.11 15.07 14.99 15.12 15.17 15.16 15.17 15.04 15.02 15.10 15.21 15.10 14.98 15.08 15.14 15.16 15.15 15.14 15.24 15.24 15.28 15.30 15.28 15.19 15.23 15.12 15.01 15.07 15.16 15.13 15.15 15.14 15.20 15.07 15.16 15.18 15.22 15.12
15.28 15.27 15.26 15.27 15.16 15.16 15.09 15.21 15.19 15.20 15.10 15.21 15.30 15.29 15.32 15.24 15.29 15.26 15.20 14.92 15.11 15.30 15.31 15.30 15.32 15.32 15.33 15.32 15.23 15.22 15.31 15.27 15.25 15.27 15.30 15.30 15.24 15.23 15.12 14.99 15.10 14.99 15.14 15.17 15.16 15.07 15.06 14.96 14.89 15.00 15.17 15.14 15.14 15.21 15.25 15.20 15.20 15.14 15.20 15.27 15.27 15.16 15.12 15.12 15.06 15.11 15.13 15.17 15.19 15.19 15.21 15.07 14.67 14.80 15.23 15.20 15.19
15.19 15.19 15.24 15.25 15.26 15.20 15.18 15.19 15.19 15.19 15.15 15.08 15.21 15.28 15.30 15.26 15.30 15.28 15.21 15.12 15.19 15.27 15.30 15.29 15.28 15.29 15.31 15.30 15.09 15.17 15.26 15.29 15.28 15.28 15.28 15.28 15.20 15.17 15.07 15.09 15.09 15.04 14.99 15.07 15.15 15.02 15.07 14.94 14.93 14.94 15.20 15.23 15.17 15.09 15.01 15.16 15.13 15.17 15.20 15.24 15.25 15.16 15.11 15.12 15.04 15.08 15.08 15.10 15.15 15.18 15.15 14.88 14.77 15.13 15.12 15.26 15.15
