files/bom_datasets/05.22.18.txt
ncols 839
nrows 679
xllcenter 112.0500
yllcenter -43.9500
cellsize 0.0500
nodata_value 99999.90
[rows 544 to 577 of 679, columns 693 to 769 of 839]
3.76 4.97 4.03 5.15 7.90 6.55 5.23 6.00 8.07 5.27 6.46 6.78 7.23 7.38 4.71 6.04 6.63 4.99 5.15 4.53 6.65 6.39 5.92 5.08 3.67 4.58 6.85 6.68 6.09 6.01 5.52 6.58 6.25 5.92 5.10 4.56 5.03 4.31 3.88 5.13 5.71 4.51 4.34 3.73 3.75 4.42 4.94 5.59 5.04 5.90 4.57 6.95 6.47 5.51 6.75 8.43 7.69 6.51 5.49 6.20 5.86 7.96 8.40 6.75 6.64 8.40 8.40 8.40 8.40 8.40 8.40 8.40 8.40 8.40 8.40 8.40 99999.90
4.05 3.87 4.06 3.92 6.95 8.56 4.16 3.51 8.05 6.23 8.08 7.62 6.42 6.88 4.39 4.63 5.97 5.88 7.54 5.74 5.66 5.94 6.86 7.67 5.40 3.97 5.79 6.57 5.43 5.93 5.72 6.10 5.36 5.79 5.59 4.57 5.04 4.79 4.93 4.98 5.68 4.56 3.73 2.61 3.59 3.35 5.01 6.96 6.04 7.11 4.31 4.25 5.23 5.71 5.28 6.29 5.74 5.99 5.81 5.80 5.11 6.10 6.41 5.65 7.09 8.40 8.40 8.40 8.40 8.40 8.40 8.40 8.40 8.40 8.40 8.40 99999.90
4.38 3.54 5.70 4.23 5.46 8.75 7.37 4.60 6.78 4.77 7.91 7.65 6.71 7.39 5.37 4.08 4.26 4.79 6.53 6.11 5.88 5.04 6.65 7.84 6.02 4.30 5.46 6.08 5.79 5.82 5.35 5.47 4.64 5.33 4.93 3.85 4.96 5.26 5.31 5.18 5.14 3.70 3.66 3.65 6.04 3.16 5.44 5.80 5.02 7.20 5.10 3.89 5.89 4.95 4.55 4.99 5.30 4.50 4.56 4.96 5.73 6.27 5.40 3.78 5.71 5.71 5.71 8.40 8.40 8.40 8.40 8.40 8.40 8.40 8.40 8.40 99999.90
3.71 3.89 6.11 5.13 4.64 4.93 6.69 6.40 8.20 4.53 6.78 7.12 5.57 6.31 5.79 4.77 4.32 4.27 5.33 5.45 6.78 5.84 5.31 6.80 6.75 5.27 4.97 5.16 6.33 5.72 5.27 4.60 4.52 5.37 4.70 4.16 4.54 5.01 5.96 6.00 4.27 2.74 2.78 5.36 8.03 4.77 5.16 4.25 4.22 6.47 5.05 2.35 4.03 4.98 4.40 5.49 5.84 4.19 4.31 4.62 5.75 6.44 5.30 4.21 6.36 6.36 6.36 8.48 8.48 8.48 8.48 8.48 8.48 8.48 8.48 8.48 99999.90
3.77 4.24 4.09 5.47 7.30 4.93 5.16 3.88 6.34 4.42 6.37 6.93 5.27 5.81 5.61 4.67 4.40 4.75 4.80 4.71 6.40 7.11 6.04 5.65 4.90 5.20 5.60 4.86 4.74 5.33 5.96 4.86 5.23 5.51 6.28 5.30 4.89 5.05 5.53 5.42 4.82 3.67 3.35 4.22 6.66 7.04 4.93 4.08 3.56 5.18 5.47 3.40 3.73 3.72 3.69 4.82 4.90 4.63 4.27 4.44 5.82 6.50 5.94 5.35 6.36 6.36 8.48 8.48 8.48 8.48 8.48 8.48 8.48 8.48 8.48 8.48 99999.90
5.04 4.21 2.31 3.85 6.54 6.20 6.49 5.64 7.07 5.14 6.32 5.61 5.00 6.03 5.36 4.52 4.19 4.75 6.43 4.89 4.73 6.20 7.06 5.89 3.93 4.17 5.41 5.39 5.04 5.36 5.93 5.02 4.60 4.85 5.44 5.27 5.74 5.16 4.56 4.46 3.52 3.79 4.20 4.41 3.92 4.91 3.79 4.23 3.48 5.02 4.72 3.80 4.00 3.46 3.55 4.91 4.94 4.95 4.66 5.02 6.33 6.71 7.13 6.56 5.93 8.48 8.48 8.48 8.48 8.48 8.48 8.48 8.48 8.48 8.48 8.48 99999.90
7.25 5.91 2.63 5.17 6.08 4.89 5.38 5.67 6.07 4.99 5.72 5.52 4.36 4.81 4.87 4.52 4.11 4.17 6.00 6.06 4.97 4.85 5.78 5.96 5.04 5.00 4.09 4.74 5.11 5.06 4.70 5.35 4.87 4.08 4.19 4.82 4.95 5.88 4.41 3.41 2.70 2.80 5.14 4.67 4.56 4.45 3.66 4.24 4.35 4.76 3.98 3.58 3.86 3.50 4.30 5.03 4.42 4.70 5.62 5.39 7.02 6.71 7.13 6.56 5.93 8.48 8.48 8.48 8.48 8.48 8.48 8.48 8.48 8.48 8.48 8.48 99999.90
4.77 5.35 3.04 6.07 6.76 4.60 5.74 5.48 6.41 4.63 4.31 5.18 4.71 4.87 4.81 4.80 4.27 4.31 4.60 5.47 5.89 5.11 5.43 5.30 4.61 4.73 4.49 4.64 5.79 5.73 4.76 5.48 5.28 4.84 4.07 4.18 4.48 5.48 4.82 3.36 2.62 3.06 4.58 4.43 4.81 3.92 4.03 5.15 5.05 4.37 4.24 3.87 3.87 4.25 4.98 4.64 4.42 4.43 5.09 6.61 7.38 7.38 7.13 6.56 5.93 8.48 8.48 8.48 8.48 8.48 8.48 8.48 8.48 8.48 8.48 8.48 99999.90
6.39 6.51 3.90 5.80 6.32 5.56 6.66 5.56 6.32 4.60 3.97 4.44 4.41 4.65 4.31 4.55 4.40 4.69 4.08 4.53 4.82 4.82 4.88 5.82 5.15 4.62 4.75 4.82 5.51 5.33 5.02 4.15 4.23 4.69 4.71 4.38 4.03 4.59 5.19 4.32 3.82 3.86 3.76 4.24 4.71 4.35 4.18 4.84 5.23 4.99 5.28 4.91 4.22 5.03 4.76 5.63 6.09 4.82 5.44 6.93 7.38 7.38 7.38 6.56 5.93 8.48 8.48 8.48 8.48 8.48 8.48 8.48 8.48 8.48 8.48 8.48 99999.90
6.96 6.10 4.86 4.62 6.12 5.64 5.80 4.37 4.42 4.64 3.86 4.11 4.65 4.17 3.95 4.20 4.47 5.28 5.28 5.03 4.38 4.41 5.35 5.90 4.60 4.81 5.15 4.81 4.91 5.19 4.79 4.25 4.34 5.11 5.31 5.15 5.45 4.88 3.60 3.72 4.47 3.78 3.67 4.30 4.49 4.55 5.06 4.99 5.15 5.16 5.30 5.91 5.27 5.93 5.49 5.54 5.37 5.39 5.41 6.93 6.93 7.38 7.38 7.38 5.93 8.48 8.48 8.48 8.48 8.48 8.48 8.48 8.48 8.48 8.48 8.48 99999.90
6.29 6.30 5.03 4.62 5.02 5.78 5.82 4.53 4.46 3.89 3.71 4.10 5.05 5.06 4.86 5.07 5.33 5.27 5.73 5.27 4.93 4.66 4.38 4.82 3.82 4.09 4.43 4.46 4.43 4.01 4.19 4.72 4.56 4.54 5.00 5.76 6.08 5.60 4.16 4.31 4.16 4.28 4.30 4.39 4.77 5.22 5.95 5.86 5.56 6.13 5.81 7.20 6.45 6.38 5.43 4.69 5.06 5.39 5.41 5.41 6.93 6.93 7.38 7.38 5.93 8.48 8.48 8.48 8.48 8.48 8.48 8.48 8.48 8.48 8.48 8.48 99999.90
6.28 4.80 5.07 5.04 4.54 5.27 4.80 3.96 4.28 4.13 4.27 4.39 5.06 5.66 5.93 6.35 5.96 4.99 4.76 5.28 5.27 4.83 4.76 5.44 4.24 3.86 3.92 4.37 4.20 3.96 4.37 4.40 4.28 4.29 4.34 4.65 4.97 4.87 4.84 5.11 5.20 5.36 4.30 4.39 4.77 5.22 5.95 5.86 5.56 6.13 5.81 7.20 6.45 6.38 5.43 4.69 5.06 5.06 5.41 5.41 5.41 6.93 6.93 7.38 7.38 8.48 8.48 8.48 8.48 8.48 8.48 8.48 8.48 8.48 8.48 8.48 99999.90
7.64 4.89 4.93 4.88 5.17 5.95 5.46 4.86 4.11 4.13 4.96 5.09 5.60 5.92 6.08 6.05 6.06 5.67 5.28 5.52 5.65 5.12 5.29 5.44 4.90 3.84 4.24 4.90 4.53 3.96 4.37 4.40 4.28 4.29 4.34 4.65 4.97 4.87 4.84 5.11 5.20 5.36 5.36 4.39 4.77 5.22 5.95 5.86 5.56 6.13 5.81 7.20 6.45 6.38 5.43 4.69 5.06 5.06 5.06 5.41 5.41 5.41 6.93 6.93 7.38 8.48 8.48 8.48 8.48 8.48 8.48 8.48 8.48 8.48 8.48 8.48 99999.90
7.61 6.05 5.75 5.38 5.99 6.80 6.20 5.65 5.26 5.33 6.16 6.26 5.85 6.49 6.40 5.44 6.21 6.40 6.12 5.75 5.86 5.65 4.90 4.61 3.91 3.84 4.24 4.90 4.53 4.53 4.37 4.40 4.28 4.29 4.34 4.65 4.97 4.87 4.84 5.11 5.20 5.36 5.36 5.36 4.77 5.22 5.95 5.86 5.56 6.13 5.81 7.20 6.45 6.38 5.43 4.69 5.06 5.06 5.06 5.41 5.41 5.41 5.41 6.93 6.93 7.38 8.48 8.48 8.48 8.48 8.48 8.48 8.48 8.48 8.48 8.48 99999.90
7.81 6.03 5.46 5.67 6.85 6.43 5.93 6.22 6.19 6.40 6.46 6.26 5.86 6.31 6.00 5.55 6.50 7.05 6.13 5.83 5.63 4.60 4.20 4.61 3.91 3.91 4.24 4.90 4.53 4.53 4.53 4.40 4.28 4.29 4.34 4.65 4.97 4.87 4.84 5.11 5.20 5.36 5.36 5.36 4.77 5.22 5.95 5.86 5.56 6.13 5.81 7.20 6.45 6.38 5.43 4.69 5.06 5.06 5.06 5.06 5.41 5.41 5.41 5.41 6.93 6.93 8.48 8.48 8.48 8.48 8.48 8.48 8.48 8.48 8.48 8.48 99999.90
6.84 5.65 4.97 5.40 6.51 5.80 5.50 5.61 5.48 4.98 5.45 5.81 5.65 5.90 6.57 6.82 7.07 6.68 6.02 4.62 4.29 4.60 4.20 4.20 3.91 3.91 3.91 4.90 4.53 4.53 4.53 4.40 4.28 4.29 4.34 4.65 4.97 4.87 4.84 5.11 5.20 5.36 5.36 5.36 4.77 5.22 5.95 5.86 5.56 6.13 5.81 7.20 6.45 6.38 5.43 4.69 5.06 5.06 5.06 5.06 5.41 5.41 5.41 5.41 5.41 6.93 6.93 8.48 8.48 8.48 8.48 8.48 8.48 8.48 8.48 8.48 99999.90
6.13 4.88 4.82 4.78 5.35 4.86 4.96 5.72 5.68 5.25 5.14 5.81 5.65 5.90 6.57 6.17 5.68 5.55 4.90 4.62 4.29 4.29 4.20 4.20 4.20 3.91 3.91 4.90 4.53 4.53 4.53 4.40 4.28 4.29 4.34 4.65 4.97 4.87 4.84 5.11 5.20 5.36 5.36 5.36 5.36 5.22 5.95 5.86 5.56 6.13 5.81 7.20 6.45 6.38 5.43 4.69 5.06 5.06 5.06 5.06 5.06 5.41 5.41 5.41 5.41 5.41 6.93 6.93 7.38 7.38 7.38 99999.90 99999.90 99999.90 99999.90 99999.90 99999.90
4.92 4.64 4.65 5.24 5.72 4.84 4.65 5.26 5.66 6.64 6.79 6.79 5.65 5.11 5.12 5.12 4.77 5.55 4.90 4.90 4.29 4.29 4.29 4.20 4.20 3.91 3.91 4.90 4.53 4.53 4.53 4.53 4.28 4.29 4.34 4.65 4.97 4.87 4.84 5.11 5.20 5.36 5.36 5.36 5.36 5.22 5.95 5.86 5.56 6.13 5.81 7.20 6.45 6.38 5.43 4.69 5.06 5.06 5.06 5.06 5.06 5.41 5.41 5.41 5.41 5.41 5.41 6.93 6.93 7.38 7.38 99999.90 99999.90 99999.90 99999.90 99999.90 99999.90
4.88 4.52 4.51 5.44 5.24 3.95 4.28 5.18 5.85 6.93 7.62 7.62 4.95 5.11 5.11 5.02 4.77 4.77 4.90 4.90 4.90 4.29 4.29 4.20 4.20 4.20 3.91 3.91 4.53 4.53 4.53 4.53 4.28 4.29 4.34 4.65 4.97 4.87 4.84 5.11 5.20 5.36 5.36 5.36 5.36 5.22 5.95 5.86 5.56 6.13 5.81 7.20 6.45 6.38 5.43 4.69 5.06 5.06 5.06 5.06 5.06 5.06 5.41 5.41 5.41 5.41 5.41 5.41 6.93 6.93 99999.90 99999.90 99999.90 99999.90 99999.90 99999.90 99999.90
4.97 3.85 3.63 3.53 4.20 4.91 4.75 5.41 5.69 6.10 5.40 5.00 4.95 5.03 5.32 5.02 5.02 4.77 4.77 4.90 4.90 4.29 4.29 4.29 4.20 4.20 3.91 3.91 4.53 4.53 4.53 4.53 4.28 4.29 4.34 4.65 4.97 4.87 4.84 5.11 5.20 5.36 5.36 5.36 5.36 5.36 5.95 5.86 5.56 6.13 5.81 7.20 6.45 6.38 5.43 4.69 5.06 5.06 5.06 5.06 5.06 5.06 5.41 5.41 5.41 5.41 5.41 5.41 5.41 99999.90 99999.90 99999.90 99999.90 99999.90 99999.90 99999.90 99999.90
3.79 4.05 4.30 4.43 4.43 4.81 5.04 5.79 4.65 4.53 5.05 5.18 5.42 5.03 5.32 5.32 5.02 5.02 4.77 4.90 4.90 4.90 4.29 4.29 4.20 4.20 4.20 3.91 4.53 4.53 4.53 4.53 4.53 4.29 4.34 4.65 4.97 4.87 4.84 5.11 5.20 5.36 5.36 5.36 5.36 5.36 5.95 5.86 5.56 6.13 5.81 7.20 6.45 6.38 5.43 4.69 5.06 5.06 5.06 5.06 5.06 5.06 5.06 5.06 5.06 5.06 5.06 99999.90 99999.90 99999.90 99999.90 99999.90 99999.90 99999.90 99999.90 99999.90 99999.90
5.44 5.71 5.63 5.72 5.13 4.72 4.84 5.24 5.32 5.65 5.13 5.55 5.42 5.42 5.32 5.32 5.32 5.02 5.02 4.77 4.90 4.90 4.29 4.29 4.29 4.20 4.20 3.91 3.91 4.53 4.53 4.53 4.53 4.29 4.34 4.65 4.97 4.87 4.84 5.11 5.20 5.36 5.36 5.36 5.36 5.36 5.36 5.36 5.36 5.36 5.36 5.36 99999.90 99999.90 99999.90 99999.90 99999.90 99999.90 99999.90 99999.90 99999.90 99999.90 99999.90 99999.90 99999.90 99999.90 99999.90 99999.90 99999.90 99999.90 99999.90 99999.90 99999.90 99999.90 99999.90 99999.90 99999.90
5.57 5.90 5.21 5.32 5.36 5.65 5.78 5.89 5.95 6.14 5.81 5.55 5.55 5.42 5.42 5.32 5.32 5.32 5.02 5.02 4.90 4.90 4.90 4.29 4.29 4.20 4.20 4.20 3.91 4.53 4.53 4.53 4.53 4.53 4.53 4.53 4.53 4.53 4.53 99999.90 99999.90 99999.90 99999.90 99999.90 99999.90 99999.90 99999.90 99999.90 99999.90 99999.90 99999.90 99999.90 99999.90 99999.90 99999.90 99999.90 99999.90 99999.90 99999.90 99999.90 99999.90 99999.90 99999.90 99999.90 99999.90 99999.90 99999.90 99999.90 99999.90 99999.90 99999.90 99999.90 99999.90 99999.90 99999.90 99999.90 99999.90
5.57 6.18 5.36 5.57 5.59 6.06 6.83 6.13 6.32 6.42 5.81 5.81 5.55 5.55 5.42 5.32 5.32 5.32 5.32 5.02 5.02 4.90 4.90 4.29 4.29 4.29 4.20 4.20 3.91 3.91 3.91 3.91 3.91 3.91 3.91 99999.90 99999.90 99999.90 99999.90 99999.90 99999.90 99999.90 99999.90 99999.90 99999.90 99999.90 99999.90 99999.90 99999.90 99999.90 99999.90 99999.90 99999.90 99999.90 99999.90 99999.90 99999.90 99999.90 99999.90 99999.90 99999.90 99999.90 99999.90 99999.90 99999.90 99999.90 99999.90 99999.90 99999.90 99999.90 99999.90 99999.90 99999.90 99999.90 99999.90 99999.90 99999.90
4.97 4.63 4.67 5.08 5.36 6.07 5.67 5.69 6.32 6.42 6.42 5.81 5.81 5.55 5.55 5.42 5.32 5.32 5.32 5.32 5.02 5.02 4.90 4.90 4.29 4.29 4.20 4.20 4.20 4.20 4.20 4.20 4.20 99999.90 99999.90 99999.90 99999.90 99999.90 99999.90 99999.90 99999.90 99999.90 99999.90 99999.90 99999.90 99999.90 99999.90 99999.90 99999.90 99999.90 99999.90 99999.90 99999.90 99999.90 99999.90 99999.90 99999.90 99999.90 99999.90 99999.90 99999.90 99999.90 99999.90 99999.90 99999.90 99999.90 99999.90 99999.90 99999.90 99999.90 99999.90 99999.90 99999.90 99999.90 99999.90 99999.90 99999.90
6.09 5.03 4.57 4.88 5.20 5.35 5.48 5.69 5.69 6.42 6.42 6.42 5.81 5.81 5.55 5.55 5.32 5.32 5.32 5.32 5.32 5.02 4.90 4.90 4.29 4.29 4.29 4.29 4.29 4.29 4.29 99999.90 99999.90 99999.90 99999.90 99999.90 99999.90 99999.90 99999.90 99999.90 99999.90 99999.90 99999.90 99999.90 99999.90 99999.90 99999.90 99999.90 99999.90 99999.90 99999.90 99999.90 99999.90 99999.90 99999.90 99999.90 99999.90 99999.90 99999.90 99999.90 99999.90 99999.90 99999.90 99999.90 99999.90 99999.90 99999.90 99999.90 99999.90 99999.90 99999.90 99999.90 99999.90 99999.90 99999.90 99999.90 99999.90
5.38 5.99 6.44 6.73 6.51 6.00 5.48 5.48 5.69 5.69 6.42 6.42 6.42 5.81 5.81 5.55 5.55 5.32 5.32 5.32 5.32 5.32 5.02 4.90 4.90 4.90 4.90 4.90 4.90 99999.90 99999.90 99999.90 99999.90 99999.90 99999.90 99999.90 99999.90 99999.90 99999.90 99999.90 99999.90 99999.90 99999.90 99999.90 99999.90 99999.90 99999.90 99999.90 99999.90 99999.90 99999.90 99999.90 99999.90 99999.90 99999.90 99999.90 99999.90 99999.90 99999.90 99999.90 99999.90 99999.90 99999.90 99999.90 99999.90 99999.90 99999.90 99999.90 99999.90 99999.90 99999.90 99999.90 99999.90 99999.90 99999.90 99999.90 99999.90
7.44 7.18 6.99 7.02 6.82 6.00 6.00 5.48 5.48 5.69 6.42 6.42 6.42 6.42 5.81 5.81 5.55 5.55 5.32 5.32 5.32 5.32 5.32 5.02 5.02 4.77 4.77 99999.90 99999.90 99999.90 99999.90 99999.90 99999.90 99999.90 99999.90 99999.90 99999.90 99999.90 99999.90 99999.90 99999.90 99999.90 99999.90 99999.90 99999.90 99999.90 99999.90 99999.90 99999.90 99999.90 99999.90 99999.90 99999.90 99999.90 99999.90 99999.90 99999.90 99999.90 99999.90 99999.90 99999.90 99999.90 99999.90 99999.90 99999.90 99999.90 99999.90 99999.90 99999.90 99999.90 99999.90 99999.90 99999.90 99999.90 99999.90 99999.90 99999.90
8.27 7.80 7.67 7.86 6.82 6.82 6.00 6.00 5.48 5.48 5.69 6.42 6.42 6.42 6.42 5.81 5.81 5.55 5.32 5.32 5.32 5.32 5.32 5.32 5.02 5.02 99999.90 99999.90 99999.90 99999.90 99999.90 99999.90 99999.90 99999.90 99999.90 99999.90 99999.90 99999.90 99999.90 99999.90 99999.90 99999.90 99999.90 99999.90 99999.90 99999.90 99999.90 99999.90 99999.90 99999.90 99999.90 99999.90 99999.90 99999.90 99999.90 99999.90 99999.90 99999.90 99999.90 99999.90 99999.90 99999.90 99999.90 99999.90 99999.90 99999.90 99999.90 99999.90 99999.90 99999.90 99999.90 99999.90 99999.90 99999.90 99999.90 99999.90 99999.90
8.27 7.80 7.67 7.86 7.86 6.82 6.82 6.00 6.00 5.48 5.48 6.42 6.42 6.42 6.42 6.42 5.81 5.81 5.55 5.32 5.32 5.32 5.32 5.32 5.32 99999.90 99999.90 99999.90 99999.90 99999.90 99999.90 99999.90 99999.90 99999.90 99999.90 99999.90 99999.90 99999.90 99999.90 99999.90 99999.90 99999.90 99999.90 99999.90 99999.90 99999.90 99999.90 99999.90 99999.90 99999.90 99999.90 99999.90 99999.90 99999.90 99999.90 99999.90 99999.90 99999.90 99999.90 99999.90 99999.90 99999.90 99999.90 99999.90 99999.90 99999.90 99999.90 99999.90 99999.90 99999.90 99999.90 99999.90 99999.90 99999.90 99999.90 99999.90 99999.90
8.27 7.80 7.67 7.86 7.86 7.86 6.82 6.82 6.00 6.00 5.48 5.48 6.42 6.42 6.42 6.42 6.42 5.81 5.81 5.55 5.55 5.42 5.42 99999.90 99999.90 99999.90 99999.90 99999.90 99999.90 99999.90 99999.90 99999.90 99999.90 99999.90 99999.90 99999.90 99999.90 99999.90 99999.90 99999.90 99999.90 99999.90 99999.90 99999.90 99999.90 99999.90 99999.90 99999.90 99999.90 99999.90 99999.90 99999.90 99999.90 99999.90 99999.90 99999.90 99999.90 99999.90 99999.90 99999.90 99999.90 99999.90 99999.90 99999.90 99999.90 99999.90 99999.90 99999.90 99999.90 99999.90 99999.90 99999.90 99999.90 99999.90 99999.90 99999.90 99999.90
8.27 7.80 7.67 7.86 7.86 7.86 7.86 6.82 6.82 6.00 6.00 5.48 5.48 6.42 6.42 6.42 6.42 6.42 5.81 5.81 5.55 5.55 99999.90 99999.90 99999.90 99999.90 99999.90 99999.90 99999.90 99999.90 99999.90 99999.90 99999.90 99999.90 99999.90 99999.90 99999.90 99999.90 99999.90 99999.90 99999.90 99999.90 99999.90 99999.90 99999.90 99999.90 99999.90 99999.90 99999.90 99999.90 99999.90 99999.90 99999.90 99999.90 99999.90 99999.90 99999.90 99999.90 99999.90 99999.90 99999.90 99999.90 99999.90 99999.90 99999.90 99999.90 99999.90 99999.90 99999.90 99999.90 99999.90 99999.90 99999.90 99999.90 99999.90 99999.90 99999.90
8.27 7.80 7.67 7.86 7.86 7.86 7.86 7.86 6.82 6.82 6.00 6.00 5.48 6.42 6.42 6.42 6.42 6.42 6.42 5.81 5.81 99999.90 99999.90 99999.90 99999.90 99999.90 99999.90 99999.90 99999.90 99999.90 99999.90 99999.90 99999.90 99999.90 99999.90 99999.90 99999.90 99999.90 99999.90 99999.90 99999.90 99999.90 99999.90 99999.90 99999.90 99999.90 99999.90 99999.90 99999.90 99999.90 99999.90 99999.90 99999.90 99999.90 99999.90 99999.90 99999.90 99999.90 99999.90 99999.90 99999.90 99999.90 99999.90 99999.90 99999.90 99999.90 99999.90 99999.90 99999.90 99999.90 99999.90 99999.90 99999.90 99999.90 99999.90 99999.90 99999.90
8.27 7.80 7.67 7.86 7.86 7.86 7.86 7.86 7.86 6.82 6.82 6.00 6.00 5.48 6.42 6.42 6.42 6.42 6.42 6.42 99999.90 99999.90 99999.90 99999.90 99999.90 99999.90 99999.90 99999.90 99999.90 99999.90 99999.90 99999.90 99999.90 99999.90 99999.90 99999.90 99999.90 99999.90 99999.90 99999.90 99999.90 99999.90 99999.90 99999.90 99999.90 99999.90 99999.90 99999.90 99999.90 99999.90 99999.90 99999.90 99999.90 99999.90 99999.90 99999.90 99999.90 99999.90 99999.90 99999.90 99999.90 99999.90 99999.90 99999.90 99999.90 99999.90 99999.90 99999.90 99999.90 99999.90 99999.90 99999.90 99999.90 99999.90 99999.90 99999.90 99999.90
