files/bom_datasets/05.20.18.txt
ncols 839
nrows 679
xllcenter 112.0500
yllcenter -43.9500
cellsize 0.0500
nodata_value 99999.90
[rows 340 to 373 of 679, columns 154 to 230 of 839]
15.15 15.26 15.28 15.32 15.29 15.26 15.14 15.25 15.31 15.13 15.24 15.16 15.24 15.37 15.34 15.32 15.33 15.33 15.28 15.28 15.19 15.29 15.34 15.32 15.30 15.31 15.37 15.36 15.22 15.22 15.29 15.36 15.33 15.33 15.32 15.33 15.24 15.10 15.14 15.11 15.06 15.08 15.01 15.12 15.17 15.06 15.11 15.03 15.09 15.09 15.24 15.29 15.26 15.25 15.13 15.11 15.14 15.26 15.26 15.30 15.29 15.10 15.04 15.12 15.10 15.09 15.06 15.16 15.20 15.21 15.26 15.13 14.79 15.15 15.17 15.34 15.27
15.23 15.25 15.27 15.27 15.21 15.24 15.15 15.23 15.22 15.26 15.15 15.07 15.19 15.24 15.32 15.32 15.30 15.30 15.24 15.21 15.15 15.22 15.25 15.29 15.30 15.32 15.31 15.29 15.26 15.26 15.28 15.33 15.27 15.31 15.32 15.30 15.25 15.26 15.09 15.08 15.04 15.06 14.98 15.04 15.08 15.10 15.05 15.12 15.05 15.03 15.03 15.23 15.27 15.23 15.09 15.14 15.10 15.19 15.22 15.23 15.25 15.15 15.15 15.17 15.02 15.11 15.06 15.05 15.09 15.16 15.13 15.27 15.10 14.94 15.18 15.18 15.22
15.21 15.20 15.22 15.21 15.17 15.17 15.20 15.13 15.20 15.23 15.26 15.16 15.16 15.20 15.27 15.31 15.30 15.29 15.31 15.17 15.08 15.09 15.14 15.21 15.27 15.28 15.20 15.26 15.26 15.19 15.15 15.29 15.26 15.29 15.25 15.26 15.21 15.08 15.09 15.11 15.06 15.09 15.12 15.20 15.09 15.04 15.12 15.08 15.08 15.15 15.12 15.14 15.23 15.19 15.11 15.00 15.06 15.16 15.13 15.13 15.20 15.19 15.19 15.14 15.16 15.22 15.21 15.09 15.10 15.13 15.14 15.17 14.97 14.90 15.15 15.15 15.16
15.23 15.17 15.17 15.21 15.23 15.03 14.98 15.05 15.16 15.18 15.28 15.21 15.24 15.28 15.21 15.23 15.25 15.28 15.25 15.16 15.06 15.16 15.19 15.09 15.10 15.07 15.10 15.23 15.13 15.24 15.18 15.25 15.27 15.24 15.23 15.26 15.29 15.24 15.10 15.10 15.00 15.07 15.01 15.07 14.97 14.95 15.05 15.10 15.14 15.12 15.07 15.08 15.07 15.16 15.09 15.09 15.10 15.00 15.02 15.09 15.23 15.21 15.20 15.19 15.17 15.21 15.20 15.18 15.13 15.22 15.21 15.19 15.02 15.14 15.17 15.12 15.14
15.17 15.18 15.19 15.23 15.18 15.14 14.98 14.99 14.93 15.11 15.21 15.20 15.26 15.14 15.25 15.20 15.03 14.62 15.27 15.25 15.18 15.19 15.07 15.05 15.13 15.21 15.25 15.22 15.18 15.17 15.26 15.25 15.24 15.23 15.21 15.17 15.20 15.12 15.18 15.06 14.97 14.97 15.01 15.07 15.02 15.02 15.05 15.05 15.08 15.07 15.04 15.10 15.09 15.10 15.03 14.96 14.96 14.99 14.99 15.06 15.20 15.21 15.21 15.13 15.05 15.03 15.13 15.18 15.20 15.13 15.15 15.16 15.14 15.16 15.17 15.19 15.18
15.17 15.17 15.15 15.20 15.16 15.17 15.11 15.07 14.99 15.10 15.12 15.10 15.13 15.10 15.22 15.22 15.22 15.15 15.22 15.20 15.15 15.14 15.19 15.22 15.24 15.23 15.22 15.19 15.19 15.15 15.20 15.17 15.23 15.23 15.14 15.10 15.11 15.13 14.97 15.12 15.09 15.00 14.97 14.98 15.06 15.06 15.03 15.10 15.13 15.10 15.11 15.13 15.16 15.04 15.02 15.05 15.04 15.11 15.08 15.07 15.03 15.11 15.22 15.03 15.04 15.03 15.10 15.11 15.12 15.07 15.02 15.16 15.16 15.11 15.16 15.21 15.22
15.13 15.14 15.09 15.16 15.16 15.14 15.16 15.18 15.16 15.10 15.09 15.18 15.13 15.11 15.13 15.16 15.21 15.16 15.20 15.20 15.02 15.06 15.19 15.22 15.22 15.22 15.21 15.19 15.16 15.17 15.18 15.14 15.17 15.20 15.20 15.15 15.02 15.03 15.02 15.11 15.18 15.02 15.03 15.05 15.09 15.02 15.15 15.04 15.11 15.01 14.99 15.06 15.09 15.04 15.03 15.17 15.16 15.14 15.14 15.15 15.12 15.14 15.20 15.17 15.05 14.93 15.05 15.11 15.12 15.17 15.06 15.04 15.11 15.15 15.19 15.20 15.16
15.14 15.15 15.05 15.12 15.13 15.16 15.14 15.15 15.13 15.07 15.14 15.16 15.15 15.16 15.17 15.11 15.18 15.17 15.18 15.00 14.99 15.07 15.13 15.17 15.19 15.20 15.20 15.16 15.16 15.18 15.11 15.12 15.04 15.16 15.19 15.19 15.00 14.99 14.99 15.07 15.05 15.11 15.04 15.08 15.17 15.14 15.14 15.09 15.06 14.98 15.08 15.11 15.15 15.05 15.06 15.03 15.13 15.05 15.16 15.15 14.99 14.99 15.11 15.11 15.03 14.92 15.00 15.05 15.08 15.11 15.07 15.06 15.08 15.13 15.14 15.15 15.15
15.10 15.13 15.12 15.13 15.14 15.14 15.14 15.12 15.13 15.14 15.11 15.00 15.14 15.15 15.14 15.09 15.15 15.17 15.10 15.08 15.08 15.15 15.16 15.15 15.16 15.16 15.16 15.15 15.17 15.16 15.09 15.01 15.09 15.06 15.16 15.15 14.97 14.93 14.98 15.13 14.98 14.94 14.96 15.10 15.17 15.18 15.12 15.04 14.99 15.04 15.05 15.14 15.11 14.98 15.00 14.97 15.02 15.02 15.02 15.09 15.00 14.88 14.95 15.01 14.92 15.02 15.05 15.03 15.06 14.98 15.00 15.04 15.10 15.15 15.11 15.08 15.08
15.10 15.11 15.10 15.09 15.12 15.15 15.13 15.15 15.13 15.14 15.11 15.08 15.10 15.11 15.10 15.11 15.09 15.07 15.08 15.10 15.06 15.09 15.11 15.15 15.15 15.11 15.14 15.15 15.16 15.02 15.07 15.07 15.12 15.12 15.13 15.14 15.08 15.02 15.09 15.08 15.09 15.05 15.11 15.08 15.13 15.13 15.15 15.05 15.01 14.90 14.92 15.06 15.03 14.97 14.94 15.02 15.05 15.00 14.96 15.02 15.05 14.99 14.97 14.97 15.05 14.99 15.10 15.05 14.96 15.00 14.98 15.03 15.06 15.10 15.03 15.02 15.09
15.05 15.05 15.06 15.09 15.09 15.12 15.12 15.13 15.15 15.10 15.11 15.09 15.06 15.03 14.94 15.04 15.02 15.11 15.05 14.95 15.03 15.09 15.08 15.04 15.11 15.10 15.12 15.12 15.10 15.02 15.09 14.99 14.96 15.08 15.09 15.11 15.05 15.04 15.11 15.13 15.07 15.07 15.08 15.06 15.10 15.08 15.09 15.11 15.07 15.05 15.08 15.08 15.09 14.86 14.86 14.86 14.87 14.98 14.98 15.03 14.99 14.91 14.87 14.90 15.02 14.94 14.98 15.07 15.00 15.03 14.97 15.04 15.02 15.02 14.98 15.02 15.09
15.01 15.04 15.05 15.06 15.11 15.10 15.05 15.09 15.12 15.11 15.08 15.03 15.07 15.06 15.02 14.98 15.00 15.06 15.07 14.98 15.05 15.10 15.07 14.92 15.05 15.09 15.07 15.10 15.09 15.08 14.99 14.95 14.97 15.02 15.04 15.08 15.07 15.04 15.05 15.09 15.06 15.09 15.05 15.09 15.09 15.08 15.00 15.10 15.04 15.08 15.08 15.07 15.06 14.91 14.83 14.87 14.92 14.98 14.98 15.04 15.03 14.89 14.83 14.90 14.87 14.89 14.88 15.07 15.05 15.06 14.94 15.08 15.02 14.99 15.01 15.02 15.04
15.02 15.04 15.04 15.09 15.09 15.09 15.08 15.06 15.10 15.07 15.03 15.04 15.05 14.94 14.82 14.80 14.86 14.99 15.00 14.98 15.07 15.06 14.98 14.80 14.98 15.06 15.00 15.07 15.08 15.07 15.07 15.04 15.04 15.05 15.02 15.05 15.05 15.04 15.04 15.07 14.98 14.98 14.98 15.09 15.07 15.07 15.05 15.06 15.07 15.06 15.08 15.03 15.02 15.03 14.92 14.86 14.88 14.89 14.97 15.00 14.94 14.94 14.83 14.89 14.87 14.99 14.94 15.02 14.96 15.01 14.89 14.99 14.94 14.96 14.98 15.04 15.05
15.02 15.01 15.01 15.08 15.06 15.05 15.06 15.05 15.07 14.99 14.99 14.83 14.87 14.81 14.72 14.70 14.75 14.92 14.99 14.99 15.01 14.99 14.87 14.82 14.87 14.95 14.97 15.02 15.01 14.97 14.98 14.98 15.03 15.01 14.96 15.02 14.96 15.04 15.05 14.97 14.96 14.99 14.96 15.05 15.10 15.06 15.05 15.04 15.04 15.05 15.04 15.03 14.98 14.98 14.93 14.79 14.88 14.92 14.85 14.92 14.95 14.91 14.81 14.88 14.84 14.90 15.01 14.97 14.92 14.99 15.00 14.88 14.91 14.87 14.92 14.99 14.97
14.99 15.00 15.06 15.05 15.01 15.05 15.05 15.03 15.03 14.98 15.01 14.93 14.91 14.93 14.67 14.92 14.97 14.97 14.99 14.97 14.97 14.93 14.91 14.87 14.99 15.01 14.98 14.87 14.46 14.80 14.70 14.93 14.96 14.99 14.97 14.94 14.94 15.00 14.99 15.00 15.02 14.91 14.92 14.93 15.03 15.03 15.01 15.01 15.02 15.03 15.02 15.02 14.94 15.00 14.98 14.86 14.87 14.83 14.83 14.77 14.87 14.89 14.95 14.79 14.89 14.90 14.99 14.92 14.89 14.88 14.99 14.88 14.85 14.87 14.89 14.91 14.95
14.96 14.96 14.98 15.00 14.95 15.04 15.01 15.00 14.99 14.96 14.99 14.93 14.90 14.88 14.91 14.99 14.97 14.98 15.00 14.98 14.94 14.92 14.89 14.84 14.92 15.00 14.82 13.90 14.78 14.63 14.81 14.96 14.96 14.95 14.87 14.88 14.81 14.79 14.93 15.02 15.00 14.99 14.93 14.91 15.00 15.04 15.00 14.99 14.99 14.99 15.00 15.00 14.99 14.97 14.99 14.88 14.87 14.72 14.76 14.82 14.85 14.94 14.97 14.89 14.87 14.85 14.94 14.93 14.91 14.93 15.00 14.95 14.91 14.91 14.91 14.89 14.82
14.95 14.99 14.99 14.99 14.97 15.00 15.00 14.99 14.98 15.01 15.01 14.98 14.94 14.94 14.95 14.99 14.98 14.95 14.98 14.93 14.92 14.89 14.90 14.94 14.81 14.97 14.95 14.94 14.74 14.84 14.92 14.89 14.84 14.97 14.94 14.95 14.92 14.83 14.93 14.97 14.98 14.99 14.84 14.90 14.88 14.99 14.94 14.96 14.96 14.97 14.90 14.97 14.97 14.95 14.95 14.84 14.83 14.72 14.82 14.79 14.75 14.84 14.87 14.88 14.74 14.82 14.79 14.88 14.86 14.93 14.98 14.95 14.89 14.93 14.95 15.00 14.98
14.94 14.97 14.97 14.93 14.92 14.97 14.97 14.96 14.95 14.93 14.96 14.97 14.93 14.85 14.89 14.95 14.95 14.96 14.95 14.92 14.89 14.90 14.88 14.82 14.80 14.95 14.95 14.94 14.89 14.86 14.90 14.95 14.90 14.95 14.94 14.91 14.88 14.87 14.90 14.92 14.93 14.91 14.80 14.89 14.88 14.93 14.92 14.92 14.88 14.95 14.95 14.90 14.76 14.80 14.88 14.82 14.65 14.74 14.73 14.83 14.83 14.82 14.78 14.83 14.82 14.90 14.92 14.92 14.87 14.89 14.90 14.82 14.87 14.86 14.91 14.93 14.97
14.92 14.93 14.93 14.93 14.92 14.93 14.96 14.94 14.97 14.95 14.87 14.93 14.91 14.88 14.89 14.92 14.93 14.92 14.89 14.92 14.92 14.91 14.81 14.85 14.86 14.93 14.92 14.84 14.90 14.90 14.89 14.91 14.85 14.86 14.82 14.83 14.78 14.82 14.83 14.87 14.80 14.88 14.85 14.94 14.88 14.91 14.81 14.84 14.89 14.93 14.89 14.89 14.84 14.87 14.90 14.84 14.70 14.73 14.81 14.78 14.76 14.74 14.81 14.89 14.80 14.80 14.82 14.85 14.82 14.86 14.85 14.90 14.88 14.67 14.83 14.84 14.84
14.91 14.92 14.92 14.91 14.92 14.93 14.94 14.90 14.95 14.91 14.92 14.94 14.94 14.93 14.92 14.88 14.92 14.91 14.89 14.85 14.82 14.82 14.83 14.81 14.90 14.91 14.91 14.86 14.90 14.92 14.91 14.90 14.85 14.85 14.82 14.75 14.61 14.16 14.65 14.59 14.86 14.87 14.87 14.92 14.88 14.89 14.85 14.79 14.91 14.91 14.91 14.84 14.87 14.89 14.89 14.81 14.77 14.72 14.77 14.75 14.75 14.75 14.77 14.79 14.76 14.77 14.79 14.80 14.84 14.86 14.83 14.87 14.88 14.70 14.75 14.75 14.83
14.89 14.86 14.88 14.84 14.90 14.89 14.91 14.92 14.93 14.93 14.92 14.94 14.92 14.92 14.88 14.88 14.88 14.87 14.85 14.87 14.87 14.77 14.88 14.83 14.88 14.88 14.81 14.85 14.89 14.89 14.87 14.88 14.88 14.86 14.82 14.84 14.72 14.68 14.61 14.43 14.79 14.88 14.87 14.82 14.75 14.83 14.86 14.87 14.87 14.74 14.87 14.84 14.89 14.89 14.83 14.74 14.69 14.70 14.72 14.73 14.72 14.77 14.74 14.75 14.62 14.70 14.82 14.77 14.76 14.77 14.88 14.84 14.80 14.72 14.52 14.70 14.83
14.87 14.87 14.86 14.86 14.86 14.88 14.89 14.91 14.89 14.89 14.92 14.89 14.89 14.88 14.88 14.83 14.85 14.86 14.87 14.88 14.84 14.82 14.87 14.80 14.80 14.84 14.85 14.86 14.86 14.86 14.85 14.86 14.86 14.86 14.83 14.82 14.76 14.80 14.74 14.54 14.73 14.83 14.85 14.64 14.60 14.79 14.64 14.83 14.84 14.74 14.77 14.87 14.88 14.87 14.83 14.73 14.66 14.65 14.70 14.69 14.71 14.73 14.78 14.80 14.68 14.70 14.76 14.78 14.68 14.66 14.74 14.84 14.79 14.70 14.47 14.75 14.79
14.84 14.85 14.84 14.84 14.85 14.82 14.87 14.88 14.88 14.88 14.89 14.89 14.87 14.86 14.86 14.84 14.85 14.83 14.84 14.85 14.86 14.81 14.84 14.84 14.80 14.83 14.85 14.84 14.84 14.80 14.84 14.84 14.84 14.84 14.84 14.84 14.74 14.73 14.74 14.69 14.63 14.32 14.53 14.70 14.73 14.75 14.73 14.65 14.67 14.71 14.78 14.83 14.82 14.84 14.81 14.79 14.67 14.64 14.60 14.63 14.71 14.77 14.77 14.82 14.75 14.63 14.77 14.76 14.78 14.77 14.76 14.77 14.75 14.76 14.69 14.76 14.67
14.82 14.82 14.72 14.82 14.83 14.82 14.82 14.84 14.85 14.85 14.85 14.85 14.84 14.83 14.83 14.80 14.85 14.82 14.82 14.82 14.86 14.83 14.84 14.82 14.83 14.80 14.81 14.82 14.82 14.81 14.80 14.84 14.83 14.81 14.81 14.82 14.82 14.72 14.75 14.75 14.76 14.36 14.14 14.35 14.69 14.73 14.76 14.57 14.69 14.75 14.78 14.77 14.81 14.81 14.75 14.65 14.65 14.64 14.66 14.57 14.60 14.67 14.69 14.73 14.73 14.73 14.76 14.73 14.69 14.72 14.76 14.73 14.67 14.82 14.71 14.69 14.66
14.81 14.84 14.79 14.75 14.73 14.81 14.81 14.83 14.84 14.83 14.82 14.83 14.81 14.81 14.82 14.82 14.83 14.80 14.83 14.83 14.84 14.82 14.81 14.80 14.80 14.81 14.80 14.81 14.79 14.81 14.78 14.81 14.80 14.79 14.80 14.80 14.80 14.80 14.79 14.79 14.80 14.78 14.64 14.20 14.37 14.50 14.69 14.74 14.71 14.75 14.77 14.74 14.76 14.79 14.80 14.78 14.73 14.57 14.56 14.59 14.64 14.61 14.56 14.75 14.76 14.73 14.70 14.74 14.70 14.70 14.69 14.63 14.64 14.75 14.78 14.75 14.75
14.81 14.81 14.81 14.79 14.78 14.78 14.81 14.82 14.82 14.82 14.81 14.75 14.73 14.78 14.78 14.80 14.80 14.80 14.82 14.82 14.81 14.82 14.80 14.79 14.79 14.79 14.78 14.79 14.79 14.77 14.78 14.79 14.77 14.78 14.78 14.79 14.80 14.73 14.80 14.77 14.77 14.76 14.75 14.69 14.66 14.65 14.69 14.67 14.74 14.72 14.60 14.66 14.72 14.76 14.76 14.76 14.61 14.55 14.65 14.70 14.71 14.61 14.66 14.77 14.72 14.75 14.73 14.71 14.75 14.73 14.63 14.69 14.65 14.67 14.65 14.73 14.68
14.79 14.76 14.78 14.76 14.77 14.79 14.79 14.79 14.79 14.78 14.76 14.76 14.76 14.77 14.75 14.75 14.75 14.79 14.77 14.77 14.77 14.80 14.78 14.76 14.77 14.75 14.75 14.78 14.78 14.78 14.78 14.78 14.77 14.75 14.76 14.77 14.77 14.75 14.77 14.75 14.73 14.70 14.72 14.70 14.68 14.72 14.70 14.66 14.65 14.72 14.57 14.63 14.74 14.71 14.70 14.68 14.60 14.55 14.55 14.61 14.62 14.67 14.64 14.74 14.69 14.74 14.74 14.71 14.74 14.70 14.67 14.66 14.77 14.71 14.65 14.59 14.60
14.70 14.72 14.57 14.72 14.75 14.75 14.75 14.78 14.78 14.77 14.75 14.75 14.77 14.74 14.75 14.40 14.45 14.76 14.74 14.72 14.71 14.72 14.73 14.75 14.75 14.74 14.74 14.73 14.73 14.73 14.75 14.76 14.74 14.72 14.74 14.73 14.74 14.74 14.72 14.73 14.73 14.70 14.70 14.70 14.67 14.71 14.69 14.57 14.55 14.67 14.46 14.54 14.66 14.66 14.68 14.68 14.50 14.63 14.59 14.54 14.56 14.68 14.52 14.57 14.62 14.74 14.70 14.65 14.73 14.70 14.64 14.55 14.58 14.68 14.62 14.60 14.61
14.71 14.73 14.74 14.71 14.71 14.72 14.73 14.74 14.76 14.73 14.74 14.73 14.71 14.71 14.71 14.72 14.71 14.72 14.73 14.72 14.69 14.69 14.70 14.72 14.73 14.72 14.71 14.70 14.72 14.72 14.71 14.71 14.71 14.70 14.70 14.72 14.71 14.71 14.71 14.71 14.70 14.70 14.68 14.69 14.62 14.61 14.64 14.58 14.57 14.66 14.43 14.49 14.59 14.61 14.71 14.71 14.61 14.53 14.52 14.43 14.54 14.55 14.51 14.53 14.63 14.70 14.73 14.70 14.69 14.69 14.68 14.61 14.67 14.56 14.50 14.54 14.62
14.70 14.69 14.72 14.70 14.71 14.71 14.72 14.72 14.72 14.73 14.73 14.69 14.69 14.68 14.69 14.71 14.72 14.69 14.69 14.68 14.69 14.68 14.69 14.71 14.73 14.70 14.70 14.68 14.68 14.68 14.69 14.69 14.69 14.69 14.60 14.68 14.68 14.67 14.67 14.69 14.67 14.67 14.67 14.65 14.60 14.59 14.53 14.52 14.57 14.61 14.54 14.52 14.63 14.67 14.65 14.67 14.64 14.54 14.52 14.54 14.53 14.62 14.52 14.50 14.60 14.66 14.62 14.66 14.58 14.65 14.67 14.63 14.62 14.63 14.62 14.64 14.63
14.68 14.66 14.68 14.67 14.67 14.68 14.66 14.69 14.69 14.66 14.64 14.68 14.63 14.68 14.68 14.67 14.69 14.68 14.70 14.68 14.68 14.66 14.67 14.68 14.67 14.67 14.66 14.65 14.66 14.67 14.67 14.67 14.65 14.66 14.62 14.65 14.64 14.65 14.65 14.67 14.66 14.59 14.60 14.62 14.63 14.62 14.55 14.53 14.51 14.57 14.61 14.54 14.58 14.62 14.63 14.65 14.63 14.59 14.59 14.56 14.42 14.60 14.51 14.50 14.59 14.54 14.58 14.65 14.64 14.56 14.60 14.61 14.61 14.60 14.61 14.59 14.64
14.63 14.64 14.66 14.65 14.66 14.67 14.64 14.64 14.66 14.65 14.65 14.63 14.61 14.63 14.66 14.66 14.68 14.67 14.69 14.67 14.66 14.66 14.65 14.65 14.66 14.66 14.65 14.64 14.65 14.66 14.67 14.67 14.63 14.64 14.64 14.63 14.62 14.64 14.63 14.61 14.55 14.51 14.53 14.62 14.61 14.60 14.57 14.50 14.46 14.55 14.60 14.56 14.60 14.59 14.62 14.62 14.63 14.61 14.60 14.55 14.51 14.50 14.58 14.54 14.44 14.44 14.47 14.55 14.62 14.59 14.44 14.58 14.55 14.59 14.54 14.54 14.62
14.54 14.64 14.63 14.62 14.58 14.63 14.65 14.64 14.63 14.54 14.55 14.61 14.63 14.64 14.62 14.62 14.65 14.63 14.64 14.65 14.66 14.62 14.61 14.62 14.64 14.63 14.63 14.64 14.64 14.63 14.64 14.64 14.65 14.65 14.63 14.62 14.62 14.61 14.60 14.51 14.54 14.58 14.57 14.60 14.60 14.60 14.60 14.43 14.46 14.59 14.61 14.57 14.57 14.54 14.59 14.61 14.61 14.58 14.59 14.55 14.53 14.44 14.47 14.51 14.47 14.54 14.47 14.55 14.61 14.55 14.42 14.49 14.53 14.53 14.51 14.52 14.59
14.62 14.59 14.57 14.58 14.60 14.59 14.59 14.58 14.60 14.53 14.58 14.61 14.61 14.59 14.59 14.58 14.60 14.61 14.61 14.60 14.62 14.61 14.59 14.59 14.61 14.60 14.60 14.61 14.59 14.60 14.60 14.60 14.61 14.60 14.60 14.59 14.59 14.59 14.59 14.47 14.43 14.52 14.53 14.55 14.57 14.57 14.57 14.57 14.56 14.57 14.55 14.59 14.59 14.55 14.56 14.58 14.57 14.56 14.56 14.55 14.48 14.50 14.44 14.41 14.45 14.53 14.41 14.48 14.52 14.56 14.36 14.47 14.51 14.54 14.56 14.57 14.58
