files/bom_datasets/05.20.18.txt
ncols 839
nrows 679
xllcenter 112.0500
yllcenter -43.9500
cellsize 0.0500
nodata_value 99999.90
[rows 306 to 339 of 679, columns 0 to 76 of 839]
99999.90 99999.90 99999.90 99999.90 99999.90 99999.90 99999.90 99999.90 16.02 16.02 16.02 16.02 16.02 16.02 16.02 16.02 16.02 16.02 16.02 16.02 16.02 16.02 16.02 16.02 15.61 15.61 15.61 15.61 15.61 15.61 15.61 16.01 16.03 16.03 16.03 16.06 16.06 16.06 15.99 16.01 16.02 16.02 16.01 15.98 15.98 15.97 15.97 15.97 15.98 15.97 15.94 15.93 15.96 15.96 15.94 15.91 15.91 15.96 16.01 16.03 16.01 15.97 15.95 16.00 16.00 16.05 16.03 15.99 15.92 15.84 15.83 15.92 15.86 16.01 15.97 15.83 16.02
99999.90 99999.90 99999.90 99999.90 99999.90 99999.90 99999.90 99999.90 16.02 16.02 16.02 16.02 16.02 16.02 16.02 16.02 16.02 16.02 16.02 16.02 16.02 16.02 16.02 16.02 15.61 15.61 15.61 15.61 15.61 15.61 15.61 15.61 16.03 16.06 16.06 16.06 16.06 16.06 15.99 16.00 15.99 15.97 15.95 15.97 15.97 15.97 15.97 15.94 15.93 15.97 15.95 15.95 15.95 15.93 15.95 15.91 15.93 15.94 15.97 15.97 15.98 15.97 15.97 15.98 16.00 16.04 15.99 15.95 15.92 15.83 15.80 15.85 15.79 15.97 16.02 15.99 15.99
99999.90 99999.90 99999.90 99999.90 99999.90 99999.90 99999.90 99999.90 16.02 16.02 16.02 16.02 16.02 16.02 16.02 16.02 16.02 16.02 16.02 16.02 16.02 16.02 16.02 16.02 15.61 15.61 15.61 15.61 15.61 15.61 15.61 15.61 15.61 16.06 16.06 16.06 16.01 16.01 16.01 15.97 15.97 15.93 15.94 15.96 15.96 15.96 15.95 15.94 15.93 15.94 15.95 15.95 15.91 15.87 15.92 15.90 15.89 15.88 15.94 15.96 15.96 15.96 15.98 15.97 15.99 15.99 16.00 15.98 15.89 15.86 15.82 15.86 15.83 15.77 15.91 16.01 15.99
99999.90 99999.90 99999.90 99999.90 99999.90 99999.90 99999.90 99999.90 16.02 16.02 16.02 16.02 16.02 16.02 16.02 16.02 16.02 16.02 16.02 16.02 16.02 16.02 16.02 15.96 15.61 15.61 15.61 15.61 15.61 15.61 15.61 15.61 15.90 16.06 16.01 16.01 16.01 16.01 16.01 15.93 15.91 15.92 15.94 15.97 15.95 15.94 15.95 15.93 15.90 15.93 15.90 15.90 15.89 15.86 15.91 15.90 15.90 15.87 15.91 15.93 15.95 15.94 15.97 15.96 15.96 15.96 15.96 15.97 15.96 15.82 15.86 15.89 15.86 15.81 15.77 15.93 15.95
99999.90 99999.90 99999.90 99999.90 99999.90 99999.90 99999.90 99999.90 16.02 16.02 16.02 16.02 16.02 16.02 16.02 16.02 16.02 16.02 16.02 16.02 16.02 15.96 15.96 15.96 15.61 15.61 15.61 15.61 15.61 15.61 15.61 15.90 15.90 15.91 16.01 16.01 16.01 16.01 15.93 15.93 15.91 15.88 15.90 15.92 15.91 15.91 15.93 15.91 15.89 15.89 15.89 15.90 15.89 15.88 15.90 15.90 15.90 15.90 15.91 15.89 15.92 15.94 15.94 15.93 15.94 15.93 15.94 15.95 15.93 15.84 15.88 15.92 15.91 15.88 15.83 15.91 15.86
99999.90 99999.90 99999.90 99999.90 99999.90 99999.90 99999.90 99999.90 15.97 15.97 15.97 15.97 15.97 15.97 15.97 15.97 15.97 15.97 15.97 15.97 15.96 15.96 15.96 15.96 15.61 15.61 15.61 15.61 15.61 15.61 15.90 15.90 15.91 15.91 15.87 16.01 16.01 15.93 15.83 15.83 15.83 15.82 15.87 15.88 15.88 15.86 15.86 15.87 15.86 15.84 15.86 15.88 15.82 15.77 15.85 15.87 15.88 15.89 15.89 15.90 15.90 15.92 15.92 15.91 15.91 15.91 15.90 15.88 15.90 15.89 15.87 15.90 15.93 15.88 15.87 15.88 15.89
99999.90 99999.90 99999.90 99999.90 99999.90 99999.90 99999.90 99999.90 15.87 15.87 15.87 15.87 15.87 15.87 15.87 15.87 15.87 15.87 15.87 15.96 15.96 15.96 15.96 15.96 15.77 15.77 15.77 15.77 15.77 15.90 15.90 15.91 15.91 15.87 15.87 15.76 15.76 15.83 15.83 15.83 15.83 15.82 15.83 15.84 15.81 15.77 15.70 15.81 15.80 15.76 15.77 15.81 15.80 15.78 15.83 15.87 15.81 15.84 15.85 15.87 15.85 15.87 15.88 15.88 15.89 15.89 15.90 15.89 15.89 15.84 15.84 15.90 15.91 15.88 15.90 15.87 15.80
99999.90 99999.90 99999.90 99999.90 99999.90 99999.90 99999.90 99999.90 15.82 15.82 15.82 15.82 15.82 15.82 15.82 15.82 15.82 15.82 15.82 15.96 15.96 15.96 15.90 15.90 15.91 15.91 15.91 15.91 15.91 15.91 15.91 15.91 15.87 15.87 15.86 15.76 15.76 15.76 15.83 15.83 15.82 15.82 15.80 15.80 15.70 15.74 15.76 15.84 15.79 15.75 15.80 15.83 15.81 15.73 15.80 15.81 15.85 15.78 15.82 15.84 15.82 15.84 15.85 15.87 15.87 15.86 15.87 15.88 15.88 15.78 15.88 15.86 15.84 15.91 15.83 15.79 15.70
99999.90 99999.90 99999.90 99999.90 99999.90 99999.90 99999.90 99999.90 15.82 15.82 15.82 15.82 15.82 15.82 15.82 15.82 15.82 15.82 15.82 15.93 15.93 15.90 15.90 15.90 15.87 15.87 15.87 15.87 15.87 15.90 15.89 15.87 15.87 15.86 15.86 15.76 15.76 15.76 15.76 15.82 15.79 15.79 15.79 15.65 15.67 15.75 15.82 15.75 15.77 15.81 15.83 15.82 15.81 15.73 15.80 15.80 15.80 15.82 15.82 15.83 15.80 15.78 15.80 15.83 15.85 15.84 15.82 15.84 15.82 15.78 15.86 15.82 15.82 15.83 15.71 15.57 15.68
99999.90 99999.90 99999.90 99999.90 99999.90 99999.90 99999.90 99999.90 15.82 15.82 15.82 15.82 15.82 15.82 15.82 15.82 15.82 15.89 15.89 15.89 15.90 15.90 15.90 15.86 15.86 15.87 15.87 15.87 15.87 15.87 15.87 15.86 15.86 15.86 15.86 15.76 15.76 15.76 15.76 15.79 15.79 15.79 15.79 15.73 15.62 15.51 15.80 15.67 15.75 15.81 15.79 15.78 15.79 15.80 15.66 15.79 15.79 15.79 15.81 15.82 15.81 15.80 15.79 15.78 15.78 15.80 15.81 15.82 15.80 15.74 15.85 15.83 15.60 15.49 15.75 15.55 15.69
99999.90 99999.90 99999.90 99999.90 99999.90 99999.90 99999.90 99999.90 15.82 15.82 15.82 15.82 15.82 15.82 15.82 15.89 15.89 15.89 15.89 15.89 15.88 15.88 15.86 15.86 15.86 15.87 15.87 15.80 15.80 15.80 15.86 15.86 15.85 15.85 15.80 15.76 15.76 15.76 15.76 15.76 15.79 15.79 15.73 15.73 15.62 15.56 15.80 15.78 15.75 15.77 15.78 15.79 15.79 15.77 15.75 15.76 15.77 15.78 15.78 15.78 15.77 15.78 15.78 15.77 15.79 15.79 15.80 15.80 15.79 15.81 15.76 15.71 15.57 15.51 15.59 15.44 15.68
99999.90 99999.90 99999.90 99999.90 99999.90 99999.90 99999.90 99999.90 15.82 15.82 15.82 15.82 15.82 15.89 15.89 15.89 15.89 15.89 15.83 15.83 15.83 15.86 15.86 15.86 15.86 15.86 15.80 15.80 15.80 15.80 15.84 15.83 15.82 15.80 15.80 15.76 15.76 15.76 15.76 15.76 15.79 15.73 15.73 15.54 15.66 15.66 15.77 15.79 15.70 15.77 15.76 15.78 15.77 15.75 15.71 15.73 15.74 15.74 15.76 15.75 15.75 15.75 15.76 15.76 15.77 15.77 15.77 15.76 15.65 15.74 15.79 15.68 15.60 15.71 15.72 15.68 15.65
99999.90 99999.90 99999.90 99999.90 99999.90 99999.90 99999.90 99999.90 15.82 15.82 15.82 15.89 15.89 15.89 15.89 15.89 15.83 15.83 15.83 15.83 15.83 15.86 15.86 15.86 15.58 15.58 15.80 15.80 15.77 15.77 15.77 15.80 15.80 15.80 15.80 15.76 15.76 15.76 15.76 15.76 15.54 15.54 15.54 15.54 15.54 15.66 15.73 15.77 15.77 15.76 15.76 15.76 15.75 15.74 15.71 15.71 15.74 15.73 15.75 15.74 15.74 15.75 15.75 15.74 15.76 15.75 15.77 15.75 15.75 15.63 15.71 15.73 15.58 15.69 15.70 15.71 15.66
99999.90 99999.90 99999.90 99999.90 99999.90 99999.90 99999.90 99999.90 15.82 15.89 15.89 15.89 15.89 15.89 15.83 15.83 15.83 15.83 15.83 15.83 15.83 15.58 15.58 15.58 15.58 15.79 15.79 15.68 15.68 15.68 15.68 15.79 15.78 15.78 15.78 15.80 15.76 15.76 15.76 15.76 15.54 15.54 15.54 15.54 15.54 15.35 15.72 15.74 15.74 15.72 15.72 15.72 15.71 15.69 15.71 15.74 15.72 15.73 15.72 15.71 15.71 15.73 15.73 15.72 15.71 15.72 15.73 15.72 15.74 15.66 15.58 15.65 15.60 15.64 15.69 15.71 15.62
99999.90 99999.90 99999.90 99999.90 99999.90 99999.90 99999.90 99999.90 15.82 15.89 15.89 15.89 15.83 15.83 15.83 15.83 15.83 15.83 15.83 15.58 15.58 15.58 15.58 15.58 15.79 15.79 15.79 15.70 15.68 15.68 15.68 15.76 15.77 15.77 15.77 15.72 15.72 15.72 15.72 15.72 15.67 15.67 15.74 15.74 15.74 15.55 15.66 15.69 15.70 15.69 15.69 15.69 15.70 15.70 15.70 15.72 15.69 15.69 15.69 15.69 15.69 15.69 15.70 15.69 15.71 15.72 15.71 15.70 15.69 15.66 15.64 15.60 15.59 15.67 15.68 15.61 15.59
99999.90 99999.90 99999.90 99999.90 99999.90 99999.90 99999.90 99999.90 15.82 15.89 15.83 15.83 15.83 15.83 15.83 15.83 15.83 15.83 15.58 15.58 15.58 15.58 15.58 15.79 15.79 15.79 15.70 15.70 15.70 15.68 15.76 15.76 15.74 15.74 15.74 15.72 15.72 15.72 15.72 15.69 15.67 15.67 15.67 15.67 15.67 15.71 15.45 15.67 15.70 15.67 15.67 15.68 15.66 15.67 15.69 15.70 15.70 15.70 15.68 15.67 15.67 15.67 15.68 15.67 15.67 15.71 15.69 15.69 15.68 15.65 15.64 15.60 15.68 15.67 15.59 15.45 15.64
99999.90 99999.90 99999.90 99999.90 99999.90 99999.90 99999.90 99999.90 15.82 15.89 15.83 15.83 15.83 15.83 15.83 15.83 15.58 15.58 15.58 15.58 15.58 15.58 15.79 15.79 15.79 15.79 15.70 15.70 15.70 15.70 15.53 15.53 15.53 15.53 15.59 15.72 15.72 15.72 15.69 15.69 15.67 15.67 15.67 15.67 15.73 15.66 15.49 15.67 15.65 15.63 15.64 15.64 15.66 15.65 15.64 15.65 15.67 15.68 15.68 15.67 15.64 15.64 15.64 15.65 15.65 15.67 15.66 15.67 15.68 15.64 15.58 15.64 15.62 15.60 15.44 15.47 15.59
99999.90 99999.90 99999.90 99999.90 99999.90 99999.90 99999.90 99999.90 15.82 15.89 15.83 15.83 15.83 15.83 15.83 15.58 15.58 15.58 15.58 15.65 15.65 15.65 15.65 15.65 15.65 15.61 15.70 15.70 15.70 15.70 15.53 15.53 15.53 15.53 15.59 15.59 15.67 15.69 15.69 15.69 15.69 15.45 15.45 15.45 15.57 15.64 15.54 15.64 15.63 15.61 15.63 15.63 15.64 15.64 15.64 15.64 15.66 15.64 15.65 15.65 15.64 15.62 15.64 15.65 15.65 15.65 15.65 15.65 15.63 15.64 15.64 15.62 15.52 15.54 15.41 15.50 15.55
99999.90 99999.90 99999.90 99999.90 99999.90 99999.90 99999.90 99999.90 99999.90 15.89 15.83 15.83 15.83 15.58 15.58 15.58 15.65 15.65 15.65 15.65 15.65 15.65 15.65 15.65 15.61 15.61 15.67 15.67 15.67 15.67 15.53 15.53 15.53 15.52 15.52 15.52 15.65 15.64 15.64 15.64 15.62 15.46 15.46 15.46 15.61 15.57 15.61 15.63 15.63 15.62 15.62 15.62 15.62 15.59 15.61 15.63 15.64 15.63 15.65 15.63 15.62 15.62 15.63 15.62 15.61 15.62 15.62 15.61 15.59 15.62 15.61 15.64 15.61 15.38 15.46 15.49 15.52
99999.90 99999.90 99999.90 99999.90 99999.90 99999.90 99999.90 99999.90 99999.90 15.89 15.83 15.83 15.58 15.65 15.65 15.65 15.65 15.65 15.65 15.65 15.65 15.65 15.65 15.61 15.61 15.72 15.72 15.67 15.67 15.64 15.64 15.68 15.53 15.52 15.52 15.52 15.57 15.66 15.66 15.62 15.62 15.46 15.46 15.46 15.48 15.57 15.57 15.60 15.59 15.59 15.56 15.59 15.58 15.58 15.58 15.61 15.60 15.62 15.62 15.60 15.57 15.58 15.58 15.57 15.61 15.59 15.59 15.56 15.57 15.59 15.61 15.53 15.54 15.49 15.39 15.55 15.48
99999.90 99999.90 99999.90 99999.90 99999.90 99999.90 99999.90 99999.90 99999.90 99999.90 15.83 15.83 15.58 15.65 15.65 15.65 15.65 15.65 15.65 15.65 15.65 15.65 15.61 15.42 15.42 15.42 15.58 15.52 15.64 15.64 15.68 15.68 15.68 15.52 15.52 15.57 15.57 15.63 15.62 15.62 15.59 15.52 15.52 15.56 15.56 15.56 15.55 15.55 15.55 15.56 15.51 15.56 15.55 15.56 15.57 15.58 15.59 15.61 15.60 15.60 15.57 15.55 15.57 15.54 15.57 15.56 15.56 15.54 15.55 15.57 15.57 15.47 15.51 15.39 15.51 15.58 15.53
99999.90 99999.90 99999.90 99999.90 99999.90 99999.90 99999.90 99999.90 99999.90 99999.90 15.83 15.83 15.58 15.65 15.65 15.65 15.65 15.65 15.65 15.65 15.65 15.37 15.37 15.37 15.37 15.37 15.64 15.52 15.63 15.68 15.68 15.68 15.68 15.52 15.57 15.61 15.61 15.61 15.62 15.59 15.59 15.52 15.52 15.53 15.51 15.54 15.56 15.54 15.47 15.50 15.53 15.55 15.55 15.56 15.53 15.54 15.58 15.58 15.57 15.58 15.56 15.56 15.55 15.54 15.54 15.53 15.54 15.52 15.52 15.54 15.54 15.42 15.53 15.49 15.52 15.57 15.56
99999.90 99999.90 99999.90 99999.90 99999.90 99999.90 99999.90 99999.90 99999.90 99999.90 99999.90 99999.90 15.58 15.65 15.65 15.65 15.65 15.65 15.65 15.37 15.37 15.37 15.37 15.37 15.37 15.37 15.64 15.57 15.64 15.62 15.62 15.62 15.62 15.51 15.51 15.60 15.60 15.60 15.61 15.59 15.59 15.48 15.48 15.49 15.54 15.54 15.54 15.54 15.49 15.50 15.51 15.50 15.50 15.54 15.55 15.55 15.57 15.57 15.57 15.57 15.57 15.54 15.53 15.54 15.51 15.52 15.49 15.50 15.48 15.52 15.51 15.45 15.37 15.44 15.53 15.52 15.47
99999.90 99999.90 99999.90 99999.90 99999.90 99999.90 99999.90 99999.90 99999.90 99999.90 99999.90 99999.90 15.58 15.65 15.65 15.65 15.65 15.37 15.37 15.37 15.37 15.37 15.37 15.37 15.37 15.37 15.41 15.41 15.58 15.59 15.59 15.59 15.61 15.61 15.51 15.51 15.56 15.56 15.57 15.59 15.54 15.48 15.49 15.49 15.53 15.51 15.52 15.49 15.45 15.43 15.49 15.49 15.49 15.52 15.53 15.54 15.55 15.56 15.54 15.54 15.55 15.52 15.50 15.50 15.50 15.51 15.48 15.49 15.45 15.45 15.47 15.39 15.35 15.46 15.51 15.48 15.33
99999.90 99999.90 99999.90 99999.90 99999.90 99999.90 99999.90 99999.90 99999.90 99999.90 99999.90 99999.90 15.58 15.65 15.65 15.37 15.37 15.37 15.37 15.37 15.37 15.37 15.37 15.37 15.37 15.41 15.41 15.41 15.58 15.47 15.47 15.61 15.61 15.49 15.51 15.51 15.51 15.54 15.55 15.56 15.56 15.55 15.51 15.54 15.50 15.50 15.49 15.45 15.40 15.43 15.47 15.48 15.51 15.50 15.51 15.51 15.53 15.52 15.52 15.52 15.53 15.52 15.49 15.49 15.47 15.47 15.43 15.48 15.38 15.41 15.47 15.45 15.44 15.50 15.47 15.40 15.30
99999.90 99999.90 99999.90 99999.90 99999.90 99999.90 99999.90 99999.90 99999.90 99999.90 99999.90 99999.90 99999.90 15.65 15.65 15.37 15.37 15.37 15.37 15.37 15.37 15.37 15.37 15.37 15.41 15.41 15.41 15.41 15.47 15.47 15.61 15.61 15.61 15.49 15.50 15.53 15.53 15.53 15.51 15.51 15.52 15.52 15.51 15.51 15.49 15.50 15.46 15.46 15.42 15.45 15.43 15.45 15.48 15.48 15.49 15.49 15.50 15.50 15.50 15.50 15.50 15.50 15.49 15.47 15.45 15.43 15.43 15.43 15.28 15.36 15.44 15.43 15.39 15.43 15.42 15.42 15.34
99999.90 99999.90 99999.90 99999.90 99999.90 99999.90 99999.90 99999.90 99999.90 99999.90 99999.90 99999.90 99999.90 15.65 15.65 15.37 15.37 15.37 15.37 15.37 15.37 15.37 15.37 15.41 15.41 15.41 15.41 15.47 15.47 15.47 15.51 15.51 15.51 15.49 15.50 15.48 15.49 15.49 15.50 15.49 15.50 15.50 15.49 15.50 15.50 15.49 15.47 15.47 15.43 15.42 15.41 15.47 15.48 15.47 15.46 15.47 15.49 15.48 15.48 15.48 15.48 15.48 15.48 15.46 15.44 15.44 15.43 15.37 15.24 15.38 15.39 15.39 15.38 15.37 15.36 15.40 15.29
99999.90 99999.90 99999.90 99999.90 99999.90 99999.90 99999.90 99999.90 99999.90 99999.90 99999.90 99999.90 99999.90 15.65 15.65 15.37 15.37 15.37 15.37 15.37 15.37 15.37 15.41 15.41 15.41 15.41 15.41 15.47 15.47 15.51 15.51 15.51 15.53 15.50 15.47 15.47 15.45 15.46 15.47 15.47 15.47 15.47 15.47 15.48 15.47 15.45 15.46 15.44 15.42 15.41 15.41 15.46 15.45 15.46 15.46 15.47 15.45 15.46 15.43 15.45 15.46 15.45 15.45 15.42 15.42 15.43 15.42 15.35 15.15 15.34 15.41 15.37 15.42 15.28 15.36 15.40 15.30
99999.90 99999.90 99999.90 99999.90 99999.90 99999.90 99999.90 99999.90 99999.90 99999.90 99999.90 99999.90 99999.90 99999.90 15.61 15.37 15.37 15.37 15.37 15.37 15.37 15.41 15.41 15.41 15.41 15.41 15.47 15.47 15.51 15.51 15.24 15.24 15.24 15.47 15.42 15.46 15.43 15.44 15.44 15.43 15.45 15.45 15.43 15.44 15.45 15.43 15.44 15.43 15.41 15.41 15.42 15.43 15.41 15.42 15.42 15.45 15.45 15.45 15.44 15.44 15.45 15.43 15.42 15.40 15.40 15.38 15.41 15.37 15.30 15.37 15.35 15.36 15.36 15.31 15.30 15.29 15.39
99999.90 99999.90 99999.90 99999.90 99999.90 99999.90 99999.90 99999.90 99999.90 99999.90 99999.90 99999.90 99999.90 99999.90 99999.90 15.37 15.37 15.37 15.37 15.37 15.41 15.41 15.41 15.41 15.41 15.41 15.47 15.51 15.24 15.24 15.24 15.24 15.24 15.13 15.41 15.40 15.41 15.42 15.42 15.41 15.42 15.41 15.41 15.42 15.45 15.43 15.42 15.41 15.42 15.41 15.41 15.40 15.39 15.38 15.40 15.42 15.42 15.42 15.42 15.42 15.43 15.41 15.39 15.39 15.37 15.37 15.35 15.30 15.26 15.31 15.28 15.31 15.29 15.28 15.28 15.32 15.34
99999.90 99999.90 99999.90 99999.90 99999.90 99999.90 99999.90 99999.90 99999.90 99999.90 99999.90 99999.90 99999.90 99999.90 99999.90 15.37 15.37 15.37 15.37 15.41 15.41 15.41 15.41 15.41 15.41 15.47 15.24 15.24 15.24 15.24 15.24 15.24 15.13 15.13 15.38 15.36 15.38 15.38 15.38 15.39 15.40 15.41 15.40 15.41 15.42 15.38 15.38 15.38 15.39 15.39 15.39 15.36 15.37 15.37 15.39 15.39 15.40 15.39 15.38 15.39 15.39 15.38 15.36 15.38 15.37 15.38 15.36 15.35 15.34 15.33 15.35 15.31 15.32 15.31 15.32 15.35 15.36
99999.90 99999.90 99999.90 99999.90 99999.90 99999.90 99999.90 99999.90 99999.90 99999.90 99999.90 99999.90 99999.90 99999.90 99999.90 15.37 15.37 15.37 15.41 15.41 15.41 15.41 15.41 15.41 15.41 15.24 15.24 15.24 15.24 15.24 15.24 15.13 15.13 15.38 15.38 15.39 15.36 15.34 15.35 15.37 15.37 15.39 15.38 15.38 15.38 15.33 15.34 15.37 15.37 15.36 15.36 15.33 15.34 15.36 15.38 15.38 15.37 15.38 15.38 15.37 15.37 15.36 15.35 15.36 15.36 15.36 15.32 15.32 15.33 15.32 15.30 15.19 15.29 15.30 15.33 15.29 15.31
99999.90 99999.90 99999.90 99999.90 99999.90 99999.90 99999.90 99999.90 99999.90 99999.90 99999.90 99999.90 99999.90 99999.90 99999.90 99999.90 99999.90 15.41 15.41 15.41 15.41 15.41 15.41 15.41 15.24 15.24 15.24 15.24 15.24 15.24 15.13 15.13 15.38 15.30 15.30 15.30 15.39 15.33 15.32 15.34 15.34 15.35 15.35 15.35 15.34 15.32 15.28 15.30 15.35 15.35 15.34 15.34 15.34 15.35 15.36 15.36 15.37 15.36 15.37 15.36 15.36 15.36 15.35 15.35 15.36 15.35 15.32 15.31 15.28 15.30 15.30 15.31 15.25 15.28 15.30 15.29 15.31
99999.90 99999.90 99999.90 99999.90 99999.90 99999.90 99999.90 99999.90 99999.90 99999.90 99999.90 99999.90 99999.90 99999.90 99999.90 99999.90 99999.90 15.41 15.41 15.41 15.41 15.41 15.41 15.24 15.24 15.24 15.24 15.24 15.24 15.13 15.13 15.30 15.30 15.30 15.30 15.30 15.37 15.32 15.30 15.28 15.30 15.32 15.32 15.33 15.32 15.32 15.30 15.32 15.32 15.32 15.32 15.33 15.32 15.33 15.34 15.34 15.35 15.35 15.35 15.34 15.34 15.33 15.34 15.33 15.33 15.33 15.31 15.29 15.29 15.29 15.29 15.28 15.24 15.29 15.29 15.29 15.23
