files/bom_datasets/05.21.18.txt
ncols 839
nrows 679
xllcenter 112.0500
yllcenter -43.9500
cellsize 0.0500
nodata_value 99999.90
[rows 170 to 203 of 679, columns 385 to 461 of 839]
18.80 18.80 18.86 18.85 18.82 18.75 18.70 18.68 18.78 18.79 18.83 18.84 18.84 18.82 18.82 18.84 18.85 18.86 18.87 18.84 18.80 18.82 18.80 18.78 18.75 18.71 18.85 18.80 18.80 18.71 18.75 18.71 18.78 18.75 18.79 18.75 18.69 18.76 18.82 18.81 18.78 18.74 18.75 18.74 18.73 18.76 18.56 18.73 18.80 18.81 18.80 18.74 18.74 18.81 18.84 18.84 18.83 18.80 18.74 18.63 18.74 18.76 18.76 18.75 18.65 18.63 18.62 18.55 18.63 18.66 18.71 18.79 18.77 18.73 18.57 18.54 18.62
18.76 18.80 18.80 18.81 18.78 18.81 18.77 18.76 18.77 18.76 18.74 18.71 18.75 18.75 18.70 18.76 18.82 18.83 18.86 18.85 18.82 18.81 18.78 18.76 18.72 18.71 18.82 18.77 18.78 18.72 18.72 18.73 18.74 18.78 18.77 18.76 18.71 18.71 18.81 18.82 18.83 18.76 18.76 18.69 18.66 18.64 18.63 18.75 18.76 18.79 18.80 18.76 18.76 18.78 18.81 18.81 18.80 18.76 18.67 18.78 18.79 18.73 18.67 18.76 18.75 18.67 18.57 18.35 18.59 18.73 18.78 18.77 18.62 18.68 18.70 18.65 18.53
18.61 18.73 18.79 18.79 18.83 18.79 18.76 18.78 18.75 18.74 18.74 18.69 18.72 18.71 18.58 18.70 18.77 18.79 18.81 18.81 18.80 18.82 18.79 18.76 18.68 18.69 18.70 18.73 18.78 18.74 18.67 18.71 18.73 18.78 18.79 18.77 18.68 18.77 18.78 18.79 18.80 18.79 18.76 18.73 18.76 18.71 18.71 18.76 18.77 18.76 18.76 18.74 18.74 18.78 18.80 18.80 18.77 18.76 18.70 18.73 18.72 18.79 18.66 18.58 18.58 18.56 18.48 18.44 18.62 18.76 18.81 18.80 18.71 18.60 18.59 18.57 18.43
18.71 18.73 18.69 18.66 18.69 18.73 18.70 18.73 18.71 18.70 18.67 18.63 18.56 18.69 18.50 18.60 18.73 18.77 18.79 18.81 18.80 18.80 18.77 18.73 18.70 18.71 18.71 18.70 18.71 18.71 18.65 18.66 18.70 18.67 18.68 18.72 18.71 18.73 18.75 18.75 18.78 18.79 18.74 18.72 18.77 18.78 18.75 18.72 18.70 18.73 18.70 18.75 18.75 18.72 18.77 18.79 18.81 18.76 18.70 18.69 18.70 18.72 18.70 18.58 18.52 18.56 18.55 18.54 18.70 18.68 18.70 18.75 18.79 18.53 18.40 18.38 18.49
18.53 18.58 18.57 18.64 18.61 18.66 18.70 18.72 18.70 18.64 18.63 18.59 18.39 18.62 18.67 18.65 18.68 18.75 18.76 18.78 18.76 18.77 18.71 18.65 18.70 18.76 18.75 18.73 18.71 18.66 18.66 18.66 18.75 18.77 18.74 18.70 18.68 18.70 18.73 18.76 18.79 18.78 18.76 18.73 18.70 18.77 18.73 18.71 18.70 18.71 18.67 18.67 18.70 18.66 18.69 18.73 18.73 18.72 18.62 18.61 18.66 18.69 18.68 18.70 18.52 18.58 18.55 18.60 18.61 18.66 18.70 18.74 18.68 18.63 18.36 18.57 18.62
18.49 18.53 18.61 18.63 18.57 18.59 18.61 18.68 18.66 18.60 18.55 18.36 18.62 18.70 18.71 18.69 18.70 18.72 18.73 18.74 18.71 18.73 18.67 18.71 18.72 18.73 18.73 18.73 18.70 18.70 18.66 18.71 18.71 18.72 18.72 18.70 18.65 18.70 18.70 18.73 18.77 18.75 18.75 18.70 18.62 18.70 18.70 18.71 18.68 18.65 18.65 18.66 18.70 18.72 18.75 18.72 18.69 18.71 18.70 18.67 18.65 18.55 18.60 18.64 18.54 18.53 18.56 18.57 18.60 18.57 18.56 18.63 18.54 18.53 18.61 18.64 18.59
18.58 18.54 18.59 18.54 18.56 18.58 18.62 18.63 18.64 18.61 18.61 18.62 18.72 18.72 18.69 18.65 18.67 18.67 18.62 18.68 18.68 18.73 18.72 18.71 18.71 18.72 18.76 18.71 18.56 18.64 18.63 18.66 18.68 18.73 18.70 18.71 18.70 18.71 18.71 18.66 18.72 18.71 18.72 18.69 18.66 18.60 18.53 18.62 18.62 18.67 18.73 18.65 18.65 18.69 18.74 18.70 18.71 18.69 18.64 18.53 18.46 18.59 18.59 18.58 18.54 18.57 18.59 18.55 18.54 18.54 18.34 18.44 18.50 18.53 18.58 18.61 18.50
18.65 18.67 18.66 18.64 18.59 18.61 18.66 18.63 18.63 18.67 18.65 18.66 18.71 18.71 18.70 18.69 18.66 18.66 18.66 18.69 18.67 18.71 18.69 18.69 18.72 18.72 18.71 18.69 18.69 18.63 18.59 18.61 18.69 18.71 18.69 18.67 18.70 18.70 18.71 18.70 18.71 18.71 18.71 18.68 18.66 18.61 18.61 18.67 18.65 18.64 18.66 18.70 18.66 18.66 18.71 18.68 18.69 18.68 18.67 18.66 18.58 18.55 18.53 18.65 18.67 18.57 18.66 18.52 18.60 18.49 18.35 18.20 18.32 18.39 18.39 18.45 18.45
18.65 18.65 18.66 18.66 18.63 18.65 18.59 18.56 18.55 18.55 18.61 18.66 18.67 18.65 18.63 18.65 18.63 18.62 18.63 18.68 18.67 18.66 18.64 18.70 18.68 18.71 18.71 18.71 18.62 18.59 18.62 18.67 18.70 18.69 18.71 18.71 18.72 18.72 18.73 18.71 18.70 18.68 18.69 18.68 18.67 18.64 18.65 18.62 18.64 18.57 18.53 18.60 18.59 18.53 18.68 18.69 18.70 18.66 18.63 18.57 18.57 18.54 18.61 18.62 18.64 18.68 18.68 18.56 18.41 18.34 18.22 18.07 17.89 18.05 18.06 18.23 18.46
18.53 18.55 18.51 18.54 18.61 18.68 18.61 18.49 18.46 18.44 18.54 18.56 18.55 18.57 18.62 18.63 18.67 18.65 18.64 18.64 18.60 18.60 18.60 18.61 18.65 18.64 18.66 18.66 18.61 18.60 18.61 18.61 18.59 18.62 18.67 18.70 18.70 18.70 18.73 18.72 18.69 18.66 18.67 18.63 18.64 18.65 18.64 18.64 18.58 18.59 18.58 18.53 18.54 18.55 18.58 18.56 18.68 18.65 18.64 18.62 18.64 18.67 18.64 18.60 18.65 18.62 18.61 18.44 18.25 18.13 17.97 18.00 18.22 18.12 18.19 18.28 18.52
18.53 18.57 18.59 18.55 18.52 18.52 18.56 18.49 18.42 18.34 18.39 18.45 18.46 18.51 18.52 18.53 18.54 18.58 18.58 18.59 18.54 18.60 18.61 18.63 18.64 18.60 18.64 18.62 18.63 18.62 18.58 18.61 18.61 18.64 18.67 18.68 18.68 18.68 18.70 18.69 18.68 18.68 18.67 18.66 18.63 18.64 18.62 18.61 18.58 18.60 18.56 18.57 18.58 18.59 18.61 18.61 18.60 18.62 18.61 18.59 18.62 18.59 18.57 18.55 18.63 18.60 18.44 18.20 18.20 18.09 18.05 18.20 18.48 18.29 18.19 18.41 18.61
18.43 18.55 18.57 18.52 18.54 18.51 18.48 18.49 18.47 18.39 18.32 18.36 18.39 18.41 18.48 18.52 18.46 18.51 18.45 18.54 18.53 18.56 18.61 18.56 18.57 18.58 18.60 18.62 18.62 18.60 18.59 18.56 18.59 18.66 18.65 18.65 18.64 18.65 18.67 18.68 18.67 18.66 18.67 18.69 18.65 18.60 18.57 18.61 18.58 18.50 18.55 18.55 18.55 18.57 18.57 18.61 18.58 18.61 18.62 18.52 18.56 18.56 18.57 18.58 18.56 18.56 18.50 18.55 18.55 18.26 17.98 18.22 18.50 18.52 18.38 18.55 18.58
18.33 18.39 18.49 18.48 18.49 18.53 18.48 18.42 18.34 18.35 18.35 18.34 18.30 18.28 18.35 18.44 18.44 18.51 18.43 18.47 18.57 18.53 18.56 18.59 18.56 18.57 18.52 18.57 18.56 18.56 18.58 18.54 18.60 18.64 18.63 18.60 18.63 18.62 18.63 18.65 18.66 18.65 18.65 18.66 18.58 18.58 18.57 18.59 18.57 18.49 18.46 18.55 18.57 18.54 18.54 18.53 18.59 18.57 18.55 18.56 18.55 18.49 18.55 18.55 18.56 18.58 18.57 18.57 18.58 18.52 18.46 18.49 18.50 18.46 18.47 18.54 18.54
18.30 18.23 18.32 18.37 18.38 18.43 18.45 18.41 18.45 18.38 18.34 18.29 18.27 18.30 18.25 18.20 18.34 18.36 18.28 18.37 18.48 18.49 18.51 18.54 18.54 18.54 18.53 18.55 18.50 18.53 18.51 18.49 18.57 18.60 18.58 18.56 18.61 18.62 18.61 18.62 18.62 18.60 18.51 18.53 18.55 18.54 18.50 18.50 18.49 18.49 18.49 18.50 18.52 18.51 18.51 18.53 18.59 18.57 18.52 18.55 18.56 18.54 18.54 18.53 18.55 18.57 18.57 18.57 18.56 18.55 18.53 18.53 18.47 18.49 18.53 18.51 18.51
18.24 18.25 18.20 18.24 18.25 18.26 18.24 18.29 18.34 18.35 18.30 18.28 18.28 18.28 18.25 18.12 18.22 18.41 18.46 18.34 18.34 18.38 18.45 18.49 18.49 18.48 18.51 18.53 18.42 18.47 18.46 18.56 18.58 18.57 18.55 18.55 18.57 18.57 18.59 18.57 18.51 18.46 18.41 18.39 18.49 18.47 18.39 18.43 18.49 18.50 18.48 18.49 18.50 18.49 18.48 18.53 18.56 18.57 18.56 18.54 18.54 18.53 18.50 18.51 18.55 18.55 18.55 18.52 18.50 18.57 18.54 18.48 18.48 18.54 18.53 18.51 18.53
18.36 18.36 18.37 18.32 18.19 18.11 18.03 18.04 18.22 18.24 18.24 18.23 18.18 18.20 18.28 18.26 18.29 18.29 18.34 18.51 18.49 18.40 18.47 18.45 18.36 18.38 18.34 18.37 18.41 18.45 18.46 18.48 18.48 18.50 18.50 18.50 18.54 18.53 18.52 18.47 18.46 18.46 18.37 18.35 18.45 18.42 18.44 18.48 18.49 18.51 18.51 18.52 18.50 18.49 18.55 18.48 18.41 18.48 18.51 18.54 18.55 18.46 18.43 18.48 18.50 18.53 18.52 18.43 18.36 18.54 18.55 18.53 18.50 18.50 18.51 18.53 18.50
18.39 18.39 18.48 18.52 18.51 18.34 18.23 18.13 18.25 18.18 18.12 18.17 18.18 18.18 18.20 18.19 18.12 18.20 18.28 18.32 18.48 18.46 18.46 18.39 18.33 18.15 18.25 18.39 18.40 18.41 18.43 18.38 18.43 18.45 18.45 18.47 18.49 18.52 18.50 18.48 18.47 18.43 18.41 18.40 18.44 18.49 18.43 18.52 18.49 18.50 18.52 18.52 18.48 18.48 18.47 18.47 18.46 18.52 18.52 18.50 18.48 18.43 18.42 18.43 18.45 18.43 18.45 18.46 18.46 18.52 18.54 18.55 18.54 18.52 18.48 18.52 18.53
18.34 18.36 18.36 18.41 18.48 18.44 18.34 18.30 18.29 18.26 18.24 18.23 18.22 18.22 18.27 18.25 18.31 18.22 18.31 18.36 18.36 18.40 18.39 18.43 18.49 18.46 18.45 18.50 18.39 18.39 18.43 18.42 18.45 18.47 18.50 18.46 18.48 18.48 18.48 18.49 18.49 18.46 18.46 18.47 18.53 18.51 18.47 18.46 18.42 18.45 18.48 18.45 18.46 18.50 18.47 18.46 18.46 18.45 18.44 18.41 18.42 18.41 18.42 18.42 18.46 18.46 18.41 18.45 18.49 18.50 18.51 18.52 18.51 18.51 18.49 18.51 18.52
18.36 18.37 18.40 18.40 18.45 18.41 18.46 18.39 18.33 18.39 18.35 18.35 18.27 18.13 18.05 18.10 18.14 18.25 18.32 18.49 18.43 18.38 18.42 18.44 18.48 18.37 18.47 18.50 18.45 18.43 18.40 18.40 18.44 18.45 18.47 18.49 18.49 18.47 18.40 18.42 18.41 18.45 18.44 18.46 18.42 18.48 18.48 18.47 18.46 18.47 18.52 18.49 18.48 18.51 18.49 18.45 18.40 18.40 18.38 18.34 18.40 18.41 18.47 18.47 18.45 18.44 18.39 18.43 18.45 18.44 18.46 18.50 18.50 18.47 18.44 18.51 18.50
18.34 18.39 18.41 18.40 18.37 18.35 18.31 18.36 18.40 18.47 18.42 18.49 18.40 18.40 18.29 18.33 18.27 18.26 18.33 18.38 18.38 18.35 18.38 18.24 18.33 18.35 18.39 18.45 18.44 18.47 18.47 18.48 18.46 18.49 18.50 18.48 18.51 18.48 18.42 18.39 18.39 18.47 18.44 18.44 18.41 18.48 18.51 18.48 18.47 18.47 18.44 18.45 18.44 18.45 18.42 18.35 18.40 18.38 18.33 18.30 18.26 18.31 18.40 18.35 18.41 18.44 18.40 18.43 18.42 18.44 18.42 18.46 18.47 18.44 18.41 18.40 18.52
18.25 18.29 18.27 18.25 18.32 18.37 18.38 18.41 18.38 18.43 18.38 18.39 18.38 18.33 18.31 18.31 18.30 18.35 18.40 18.35 18.33 18.29 18.27 18.31 18.26 18.21 18.29 18.33 18.36 18.38 18.43 18.46 18.45 18.43 18.50 18.49 18.47 18.42 18.39 18.44 18.40 18.42 18.48 18.42 18.40 18.44 18.49 18.46 18.40 18.40 18.40 18.43 18.44 18.45 18.38 18.40 18.37 18.34 18.39 18.35 18.30 18.29 18.36 18.36 18.37 18.38 18.29 18.30 18.37 18.42 18.42 18.44 18.44 18.41 18.38 18.40 18.47
18.36 18.39 18.32 18.27 18.26 18.26 18.31 18.32 18.36 18.38 18.33 18.27 18.40 18.35 18.33 18.28 18.42 18.45 18.42 18.42 18.41 18.37 18.36 18.32 18.39 18.45 18.32 18.38 18.39 18.37 18.37 18.33 18.38 18.43 18.48 18.48 18.45 18.39 18.38 18.44 18.43 18.38 18.38 18.47 18.43 18.45 18.43 18.42 18.42 18.39 18.40 18.42 18.37 18.38 18.32 18.33 18.36 18.42 18.46 18.42 18.39 18.34 18.33 18.36 18.33 18.28 17.95 18.23 18.35 18.40 18.36 18.42 18.44 18.44 18.44 18.43 18.47
18.36 18.34 18.42 18.42 18.35 18.36 18.40 18.39 18.38 18.30 18.36 18.37 18.42 18.46 18.42 18.36 18.36 18.34 18.45 18.46 18.46 18.40 18.37 18.42 18.40 18.39 18.43 18.43 18.40 18.43 18.42 18.41 18.45 18.46 18.43 18.45 18.44 18.42 18.38 18.42 18.43 18.42 18.40 18.43 18.42 18.39 18.39 18.37 18.36 18.37 18.37 18.38 18.38 18.37 18.40 18.37 18.33 18.31 18.36 18.36 18.37 18.33 18.36 18.36 18.35 18.28 18.18 18.35 18.37 18.37 18.33 18.38 18.37 18.39 18.43 18.44 18.43
18.35 18.33 18.34 18.33 18.35 18.34 18.37 18.38 18.37 18.41 18.39 18.40 18.40 18.41 18.42 18.44 18.41 18.41 18.44 18.42 18.42 18.30 18.31 18.26 18.36 18.41 18.42 18.43 18.43 18.40 18.40 18.39 18.40 18.39 18.40 18.38 18.39 18.41 18.40 18.41 18.43 18.41 18.40 18.40 18.35 18.38 18.39 18.34 18.31 18.32 18.35 18.37 18.33 18.34 18.35 18.33 18.32 18.30 18.37 18.36 18.37 18.34 18.31 18.32 18.34 18.28 18.28 18.33 18.32 18.30 18.30 18.35 18.37 18.43 18.43 18.45 18.46
18.31 18.32 18.34 18.29 18.30 18.33 18.35 18.37 18.38 18.39 18.36 18.38 18.39 18.40 18.40 18.39 18.43 18.42 18.45 18.45 18.41 18.34 18.38 18.34 18.38 18.46 18.43 18.47 18.42 18.36 18.40 18.41 18.42 18.36 18.35 18.35 18.34 18.36 18.33 18.37 18.37 18.38 18.35 18.37 18.31 18.35 18.35 18.31 18.32 18.35 18.38 18.36 18.33 18.35 18.34 18.32 18.32 18.32 18.30 18.29 18.32 18.26 18.31 18.31 18.29 18.26 18.31 18.31 18.28 18.24 18.23 18.33 18.37 18.42 18.44 18.41 18.42
18.26 18.35 18.40 18.38 18.32 18.42 18.37 18.37 18.37 18.37 18.35 18.36 18.39 18.39 18.42 18.41 18.41 18.39 18.42 18.44 18.39 18.37 18.39 18.37 18.34 18.42 18.39 18.36 18.34 18.36 18.38 18.38 18.35 18.33 18.35 18.32 18.27 18.31 18.36 18.38 18.36 18.36 18.38 18.34 18.31 18.29 18.29 18.32 18.35 18.34 18.34 18.35 18.33 18.35 18.27 18.25 18.28 18.29 18.29 18.26 18.16 18.08 18.26 18.27 18.20 18.27 18.27 18.26 18.25 18.24 18.25 18.32 18.43 18.40 18.38 18.39 18.39
18.37 18.33 18.33 18.33 18.37 18.37 18.35 18.34 18.37 18.36 18.35 18.37 18.37 18.37 18.39 18.41 18.42 18.39 18.35 18.37 18.36 18.38 18.39 18.30 18.21 18.33 18.37 18.33 18.32 18.33 18.37 18.36 18.32 18.28 18.37 18.36 18.29 18.32 18.34 18.36 18.37 18.37 18.35 18.31 18.24 18.28 18.28 18.32 18.33 18.34 18.34 18.36 18.35 18.33 18.31 18.27 18.25 18.24 18.28 18.28 18.28 18.25 18.28 18.25 18.24 18.26 18.25 18.26 18.22 18.20 18.19 18.24 18.37 18.40 18.40 18.38 18.38
18.31 18.32 18.32 18.33 18.35 18.33 18.27 18.31 18.28 18.28 18.30 18.31 18.34 18.33 18.35 18.39 18.41 18.35 18.33 18.33 18.36 18.37 18.30 18.26 18.26 18.27 18.33 18.37 18.38 18.33 18.34 18.34 18.31 18.32 18.42 18.38 18.31 18.32 18.34 18.34 18.34 18.34 18.32 18.30 18.29 18.26 18.25 18.30 18.32 18.32 18.32 18.32 18.30 18.30 18.29 18.28 18.27 18.23 18.27 18.26 18.26 18.23 18.20 18.16 18.21 18.25 18.23 18.22 18.22 18.18 18.22 18.26 18.31 18.37 18.40 18.36 18.31
18.28 18.27 18.32 18.28 18.32 18.32 18.30 18.30 18.29 18.26 18.29 18.32 18.33 18.35 18.34 18.35 18.36 18.37 18.38 18.39 18.35 18.34 18.28 18.23 18.26 18.32 18.34 18.36 18.35 18.31 18.32 18.32 18.32 18.30 18.28 18.37 18.40 18.37 18.29 18.31 18.29 18.28 18.29 18.29 18.29 18.22 18.25 18.27 18.29 18.29 18.29 18.28 18.27 18.28 18.28 18.28 18.27 18.23 18.28 18.24 18.27 18.17 18.15 18.14 18.16 18.19 18.22 18.23 18.18 18.16 18.23 18.27 18.28 18.31 18.34 18.31 18.28
18.29 18.31 18.31 18.29 18.25 18.30 18.27 18.27 18.25 18.26 18.29 18.34 18.33 18.34 18.33 18.31 18.34 18.33 18.34 18.35 18.36 18.34 18.25 18.26 18.29 18.33 18.32 18.32 18.34 18.30 18.32 18.30 18.32 18.32 18.32 18.31 18.32 18.28 18.26 18.31 18.29 18.30 18.28 18.29 18.29 18.27 18.25 18.25 18.25 18.24 18.25 18.26 18.22 18.23 18.25 18.27 18.26 18.26 18.25 18.22 18.21 18.17 18.17 18.18 18.13 18.20 18.19 18.19 18.19 18.19 18.22 18.20 18.17 18.22 18.23 18.22 18.28
18.17 18.16 18.19 18.18 18.24 18.26 18.27 18.26 18.27 18.28 18.31 18.32 18.32 18.32 18.32 18.32 18.31 18.31 18.33 18.33 18.32 18.35 18.32 18.33 18.29 18.33 18.32 18.29 18.32 18.31 18.30 18.28 18.30 18.30 18.28 18.25 18.21 18.23 18.26 18.29 18.28 18.25 18.26 18.24 18.24 18.22 18.25 18.17 18.22 18.23 18.21 18.23 18.20 18.23 18.25 18.26 18.24 18.24 18.22 18.18 18.20 18.20 18.19 18.18 18.17 18.22 18.22 18.25 18.27 18.21 18.20 18.19 18.20 18.20 18.23 18.20 18.30
18.17 18.17 18.19 18.22 18.20 18.23 18.24 18.26 18.27 18.26 18.28 18.27 18.30 18.31 18.31 18.30 18.31 18.30 18.27 18.30 18.29 18.31 18.30 18.29 18.30 18.29 18.33 18.32 18.32 18.30 18.26 18.22 18.24 18.27 18.23 18.21 18.20 18.24 18.27 18.25 18.25 18.28 18.25 18.18 18.16 18.21 18.23 18.17 18.20 18.19 18.20 18.17 18.22 18.20 18.23 18.23 18.22 18.16 18.08 18.11 18.16 18.18 18.17 18.15 18.17 18.20 18.24 18.24 18.23 18.25 18.21 18.18 18.17 18.19 18.17 18.13 18.18
18.13 18.12 18.20 18.22 18.17 18.20 18.26 18.29 18.26 18.26 18.28 18.30 18.34 18.34 18.32 18.31 18.35 18.34 18.29 18.30 18.29 18.26 18.24 18.27 18.26 18.31 18.31 18.31 18.31 18.25 18.23 18.21 18.23 18.24 18.23 18.22 18.23 18.24 18.23 18.25 18.27 18.25 18.21 18.19 18.15 18.19 18.22 18.20 18.19 18.18 18.18 18.17 18.17 18.18 18.20 18.17 18.15 18.14 18.15 18.06 18.13 18.14 18.17 18.08 18.13 18.10 18.19 18.23 18.23 18.24 18.24 18.19 18.13 18.16 18.13 18.15 18.15
18.13 18.18 18.16 18.20 18.20 18.24 18.21 18.18 18.13 18.12 18.18 18.28 18.29 18.31 18.36 18.38 18.38 18.36 18.35 18.33 18.28 18.25 18.23 18.25 18.31 18.23 18.19 18.28 18.19 18.16 18.20 18.22 18.22 18.21 18.22 18.23 18.23 18.21 18.21 18.23 18.24 18.20 18.19 18.18 18.20 18.17 18.20 18.15 18.15 18.14 18.16 18.14 18.19 18.19 18.18 18.08 18.06 18.06 18.13 18.06 18.17 18.18 18.17 18.08 18.12 17.97 18.04 18.16 18.22 18.21 18.23 18.23 18.20 18.15 18.16 18.15 18.12
