files/bom_datasets/05.30.18.txt
ncols 839
nrows 679
xllcenter 112.0500
yllcenter -43.9500
cellsize 0.0500
nodata_value 99999.90
[rows 204 to 237 of 679, columns 231 to 307 of 839]
14.71 14.77 14.41 14.52 14.90 15.60 15.71 15.30 14.89 14.96 15.56 15.77 15.91 15.90 15.95 15.80 16.21 15.91 15.62 15.81 15.82 15.97 16.10 16.32 16.55 16.35 16.28 16.18 16.21 16.14 15.97 16.09 16.20 16.21 16.05 16.08 16.28 16.60 16.85 17.01 17.09 17.13 17.04 16.96 17.06 17.04 17.04 17.03 16.89 17.11 17.21 17.24 17.32 17.41 17.38 17.42 17.49 17.41 17.25 17.22 17.60 17.55 17.59 17.65 17.57 17.51 17.50 17.43 17.43 17.45 17.42 17.36 17.29 17.31 16.90 17.03 16.84
14.63 14.47 14.61 14.98 15.33 15.39 15.25 15.46 15.23 15.51 15.72 15.67 15.74 15.75 15.94 16.00 16.01 15.92 15.72 15.69 15.74 15.73 15.97 16.29 16.43 16.50 16.41 16.32 16.18 16.16 16.14 16.26 16.19 16.00 16.23 16.26 16.21 16.56 16.74 16.79 16.98 16.95 16.88 16.71 16.89 17.02 17.07 17.06 17.08 17.11 17.11 17.23 17.41 17.61 17.62 17.59 17.54 17.61 17.56 17.51 17.63 17.56 17.55 17.49 17.45 17.47 17.44 17.39 17.36 17.42 17.41 17.42 17.41 17.41 17.14 16.86 16.96
15.07 15.31 14.90 14.94 15.15 15.08 15.25 15.48 15.40 15.86 15.73 15.71 15.66 15.83 15.95 16.14 16.04 15.73 15.85 15.62 15.55 15.58 15.71 16.00 16.17 16.42 16.47 16.30 16.03 16.06 16.11 16.19 16.13 16.15 16.34 16.35 16.52 16.41 16.45 16.45 16.50 16.47 16.42 16.42 16.53 16.80 16.91 16.96 17.10 17.21 17.20 17.14 17.45 17.47 17.54 17.53 17.65 17.60 17.53 17.42 17.51 17.41 17.55 17.43 17.43 17.48 17.45 17.41 17.38 17.44 17.35 17.38 17.45 17.47 17.35 17.12 17.24
14.75 15.19 15.58 15.45 15.06 15.19 14.86 14.92 15.32 15.53 15.55 15.49 15.55 15.30 16.04 16.01 16.10 15.80 15.50 15.83 15.85 16.06 16.07 16.35 16.38 16.44 16.41 16.29 16.12 16.14 16.07 16.16 16.08 16.12 16.19 16.24 16.31 16.60 16.79 16.79 16.71 16.68 16.56 16.37 16.51 16.49 16.50 16.85 17.05 17.18 17.18 17.08 17.17 17.50 17.35 17.29 17.58 17.53 17.40 17.62 17.42 17.42 17.46 17.46 17.41 17.24 17.25 17.30 17.40 17.52 17.38 17.34 17.48 17.44 17.43 17.43 17.36
14.92 15.21 15.54 15.24 15.16 14.87 14.63 14.74 14.97 15.02 15.65 15.49 15.26 15.61 15.83 15.83 15.92 16.01 15.57 15.42 15.55 16.16 16.21 16.20 16.07 16.20 16.30 16.20 16.11 16.09 15.99 16.12 16.08 16.09 16.17 16.28 16.37 16.46 16.66 16.56 16.63 16.61 16.44 16.40 16.26 16.36 16.40 16.82 17.05 17.18 17.24 17.11 17.09 17.41 17.25 17.36 17.53 17.33 17.40 17.49 17.36 17.45 17.47 17.56 17.32 17.36 17.20 17.20 17.36 17.46 17.30 17.34 17.38 17.33 17.37 17.28 17.34
15.24 15.61 15.56 15.10 15.07 14.76 14.89 14.77 15.09 15.56 15.85 15.32 14.95 15.69 15.60 15.99 15.93 15.87 15.74 15.53 15.99 16.07 15.91 15.97 15.90 16.16 16.21 16.07 16.04 16.03 15.91 16.06 15.92 15.91 16.02 16.12 16.24 16.43 16.31 16.42 16.55 16.57 16.47 16.22 16.21 16.28 16.63 16.77 17.05 17.13 17.15 17.11 17.05 17.10 17.16 17.33 17.30 17.24 17.08 17.15 17.29 17.32 17.42 17.40 17.43 17.27 17.16 17.14 17.25 17.26 17.23 17.36 17.34 17.34 17.36 17.27 17.27
14.78 15.20 15.07 14.72 14.42 14.55 14.22 14.20 14.65 15.16 14.68 14.91 14.84 15.26 15.59 15.67 15.78 15.81 16.08 15.94 16.06 16.03 16.02 16.16 16.06 15.98 16.02 16.03 16.06 15.88 15.87 15.86 15.76 15.86 15.90 16.07 16.10 16.16 16.27 16.34 16.26 16.18 16.15 16.31 16.33 16.18 16.52 16.69 16.67 17.02 17.17 16.91 17.03 16.98 16.98 16.78 16.98 16.90 16.79 16.92 17.20 17.31 17.50 17.58 17.51 17.23 17.18 17.20 17.28 17.26 17.19 17.23 17.12 17.22 17.14 17.14 17.30
14.84 14.72 14.44 14.66 14.95 14.54 14.16 14.96 15.14 14.76 14.79 14.97 14.48 14.77 15.47 15.35 15.69 15.95 15.84 15.99 15.91 16.01 16.20 16.27 16.23 16.14 16.05 16.00 15.91 15.89 15.84 15.61 15.73 15.65 15.85 16.01 16.06 16.09 16.21 16.01 15.98 16.08 16.12 16.10 16.24 16.26 16.24 16.24 16.26 16.62 16.76 16.81 16.90 17.03 17.14 17.00 17.09 17.11 17.13 17.12 17.22 17.43 17.52 17.59 17.56 17.49 17.48 17.38 17.38 17.35 17.27 17.21 17.15 17.19 17.18 17.25 17.32
14.43 14.81 14.52 14.68 14.90 14.54 14.76 15.03 14.73 14.34 14.36 15.25 14.81 14.76 15.06 15.38 15.56 15.49 16.04 16.19 16.03 16.04 16.10 16.20 16.05 16.12 15.77 15.55 15.76 15.81 15.79 15.76 15.69 15.78 15.93 15.73 15.95 16.12 15.91 15.95 15.87 15.89 15.99 15.90 16.04 16.14 16.13 16.17 16.42 16.53 16.56 16.67 16.94 17.13 16.96 16.92 16.95 17.10 16.88 17.02 17.00 17.23 17.28 17.26 17.52 17.55 17.45 17.51 17.53 17.43 17.49 17.35 17.27 17.17 17.28 17.32 17.33
14.07 14.29 14.29 14.96 14.68 14.86 14.95 14.95 14.53 14.33 14.18 14.87 15.13 14.93 15.00 15.62 15.63 16.00 16.13 16.08 15.90 15.89 16.01 15.77 15.48 15.63 15.59 15.60 15.72 15.74 15.67 15.77 15.63 15.67 15.78 15.79 15.87 15.69 15.88 15.93 15.84 15.90 15.85 15.75 15.76 15.85 16.08 16.18 16.35 16.56 16.58 16.69 16.60 16.67 16.70 16.78 16.64 16.82 16.83 16.89 17.07 17.18 17.37 17.20 17.30 17.27 17.09 17.22 17.51 17.52 17.53 17.47 17.22 17.23 17.26 17.26 17.25
13.91 13.97 14.36 14.40 14.89 14.84 14.73 14.94 14.61 14.69 14.63 15.17 15.29 15.03 15.08 15.68 15.78 15.83 15.62 15.87 15.41 15.68 15.73 15.47 15.45 15.83 15.68 15.60 15.74 15.68 15.90 15.53 15.50 15.74 15.71 15.61 15.85 15.99 16.04 16.00 15.70 15.81 15.84 15.71 15.67 15.92 16.06 16.38 16.35 16.40 16.50 16.51 16.54 16.57 16.68 16.71 16.68 16.75 16.88 17.13 17.03 17.07 17.30 17.36 17.31 17.23 17.06 17.23 17.42 17.44 17.35 17.21 17.19 17.24 17.27 17.26 17.21
13.88 14.21 14.32 14.97 15.15 15.40 15.36 14.89 14.45 14.39 14.71 14.85 15.32 15.27 15.45 15.64 15.57 15.32 15.11 15.32 15.50 15.71 15.90 15.76 15.76 15.89 15.76 15.69 15.78 15.73 15.84 15.75 15.54 15.64 15.59 15.55 15.71 15.74 15.84 15.84 15.56 15.70 15.60 15.71 15.55 15.53 15.76 16.00 16.21 16.38 16.42 16.49 16.44 16.33 16.47 16.57 16.75 16.65 16.76 17.01 17.04 17.14 17.20 17.21 17.39 17.18 17.02 17.09 17.19 17.21 17.10 17.10 17.10 17.14 17.27 17.31 17.28
14.01 14.11 14.32 14.94 15.09 15.74 15.58 14.85 14.66 14.61 14.71 15.29 14.97 15.08 15.26 15.27 15.36 14.75 14.81 15.05 15.90 16.17 16.06 15.77 15.90 15.83 15.52 15.70 15.60 15.56 15.74 15.60 15.57 15.68 15.59 15.50 15.65 15.67 15.67 15.52 15.47 15.57 15.47 15.45 15.65 15.81 15.89 15.83 16.04 16.28 16.24 16.38 16.41 16.22 16.36 16.55 16.58 16.74 16.71 16.86 17.10 17.31 17.12 17.27 17.42 17.10 17.13 17.08 17.13 17.10 16.99 17.11 17.14 17.23 17.22 17.27 17.24
14.16 14.09 14.23 15.05 15.74 16.01 15.62 15.03 14.94 15.31 15.37 15.16 15.31 14.95 15.30 15.31 15.26 15.59 15.61 15.90 16.38 16.02 15.92 15.95 15.78 15.79 15.47 15.54 15.59 15.88 15.74 15.62 15.50 15.38 15.31 15.49 15.54 15.33 15.14 15.09 15.21 15.22 15.20 15.33 15.44 15.83 15.82 15.70 16.05 16.11 16.16 16.33 16.26 16.14 16.22 16.48 16.73 16.61 16.73 16.92 17.12 17.30 17.14 17.30 17.30 17.04 16.99 17.01 17.02 16.97 17.10 17.14 17.06 17.16 17.14 17.28 17.25
14.57 14.59 14.81 15.36 15.50 15.58 15.26 15.15 14.94 14.98 15.17 14.99 14.81 15.01 15.06 15.05 15.42 15.27 15.26 15.71 15.83 15.96 15.52 15.56 15.57 15.21 15.37 15.70 15.73 15.82 15.39 15.57 15.42 15.03 15.34 15.31 15.05 14.97 15.11 14.94 15.00 15.14 15.32 15.32 15.55 15.82 15.80 15.75 15.84 15.81 16.02 16.10 16.01 15.88 16.05 16.33 16.59 16.59 16.77 16.95 16.94 17.21 17.07 17.11 17.17 17.04 17.02 16.95 17.02 16.98 17.16 17.16 17.05 17.14 17.11 17.11 17.23
14.77 14.53 14.63 14.57 14.69 15.16 15.23 14.76 14.72 14.90 15.21 14.84 15.01 14.59 14.97 15.21 15.23 15.39 15.05 15.49 16.26 16.18 16.00 15.62 15.65 15.92 15.84 15.75 15.56 15.48 15.21 15.04 15.14 15.08 15.03 15.06 15.30 15.36 15.44 15.30 15.27 15.36 15.47 15.39 15.49 15.50 15.53 15.59 15.62 15.67 15.83 15.93 15.94 15.83 15.88 16.05 16.50 16.56 16.80 16.88 16.91 17.02 16.90 16.92 16.86 16.91 16.94 17.03 17.06 17.01 17.10 17.16 17.13 17.18 17.18 17.17 17.22
14.53 14.26 14.31 14.31 14.92 15.26 14.97 14.81 15.01 14.95 14.60 15.21 14.97 14.69 14.87 14.91 15.07 14.85 15.75 16.25 16.16 16.15 16.27 16.09 15.79 15.64 15.54 15.56 15.27 15.19 15.24 15.13 14.96 14.82 14.90 15.13 15.12 15.43 15.41 15.53 15.41 15.35 15.39 15.43 15.33 15.39 15.49 15.41 15.54 15.77 15.79 15.79 15.78 15.74 15.77 15.92 16.27 16.49 16.60 16.73 16.84 16.81 16.90 16.89 16.85 16.83 16.91 17.00 16.92 17.06 17.06 17.18 17.21 17.18 17.19 17.19 17.22
14.33 14.22 14.02 14.49 15.07 15.02 14.71 14.58 14.78 14.19 14.49 14.94 15.19 15.03 14.81 15.19 15.15 15.17 15.68 15.79 15.84 16.13 16.42 16.18 15.67 15.41 14.98 14.94 14.80 14.64 15.06 14.95 14.92 14.80 14.81 15.04 15.16 15.20 15.24 15.36 15.45 15.44 15.52 15.67 15.54 15.33 15.30 15.42 15.47 15.45 15.62 15.70 15.75 15.70 15.62 15.54 15.92 16.34 16.54 16.68 16.79 16.74 16.88 16.91 16.81 16.84 16.94 17.05 16.96 16.96 17.07 17.12 17.11 17.16 17.16 17.18 17.11
14.15 13.98 13.96 14.49 14.89 14.66 14.35 14.33 14.11 14.05 14.46 14.71 14.71 14.64 14.79 15.49 15.23 15.06 15.39 15.59 16.02 16.05 15.81 15.46 15.64 15.37 14.81 14.73 14.78 14.98 15.18 15.18 14.99 15.05 15.21 15.24 15.09 14.93 15.09 15.15 15.26 15.35 15.30 15.24 15.16 15.04 15.11 15.26 15.42 15.34 15.46 15.30 15.56 15.63 15.63 15.64 15.76 15.99 16.34 16.43 16.69 16.76 16.84 16.91 16.76 16.84 16.97 17.04 16.98 16.99 17.00 16.97 17.05 17.07 17.03 17.15 17.17
13.76 13.72 14.15 14.74 14.96 14.89 14.79 14.49 14.28 14.43 14.48 14.25 14.56 14.60 15.00 15.51 15.53 15.41 15.01 15.05 15.73 15.83 15.62 15.50 14.96 15.22 15.45 15.54 15.56 15.18 14.98 15.05 14.96 15.02 15.09 15.02 14.99 14.86 14.97 15.17 15.11 15.17 15.25 15.08 14.73 15.02 15.23 15.24 15.25 15.28 15.36 15.31 15.32 15.35 15.65 15.73 15.71 15.90 15.99 16.28 16.56 16.72 16.75 16.82 16.73 16.80 16.98 16.96 17.02 17.00 17.09 17.07 17.04 17.09 17.12 17.12 17.14
13.44 13.79 13.77 14.20 14.45 14.80 14.35 14.21 14.32 14.59 14.61 14.78 14.68 15.27 15.06 14.73 14.85 14.79 15.05 14.84 15.48 15.66 15.03 14.57 14.73 15.55 15.61 15.72 15.27 15.24 14.73 14.76 14.60 14.43 14.48 15.00 15.09 14.88 15.10 15.15 15.03 15.13 15.47 15.33 15.23 15.03 15.15 15.20 15.28 15.38 15.22 15.46 15.47 15.51 15.46 15.51 15.50 15.75 16.05 16.09 16.25 16.58 16.72 16.78 16.75 16.76 16.79 16.85 16.94 16.98 17.05 17.08 17.02 17.07 17.07 17.09 17.04
13.23 13.61 13.74 13.94 14.40 14.52 14.19 14.34 14.54 15.05 14.96 14.61 14.60 14.84 14.97 14.67 15.06 15.00 15.09 14.99 14.52 15.00 14.84 14.71 14.21 15.14 15.38 15.47 15.56 14.95 14.88 14.85 14.82 14.42 14.62 14.73 14.58 14.86 14.93 15.05 15.15 15.19 15.26 15.04 15.27 15.19 15.22 15.27 15.28 15.43 15.32 15.27 15.23 15.53 15.40 15.38 15.51 15.78 15.77 15.89 16.15 16.47 16.60 16.70 16.76 16.72 16.66 16.82 16.89 16.85 16.97 16.96 16.97 17.03 17.03 17.05 17.05
14.19 14.35 14.02 14.61 14.81 14.72 14.41 14.09 14.45 15.20 15.34 15.20 14.98 14.29 14.75 14.87 15.03 15.08 14.77 14.60 14.75 14.70 14.72 12.75 11.24 12.62 15.55 15.20 14.90 15.10 14.85 14.87 14.66 14.42 14.60 14.35 14.44 14.72 15.00 15.22 15.37 15.12 15.07 15.00 15.15 15.22 15.16 15.22 15.26 14.98 15.21 15.34 15.30 15.54 15.42 15.38 15.55 15.49 15.67 15.82 16.00 16.26 16.34 16.45 16.60 16.57 16.61 16.79 16.79 16.80 16.98 17.03 17.01 17.00 16.99 17.00 17.04
14.45 14.45 14.77 15.14 14.76 14.60 14.50 14.41 14.60 14.96 15.47 15.46 14.92 14.38 13.87 14.04 14.35 14.60 14.58 14.71 14.62 11.92 12.47 14.03 14.98 14.40 14.82 14.12 14.10 14.82 15.11 14.99 14.74 14.58 14.35 14.41 14.85 14.87 15.19 15.05 15.14 15.04 14.98 14.96 15.26 15.06 15.16 15.07 15.25 15.27 15.22 15.41 15.43 15.40 15.34 15.28 15.37 15.51 15.59 15.94 16.08 16.13 16.13 16.32 16.41 16.37 16.52 16.65 16.76 16.78 16.89 16.96 16.93 16.99 17.01 17.04 17.07
14.55 14.96 15.19 14.86 14.92 14.61 14.74 14.75 14.63 15.25 15.80 15.42 14.81 14.30 14.01 13.98 14.02 14.36 14.77 14.16 14.47 14.65 14.98 15.31 14.69 14.87 15.07 14.97 15.04 15.15 15.39 15.12 14.76 14.00 14.25 14.58 14.59 14.89 14.99 15.10 14.96 14.96 14.84 14.99 15.16 15.10 15.13 15.01 15.11 15.10 15.23 15.19 15.00 14.99 15.25 15.37 15.56 15.59 15.35 15.69 15.95 15.87 15.90 16.20 16.26 16.35 16.44 16.48 16.55 16.70 16.77 16.87 16.93 16.98 17.01 17.02 17.05
13.70 14.78 15.03 14.67 14.99 14.50 14.72 14.77 14.84 15.25 15.39 15.18 14.49 14.16 13.98 13.91 14.22 14.56 14.90 14.85 14.77 14.91 15.14 15.12 14.99 15.32 15.41 15.25 15.06 15.29 15.21 15.13 14.91 14.90 14.93 15.00 14.90 14.99 15.11 14.91 14.83 14.72 14.91 14.86 15.09 15.05 14.99 14.86 14.90 14.89 15.25 14.98 15.03 15.30 15.26 15.22 15.26 15.32 15.52 15.52 15.79 15.84 15.78 16.07 16.23 16.18 16.28 16.38 16.45 16.53 16.66 16.78 16.86 16.89 16.91 17.01 16.99
14.04 14.13 13.98 13.72 14.04 13.65 14.05 14.24 14.57 14.87 15.02 14.55 13.89 13.64 13.88 14.34 14.51 14.63 14.95 14.81 14.59 14.44 14.49 14.67 14.78 14.97 15.14 15.34 14.93 15.32 15.23 15.31 15.46 15.37 15.18 15.19 15.09 14.96 14.89 14.58 14.49 14.48 14.47 14.86 14.90 14.86 14.91 14.92 14.91 14.93 15.14 14.95 14.98 15.15 15.05 15.10 15.20 15.24 15.29 15.33 15.57 15.83 15.87 15.98 16.14 16.07 16.22 16.22 16.33 16.42 16.47 16.62 16.72 16.85 16.91 16.95 17.03
13.24 13.12 13.12 13.34 13.57 13.57 13.84 13.79 14.45 14.48 14.70 14.19 13.51 13.74 14.01 14.44 14.49 14.31 14.27 14.75 14.55 14.26 14.11 14.40 14.71 14.89 14.97 15.40 15.23 15.37 15.23 15.18 15.29 15.37 15.09 15.21 14.88 14.96 14.88 14.55 14.61 14.64 14.92 14.98 14.99 15.06 15.13 14.87 15.06 15.11 15.01 14.90 14.92 15.02 15.01 14.96 15.19 15.22 15.10 15.29 15.29 15.54 15.78 15.82 15.95 16.01 16.17 16.16 16.19 16.24 16.35 16.55 16.67 16.77 16.85 16.87 16.92
13.52 13.70 13.96 13.32 13.62 13.82 13.95 14.12 14.18 14.32 14.46 13.96 13.52 13.67 13.46 13.50 12.98 13.45 13.81 13.90 13.86 14.20 14.79 14.81 14.78 14.71 15.16 15.09 15.24 15.11 15.19 15.33 15.27 15.19 15.03 14.95 15.03 14.76 14.26 14.42 14.29 14.42 14.69 14.90 14.93 15.06 14.94 14.98 15.02 15.03 15.02 15.04 14.97 15.01 14.95 14.98 14.92 15.04 15.18 15.22 15.33 15.49 15.60 15.77 15.74 15.79 16.07 16.08 16.14 16.19 16.24 16.42 16.57 16.73 16.75 16.84 16.85
13.89 14.11 13.65 13.84 13.87 13.82 13.92 13.87 13.69 13.65 13.44 12.93 13.09 13.86 13.80 13.53 13.64 13.62 13.79 13.96 14.37 14.82 14.58 14.60 14.67 14.87 14.93 14.80 14.48 14.68 14.72 14.59 14.27 14.44 14.69 14.73 14.64 14.34 14.51 15.10 15.12 14.90 14.97 15.07 15.07 14.82 14.68 14.84 14.95 15.05 15.00 15.05 14.91 14.62 14.54 14.59 14.69 14.78 14.92 15.16 15.44 15.52 15.40 15.53 15.68 15.79 15.86 16.00 16.11 16.03 16.25 16.36 16.55 16.61 16.68 16.85 16.79
14.36 14.36 13.90 14.56 14.33 14.52 14.36 14.48 14.42 13.88 13.56 13.72 13.79 14.04 14.02 14.64 15.06 14.87 14.42 14.35 14.42 14.40 14.29 14.37 14.58 14.75 14.61 14.03 13.49 13.87 13.88 13.55 13.96 14.37 14.83 14.88 14.91 15.08 14.98 14.95 15.09 15.14 15.25 15.24 14.99 14.83 14.85 14.95 14.88 15.00 14.95 14.74 14.60 14.23 14.32 14.51 14.89 15.00 14.91 14.95 15.35 15.45 15.40 15.53 15.55 15.67 15.94 16.00 16.02 16.09 16.23 16.38 16.55 16.68 16.73 16.84 16.84
14.55 14.47 14.17 14.55 14.71 14.40 14.05 14.07 13.96 13.87 14.10 14.39 14.33 14.33 14.71 15.06 15.13 14.85 14.69 14.72 14.68 14.71 15.25 15.29 14.75 14.34 14.37 14.48 14.20 13.92 13.89 14.17 14.45 14.76 15.36 15.24 15.26 14.78 14.54 14.94 15.11 14.79 14.68 15.08 14.83 15.14 15.10 15.01 14.82 14.55 14.50 14.18 14.31 14.49 14.46 14.48 14.35 14.81 14.99 15.01 15.13 15.27 15.42 15.42 15.53 15.48 15.73 15.78 15.65 15.91 16.04 16.29 16.55 16.61 16.73 16.79 16.81
14.35 13.79 14.08 14.04 14.38 13.57 13.78 13.94 14.00 14.08 14.19 14.40 14.64 14.92 15.01 14.85 14.53 14.77 14.92 15.03 15.08 15.36 15.34 14.92 14.71 14.09 14.09 14.54 14.63 14.55 14.43 14.76 14.46 14.69 14.78 14.87 15.20 15.63 15.21 14.91 14.66 14.46 14.62 14.94 14.72 14.59 14.75 14.73 14.78 14.92 14.60 14.18 14.72 14.98 14.97 14.75 14.78 14.91 14.91 15.04 14.94 15.00 15.31 15.27 15.31 15.48 15.60 15.52 15.38 15.77 16.13 16.37 16.52 16.59 16.61 16.71 16.67
14.54 14.36 14.44 14.34 14.01 13.41 13.63 13.99 13.88 13.66 13.88 14.34 14.64 14.60 14.30 13.92 14.05 14.32 14.43 14.73 14.88 15.24 15.32 15.08 14.97 14.71 14.88 15.02 15.25 14.92 14.65 14.43 15.01 15.34 14.89 15.00 15.26 15.41 15.06 14.59 14.23 14.96 14.57 14.65 14.49 14.89 15.28 15.57 15.26 14.90 14.82 14.82 14.78 14.93 15.01 14.78 15.04 14.92 14.92 14.82 14.89 14.90 14.77 14.76 14.96 15.02 15.20 14.99 15.44 15.96 16.03 16.18 16.35 16.36 16.50 16.68 16.66
