files/bom_datasets/05.30.18.txt
ncols 839
nrows 679
xllcenter 112.0500
yllcenter -43.9500
cellsize 0.0500
nodata_value 99999.90
[rows 272 to 305 of 679, columns 308 to 384 of 839]
14.13 13.87 13.66 14.34 14.72 15.05 15.26 15.34 14.95 15.11 15.34 15.35 15.58 15.52 15.61 14.89 15.44 15.46 15.29 15.41 14.94 15.23 15.48 15.39 15.24 15.35 15.32 15.43 15.76 15.94 15.95 15.79 15.75 15.75 15.62 15.78 15.38 15.33 15.58 15.52 15.58 15.70 15.79 16.03 16.03 16.05 16.02 16.02 16.11 16.07 16.01 15.99 16.13 16.13 15.95 15.90 15.92 15.92 15.93 16.04 16.06 16.10 16.09 16.07 15.92 15.77 15.89 15.96 15.89 16.01 16.13 16.09 16.06 16.08 16.11 16.14 16.13
14.17 14.24 14.23 14.76 14.53 14.52 14.53 14.37 14.34 14.11 14.46 14.68 14.96 15.24 15.26 14.92 15.48 15.31 15.44 15.49 15.26 15.80 15.69 15.44 15.34 15.47 15.66 15.76 15.64 15.56 15.64 15.73 15.65 15.32 15.42 15.48 15.14 15.03 15.56 15.72 15.83 15.71 15.74 15.84 15.90 15.90 15.90 15.92 15.99 15.99 16.02 16.07 16.08 16.07 16.03 15.95 16.07 16.06 15.99 15.97 15.84 15.89 15.89 15.66 15.72 15.83 15.77 15.62 15.72 15.97 16.09 16.12 16.10 16.05 16.02 16.04 16.02
14.07 14.60 14.65 14.87 15.02 15.38 15.33 14.97 14.47 14.18 14.43 14.65 14.98 15.08 15.44 15.36 15.12 14.90 15.23 15.25 15.32 15.57 15.65 15.66 15.14 15.15 15.27 15.33 15.53 15.61 15.47 15.48 15.45 15.18 15.02 15.02 15.39 15.36 15.63 15.91 15.88 15.66 15.55 15.49 15.45 15.58 15.84 16.01 16.03 15.93 15.97 15.96 15.95 15.95 15.82 15.84 15.96 15.95 15.74 15.62 15.75 15.84 15.88 15.79 16.01 16.04 16.03 16.03 16.01 15.95 16.04 16.04 16.00 15.94 15.90 15.93 15.87
14.13 14.43 14.48 14.96 15.15 15.41 15.35 14.47 14.54 14.59 14.98 14.98 14.97 14.94 14.83 14.92 14.66 14.95 15.12 15.26 14.96 15.01 15.13 15.02 15.00 14.90 15.30 15.49 15.33 15.31 15.38 14.78 14.44 14.67 15.11 15.37 15.48 15.25 15.47 15.74 15.68 15.60 15.70 15.52 15.65 15.93 16.00 16.02 15.99 15.96 15.78 15.68 15.70 15.78 15.90 16.00 15.96 15.85 15.68 15.71 15.76 15.82 15.90 15.97 16.09 16.08 16.08 16.02 15.99 15.95 15.95 15.92 15.87 15.91 15.89 15.87 15.83
14.64 14.90 14.96 14.74 14.67 14.92 14.08 14.10 14.69 15.04 15.27 15.20 14.91 14.93 14.85 15.03 14.49 14.14 14.33 14.53 14.53 14.27 14.62 14.72 14.77 14.84 15.32 15.12 14.80 15.01 14.74 14.66 15.03 14.97 15.42 15.08 15.33 15.71 15.92 16.01 16.01 15.96 15.91 15.79 15.96 16.00 15.95 15.91 15.73 15.64 15.67 15.81 15.84 15.99 15.96 15.89 15.63 15.70 15.84 15.70 15.83 15.91 15.95 16.06 16.02 16.02 16.06 16.04 16.01 15.96 15.94 15.85 15.78 15.78 15.85 15.92 15.89
14.72 14.46 14.93 15.16 15.08 14.76 14.52 14.35 14.62 14.73 14.96 15.27 15.47 15.30 14.83 15.09 14.87 14.79 15.13 15.29 15.26 15.02 14.86 14.27 14.31 14.20 14.21 13.81 14.16 14.27 14.55 14.84 15.13 15.16 15.45 15.27 15.01 15.24 15.52 15.85 15.90 15.78 15.58 15.74 15.77 15.78 15.64 15.37 15.46 15.55 15.64 15.84 15.88 15.75 15.90 15.90 15.82 15.89 15.86 15.89 15.96 16.00 16.00 16.03 15.98 15.96 15.91 15.87 15.90 15.90 15.86 15.92 15.93 15.86 15.98 15.99 15.86
14.93 15.11 15.27 15.62 15.58 15.24 14.94 14.71 14.67 14.61 14.67 15.24 15.12 14.76 14.44 14.58 14.82 14.90 14.83 14.66 14.70 14.44 14.04 13.95 13.95 14.20 14.39 14.71 15.02 15.09 15.29 14.88 14.51 14.94 15.26 15.46 14.91 15.38 15.50 15.60 15.57 15.34 15.11 15.30 15.45 15.34 15.50 15.55 15.38 15.63 15.73 15.76 15.57 15.31 15.64 15.69 15.85 15.83 15.76 15.63 15.69 15.82 15.92 15.93 15.88 15.80 15.77 15.75 15.74 15.80 15.89 15.94 15.94 15.84 15.90 15.85 15.86
15.05 15.17 15.60 15.84 15.65 15.35 15.20 15.07 15.06 15.39 15.34 15.52 15.08 14.65 13.99 14.44 14.89 14.89 14.87 15.15 15.03 14.87 14.29 14.47 14.23 14.40 14.83 14.81 14.88 15.08 15.33 14.93 14.69 15.10 15.11 15.01 15.06 15.29 15.19 15.20 14.87 14.98 15.22 15.49 15.76 15.50 15.56 15.40 15.50 15.54 15.46 15.31 15.19 15.20 15.51 15.57 15.65 15.65 15.68 15.72 15.70 15.76 15.88 15.81 15.82 15.82 15.85 15.86 15.82 15.91 15.86 15.87 15.87 15.88 15.84 15.82 15.95
14.55 14.41 14.88 15.31 15.46 15.23 14.89 15.01 15.16 14.80 14.94 15.11 14.84 15.12 14.84 14.63 14.47 14.83 15.34 15.28 15.38 15.47 15.20 15.36 15.37 15.21 15.31 15.26 15.40 15.27 14.85 14.86 14.71 15.03 15.02 15.17 15.05 14.45 14.25 14.30 14.80 14.98 14.95 15.08 15.09 15.17 15.13 15.53 15.39 15.35 15.17 15.23 15.16 15.32 15.50 15.52 15.63 15.63 15.57 15.55 15.60 15.66 15.75 15.76 15.75 15.79 15.80 15.84 15.79 15.79 15.86 15.82 15.88 15.92 15.91 15.91 15.72
15.03 15.20 15.15 15.25 15.22 14.94 14.86 14.77 14.96 14.58 15.16 15.39 15.38 15.23 15.11 15.24 15.35 15.28 15.23 15.03 15.29 15.48 15.57 15.46 14.91 14.81 15.43 15.73 15.80 15.69 15.77 15.83 15.39 14.95 14.92 15.00 14.68 14.59 14.61 14.78 15.00 15.07 14.96 14.76 14.84 15.02 14.77 15.16 15.07 14.94 14.98 15.27 15.26 15.18 15.19 15.41 15.40 15.41 15.35 15.24 15.33 15.43 15.56 15.78 15.72 15.73 15.78 15.66 15.61 15.70 15.77 15.78 15.75 15.72 15.82 15.86 15.84
14.91 15.16 15.34 15.57 15.57 15.23 15.43 15.33 14.73 14.46 14.82 15.27 15.12 15.13 14.92 14.96 15.15 15.02 14.88 14.97 14.91 15.48 15.86 15.63 15.20 15.20 15.16 15.18 15.48 15.34 15.00 15.05 15.46 15.50 15.46 15.41 15.40 15.42 15.12 15.40 15.40 15.37 15.31 15.25 15.22 15.24 15.35 15.38 15.27 15.12 15.01 15.25 15.48 15.43 15.25 15.29 15.26 15.29 15.20 15.28 15.20 15.04 15.15 14.96 15.31 15.41 15.49 15.40 15.30 15.19 15.44 15.45 15.52 15.60 15.57 15.64 15.69
14.79 14.85 15.01 15.40 15.67 15.47 15.12 15.01 14.55 13.59 14.17 14.86 15.15 15.06 14.70 14.71 14.84 14.73 14.83 15.26 15.14 15.30 15.73 15.52 15.51 15.15 15.18 15.17 15.35 15.57 15.42 15.44 15.54 15.63 15.62 15.59 15.61 15.51 15.43 15.46 15.49 15.66 15.66 15.77 15.77 15.84 15.89 15.88 15.77 15.78 15.56 15.62 15.77 15.73 15.81 15.79 15.58 15.51 15.68 15.73 15.52 15.39 15.40 15.40 15.53 15.46 15.39 15.43 15.14 14.95 15.15 15.05 15.23 15.50 15.40 15.19 15.17
13.94 13.95 14.03 14.33 14.88 15.05 15.09 14.66 14.33 14.16 14.66 14.91 14.98 14.90 15.02 14.94 14.46 14.83 15.05 15.14 15.26 15.13 15.40 15.66 15.38 15.20 15.18 15.08 15.23 15.16 15.32 15.66 15.71 15.66 15.52 15.55 15.58 15.72 15.63 15.59 15.67 15.75 15.80 15.62 15.55 15.52 15.51 15.64 15.71 15.69 15.69 15.55 15.53 15.52 15.33 15.34 15.48 15.57 15.48 15.39 15.48 15.68 15.74 15.84 15.83 15.82 15.65 15.55 15.43 15.51 15.20 15.55 15.45 15.20 15.43 15.24 15.47
14.12 14.42 14.14 14.07 14.08 14.39 14.43 14.54 14.49 14.73 15.07 15.43 15.25 15.29 15.33 15.26 14.81 15.09 15.20 15.40 15.43 15.33 15.17 15.40 15.43 15.31 15.05 14.73 14.97 15.24 15.37 15.66 15.37 15.31 15.29 15.35 15.32 15.43 15.50 15.58 15.62 15.64 15.57 15.25 15.44 15.78 15.85 15.78 15.76 15.03 15.37 15.55 15.31 15.39 15.50 15.52 15.63 15.56 15.53 15.64 15.69 15.61 15.60 15.71 15.79 15.82 15.83 15.80 15.84 15.88 15.76 15.68 15.79 15.64 15.52 15.58 15.65
15.07 14.86 14.51 14.57 14.20 13.96 14.36 14.47 14.82 15.19 15.08 15.00 14.82 14.77 15.04 15.05 15.03 14.57 14.17 14.50 14.94 15.08 15.09 15.15 15.03 14.68 14.17 14.37 14.59 14.94 15.24 15.61 15.54 15.48 15.49 15.62 15.66 15.62 15.65 15.39 15.56 15.59 15.46 15.18 15.61 15.54 15.62 15.64 15.63 15.72 15.23 15.34 15.40 15.52 15.73 15.67 15.72 15.71 15.76 15.78 15.70 15.60 15.53 15.59 15.73 15.66 15.70 15.78 15.80 15.82 15.81 15.82 15.81 15.73 15.77 15.69 15.72
15.56 15.43 15.12 15.08 14.68 14.62 14.19 14.62 14.58 14.62 14.80 14.81 14.87 15.16 15.12 14.85 14.52 14.18 14.39 14.64 14.68 14.56 14.90 14.94 14.66 14.76 14.60 14.84 14.64 14.94 14.93 15.13 15.10 15.41 15.43 15.39 15.40 15.28 15.48 15.35 15.47 15.51 15.37 15.43 15.60 15.57 15.52 15.59 15.46 15.53 15.52 15.40 14.75 14.88 15.32 15.23 15.66 15.73 15.65 15.63 15.71 15.71 15.65 15.64 15.68 15.73 15.78 15.82 15.85 15.82 15.82 15.83 15.82 15.75 15.79 15.77 15.77
14.85 14.87 14.32 14.13 14.25 13.73 13.24 13.49 13.89 14.72 14.51 14.35 14.45 14.79 15.01 15.01 14.88 14.95 15.11 14.91 15.34 15.31 15.30 15.21 15.17 15.09 14.79 14.82 14.72 14.79 14.89 15.09 15.28 15.15 14.95 14.75 14.96 15.01 15.01 15.12 15.22 15.50 15.49 15.45 15.43 15.45 15.40 15.45 15.60 15.62 15.57 15.52 15.49 15.48 15.41 14.56 14.45 15.57 15.46 15.39 15.66 15.62 15.61 15.64 15.67 15.77 15.75 15.76 15.71 15.67 15.68 15.66 15.71 15.64 15.67 15.75 15.73
14.17 14.19 14.80 14.89 14.46 14.23 14.41 14.28 14.25 14.54 14.59 14.54 14.53 14.49 14.79 14.87 15.27 15.20 15.14 14.73 14.59 15.08 15.21 15.29 15.27 15.25 15.25 14.92 15.05 15.15 15.10 15.17 15.00 14.91 15.15 15.21 14.94 14.93 15.09 15.15 15.29 15.26 15.42 15.39 15.38 15.19 15.18 15.13 15.29 15.42 15.32 15.32 15.41 15.51 15.49 15.45 15.45 15.51 15.55 15.54 15.56 15.59 15.58 15.56 15.60 15.64 15.70 15.73 15.73 15.74 15.77 15.74 15.73 15.71 15.70 15.75 15.74
14.13 14.29 14.65 14.65 14.52 14.57 14.71 15.02 15.22 14.94 14.74 14.17 14.44 14.50 14.72 14.83 14.79 14.68 15.00 14.89 14.56 14.99 14.78 14.88 14.95 15.20 15.30 15.20 15.12 14.74 15.19 15.05 15.28 15.18 15.07 14.82 14.70 14.87 15.18 15.44 15.29 15.37 15.56 15.53 15.50 15.06 15.13 15.28 15.44 15.46 15.50 15.35 15.36 15.44 15.51 15.58 15.58 15.51 15.35 15.19 15.44 15.44 15.40 15.49 15.60 15.57 15.60 15.61 15.57 15.66 15.71 15.60 15.67 15.65 15.61 15.63 15.63
14.01 13.79 14.26 14.48 14.73 14.67 14.68 14.70 14.78 14.93 15.09 14.89 14.85 14.69 14.54 14.64 14.66 14.68 14.81 14.75 14.10 14.84 14.94 14.93 14.62 14.26 14.58 14.99 15.01 14.56 14.72 14.55 14.38 14.50 14.93 14.99 14.84 15.20 15.50 15.51 15.40 15.29 15.32 15.22 15.09 14.92 15.17 15.11 15.32 15.17 15.31 15.53 15.49 15.48 15.42 15.36 15.33 15.29 15.36 15.48 15.51 15.53 15.51 15.39 15.27 15.53 15.50 15.57 15.55 15.61 15.60 15.59 15.61 15.64 15.57 15.51 15.51
13.81 14.10 14.15 14.42 14.24 14.36 14.09 14.42 14.52 14.53 15.15 15.12 14.85 14.87 14.93 15.26 15.16 14.91 15.00 14.87 14.73 14.89 15.29 15.00 14.42 13.86 14.31 14.63 14.88 14.61 14.66 14.68 14.33 14.76 15.10 15.12 15.06 15.22 15.27 15.52 15.54 15.62 15.56 15.37 15.32 15.28 15.29 15.25 14.87 14.83 15.16 15.31 15.37 15.52 15.44 15.28 15.27 15.16 15.27 15.46 15.54 15.62 15.25 14.45 13.82 14.10 15.27 15.45 15.42 15.27 15.24 15.38 15.42 15.44 15.57 15.60 15.51
13.96 14.72 14.34 14.38 14.29 14.39 14.24 14.37 14.62 14.47 15.08 15.03 14.89 14.89 14.64 14.79 15.11 15.08 15.30 15.46 15.31 15.31 15.14 14.90 14.23 14.05 14.66 14.75 14.63 14.62 14.84 14.75 14.47 14.44 14.57 14.83 14.91 14.72 14.61 15.02 15.19 15.34 15.40 15.46 15.38 15.22 15.24 15.02 14.89 15.13 15.24 15.33 15.29 15.31 15.29 15.20 15.09 15.36 15.50 15.51 15.58 15.57 15.58 15.58 15.25 14.78 14.51 13.98 13.50 14.31 15.01 15.24 15.45 15.45 15.41 15.45 15.55
13.75 14.60 15.03 15.01 14.71 14.66 15.04 14.65 14.60 14.58 14.83 14.76 14.89 14.52 14.30 14.56 15.03 15.14 15.23 15.09 15.01 14.79 14.68 14.51 14.62 14.64 14.85 15.22 15.21 15.15 15.12 14.95 14.70 14.79 15.06 14.93 14.97 15.05 14.98 15.09 15.20 15.07 15.19 15.22 15.21 15.25 15.30 15.39 15.42 15.33 15.49 15.55 15.55 15.55 15.39 15.12 15.15 15.33 15.40 15.42 15.47 15.61 15.60 15.54 15.47 15.32 15.20 14.23 14.25 14.59 14.97 15.33 15.36 15.47 15.40 15.46 15.59
13.76 14.18 14.16 14.83 14.83 15.05 15.07 14.65 14.43 14.55 14.87 15.03 14.57 13.72 14.01 13.92 14.56 14.65 14.36 14.63 14.62 14.74 14.52 14.50 14.38 14.36 14.71 14.94 15.03 15.33 15.40 15.34 15.13 15.04 14.86 14.75 14.95 15.40 15.26 15.17 15.26 15.23 15.20 15.26 15.06 15.15 15.38 15.38 15.22 14.89 15.11 15.02 15.02 15.14 15.19 15.20 15.19 15.19 15.27 15.49 15.50 15.52 15.48 15.42 15.45 15.44 15.12 15.30 14.54 13.43 14.91 15.38 15.37 15.45 15.43 15.50 15.54
14.22 14.19 14.47 14.58 14.70 14.84 14.48 14.23 14.21 14.43 14.63 14.66 14.25 13.63 13.90 13.42 13.96 14.23 14.14 14.05 14.34 14.74 14.68 14.52 14.15 14.68 14.79 14.76 14.75 15.14 15.25 15.22 14.84 14.95 15.00 14.81 14.92 15.19 15.35 15.34 15.37 15.24 15.31 15.21 14.93 14.89 14.87 15.26 15.25 15.17 14.91 14.78 15.03 15.00 15.08 15.19 15.19 15.22 15.27 15.25 15.39 15.52 15.60 15.60 15.58 15.56 15.38 15.47 15.41 15.20 14.91 14.45 15.19 14.87 15.57 15.63 15.57
14.53 14.14 13.89 14.13 14.40 14.46 14.10 14.07 14.25 14.21 14.65 14.92 14.76 14.29 13.80 13.94 13.90 14.21 14.11 14.23 14.41 14.26 13.98 13.71 14.08 14.31 14.57 14.72 14.88 14.99 14.86 14.87 14.72 14.75 14.63 14.91 15.03 15.25 15.48 15.47 15.40 15.30 15.25 15.39 15.06 14.58 14.63 15.00 15.00 15.11 14.98 14.94 14.83 14.84 15.00 15.19 15.22 15.32 15.40 15.37 15.43 15.58 15.54 15.55 15.60 15.57 15.54 15.47 15.47 15.51 15.48 14.55 14.68 15.39 15.35 15.15 15.20
14.23 13.90 14.04 14.27 14.19 13.43 13.46 13.70 13.99 14.33 14.81 14.90 14.82 14.75 14.27 14.34 14.60 14.13 13.91 13.84 13.82 14.07 14.26 14.23 14.60 14.66 14.64 14.74 14.90 14.74 15.06 14.83 14.50 14.38 14.78 15.01 15.09 15.16 15.12 15.25 15.33 15.23 15.26 15.17 15.23 14.64 14.93 15.07 15.08 15.20 15.21 15.16 14.96 14.80 14.90 15.23 15.37 15.37 15.36 15.33 15.44 15.54 15.50 15.54 15.55 15.56 15.54 15.54 15.50 15.48 15.46 15.23 15.01 15.12 14.84 15.04 14.75
14.56 14.57 14.14 13.74 13.15 12.81 13.22 13.74 13.82 14.23 14.52 14.77 14.78 14.68 14.43 14.53 14.67 14.47 14.47 14.45 14.13 14.27 14.21 14.42 14.76 14.94 14.75 14.76 14.57 14.64 15.06 14.72 14.77 14.94 14.90 15.02 15.11 15.01 14.72 14.83 14.89 14.71 14.79 14.86 14.73 14.73 14.94 15.03 14.92 14.83 14.94 15.09 15.13 15.21 15.29 15.29 15.31 15.42 15.38 15.35 15.31 15.39 15.40 15.35 15.46 15.50 15.48 15.28 15.29 15.34 15.25 15.25 15.35 15.43 15.45 15.48 15.50
13.76 14.02 14.13 14.03 13.68 13.90 13.81 14.08 14.53 14.48 14.57 14.60 14.58 14.60 14.43 14.32 14.76 14.92 14.51 14.14 14.39 14.06 14.04 14.18 14.44 14.69 14.49 14.72 14.84 14.92 15.06 15.08 15.12 14.79 14.64 14.57 14.66 14.88 14.63 14.67 14.73 14.85 14.77 14.65 14.68 14.71 14.95 14.98 14.71 15.03 15.08 15.14 15.27 15.34 15.29 15.30 15.39 15.46 15.43 15.43 15.35 15.31 15.30 15.35 15.30 15.26 15.20 15.20 15.06 14.88 15.20 15.11 15.30 15.38 15.34 15.38 15.43
13.05 13.67 14.21 14.27 14.03 14.07 13.77 14.28 14.51 14.76 14.85 14.56 14.37 14.16 14.11 14.20 14.41 14.60 14.53 14.25 13.98 13.55 13.68 13.83 14.04 14.15 14.44 14.24 14.15 14.59 14.76 14.99 15.00 14.86 14.66 14.41 14.46 14.24 14.63 15.03 14.91 14.87 14.91 14.87 14.78 14.79 14.64 14.65 14.84 14.99 15.14 15.16 14.97 15.16 15.39 15.40 15.41 15.43 15.42 15.44 15.36 15.30 15.38 15.46 15.42 15.30 15.27 15.12 14.93 14.96 14.96 15.04 15.12 15.23 15.18 15.28 15.33
13.96 14.02 13.93 14.41 14.13 13.97 13.66 13.34 13.91 14.32 14.50 14.32 14.32 14.57 14.22 13.95 14.24 14.54 14.62 14.14 14.08 13.75 14.50 14.61 14.65 14.76 14.63 14.50 14.28 14.51 14.87 15.16 14.99 14.61 14.56 14.45 14.45 14.35 14.49 14.70 14.55 14.32 14.34 14.38 14.26 14.19 14.38 14.82 14.98 15.08 15.12 15.06 15.08 15.22 15.10 15.19 15.36 15.38 15.42 15.31 15.31 15.31 15.46 15.44 15.27 15.08 15.00 14.59 14.60 14.90 15.20 15.26 15.27 15.10 15.06 15.20 15.29
14.01 14.39 14.20 14.57 13.98 13.58 13.06 13.26 13.61 13.87 14.39 14.44 14.67 14.80 14.18 13.68 13.63 13.65 13.83 14.08 14.07 14.32 14.70 14.69 14.49 14.43 14.09 14.20 14.15 14.35 14.74 15.04 14.93 14.50 14.50 14.76 14.86 14.59 14.48 14.44 14.45 14.36 14.30 14.27 14.09 13.90 14.13 14.37 14.50 14.81 14.98 15.10 15.24 15.24 15.28 15.35 15.25 15.10 15.22 15.24 15.12 15.12 15.22 15.15 15.06 15.01 14.80 14.66 14.74 14.89 15.13 15.26 15.12 15.11 15.05 15.31 15.38
13.67 14.20 14.38 14.23 13.92 13.72 13.29 13.72 14.15 14.22 14.35 14.51 14.87 14.87 14.64 14.43 13.96 13.38 13.62 13.94 14.19 14.52 14.47 14.22 13.93 13.99 14.13 14.21 14.42 14.38 14.47 14.83 14.90 14.63 14.71 14.87 14.75 14.67 14.68 14.39 14.44 13.99 13.94 13.93 14.18 14.25 14.46 14.75 14.99 15.25 15.40 15.41 15.25 15.22 15.37 15.27 15.02 14.91 15.00 14.93 14.92 15.03 15.13 15.03 14.83 14.83 14.51 14.58 14.69 14.75 14.88 14.95 15.02 15.08 15.18 15.31 15.33
14.40 14.02 13.97 14.09 14.21 14.53 14.29 14.36 14.22 14.56 14.62 14.46 14.54 14.34 14.48 14.61 14.44 14.13 14.42 14.83 14.83 14.93 14.80 14.60 14.32 14.40 14.23 13.79 14.00 14.28 14.27 14.58 14.85 14.78 14.59 14.61 14.30 14.45 14.58 14.16 14.33 14.31 14.52 14.55 14.76 15.05 15.23 15.34 15.27 15.13 15.27 15.20 15.26 15.25 15.21 15.04 14.93 14.95 14.94 14.94 15.01 14.93 14.80 14.69 14.56 14.61 14.41 14.52 14.79 14.96 15.13 15.19 15.14 15.23 15.27 15.33 15.33
