files/bom_datasets/05.30.18.txt
ncols 839
nrows 679
xllcenter 112.0500
yllcenter -43.9500
cellsize 0.0500
nodata_value 99999.90
[rows 102 to 135 of 679, columns 385 to 461 of 839]
19.70 19.67 19.33 19.27 19.09 19.15 19.12 19.31 19.43 19.46 19.50 19.55 19.66 19.61 19.59 19.57 19.57 19.57 19.56 19.52 19.48 19.43 19.44 19.56 19.65 19.63 19.66 19.70 19.68 19.67 19.67 19.61 19.60 19.57 19.41 19.37 19.49 19.48 19.48 19.55 19.51 19.51 19.53 19.50 19.49 19.36 19.39 19.54 19.38 19.39 19.29 19.33 18.97 19.24 19.16 19.06 19.22 19.04 19.31 19.30 19.09 18.97 19.17 19.20 18.86 18.96 18.96 19.09 18.79 18.57 18.97 18.61 19.03 18.99 19.51 19.42 19.38
19.55 19.53 19.30 19.24 18.99 19.12 19.01 19.30 19.40 19.47 19.45 19.58 19.65 19.61 19.55 19.44 19.49 19.53 19.49 19.46 19.42 19.47 19.45 19.16 19.57 19.63 19.66 19.66 19.66 19.54 19.64 19.57 19.57 19.52 19.31 19.42 19.51 19.44 19.46 19.48 19.49 19.53 19.52 19.51 19.44 19.43 19.25 19.53 19.44 19.52 19.40 19.32 19.28 19.45 18.91 19.34 19.13 19.27 19.43 19.35 19.03 19.16 18.98 18.54 19.18 18.85 18.70 19.30 18.94 18.77 18.55 18.54 18.42 19.20 19.21 19.52 19.60
19.05 19.22 18.82 18.96 18.99 18.94 18.85 19.18 19.34 19.36 19.44 19.51 19.62 19.54 19.49 19.26 19.36 19.36 19.40 19.35 19.48 19.55 19.52 19.31 19.57 19.55 19.54 19.59 19.53 19.53 19.57 19.57 19.48 19.49 19.34 19.50 19.54 19.57 19.53 19.54 19.53 19.60 19.58 19.61 19.42 19.52 19.56 19.40 19.32 19.41 19.37 19.22 19.45 19.09 19.40 19.45 19.33 18.95 19.43 19.35 18.79 19.35 18.95 18.99 19.25 19.13 19.10 18.30 19.25 18.44 19.04 18.45 19.28 19.08 18.33 18.85 19.38
19.02 19.00 18.73 18.56 18.66 18.74 18.85 18.95 19.09 19.34 19.43 19.51 19.46 19.40 19.39 19.43 19.36 19.26 19.30 19.36 19.44 19.53 19.58 19.57 19.52 19.54 19.57 19.63 19.62 19.57 19.51 19.52 19.49 19.50 19.37 19.49 19.52 19.55 19.56 19.54 19.53 19.56 19.60 19.54 19.51 19.59 19.55 19.43 19.36 19.38 19.35 19.47 19.09 19.40 19.20 19.23 18.88 18.84 19.02 19.18 19.44 19.45 19.30 19.16 19.45 19.18 19.02 19.10 19.18 19.10 18.83 18.64 18.93 18.57 18.75 18.58 18.40
18.90 18.74 18.53 18.29 18.41 18.51 18.48 18.54 18.71 18.97 19.22 19.40 19.50 19.44 19.34 19.38 19.42 19.36 19.43 19.47 19.52 19.59 19.60 19.52 19.47 19.50 19.59 19.58 19.58 19.61 19.56 19.49 19.43 19.45 19.43 19.35 19.38 19.39 19.43 19.44 19.47 19.39 19.46 19.51 19.51 19.48 19.53 19.42 19.38 19.44 19.44 19.34 19.31 19.39 19.42 19.07 19.03 19.15 19.07 19.21 19.03 19.00 18.88 18.73 19.16 19.38 19.28 19.41 18.95 19.03 19.00 19.14 18.59 19.13 19.10 18.45 19.07
18.74 18.54 18.49 18.48 18.27 18.39 18.39 18.48 18.46 18.47 18.81 18.90 19.05 19.32 19.47 19.44 19.42 19.34 19.47 19.49 19.47 19.54 19.52 19.50 19.48 19.46 19.51 19.50 19.53 19.59 19.50 19.44 19.39 19.45 19.49 19.43 19.33 19.40 19.38 19.32 19.38 19.36 19.48 19.47 19.53 19.50 19.44 19.27 19.31 19.32 19.29 19.15 19.28 19.29 19.33 19.35 19.05 19.04 18.99 18.91 19.34 19.22 19.14 19.36 19.16 18.96 19.25 18.84 18.83 18.86 18.56 19.14 18.95 19.19 18.95 18.47 18.10
18.83 18.59 18.32 18.39 18.26 18.33 18.44 18.68 18.54 18.43 18.45 18.50 18.53 18.91 19.39 19.59 19.58 19.40 19.51 19.47 19.31 19.40 19.37 19.39 19.48 19.44 19.44 19.45 19.41 19.53 19.46 19.39 19.35 19.42 19.46 19.48 19.41 19.35 19.33 19.37 19.38 19.41 19.47 19.51 19.47 19.49 19.44 19.35 19.21 19.22 19.17 19.19 19.22 19.25 19.23 19.41 19.33 19.53 19.19 19.45 19.35 18.74 18.60 19.51 18.59 19.22 19.36 19.19 18.22 19.21 18.80 18.24 18.20 18.78 18.45 18.77 18.59
18.97 19.02 18.70 18.59 18.43 18.69 18.84 18.74 18.67 18.59 18.67 18.58 18.38 18.70 19.14 19.54 19.53 19.39 19.46 19.35 19.26 19.19 19.26 19.24 19.42 19.39 19.38 19.42 19.44 19.41 19.48 19.37 19.40 19.39 19.39 19.45 19.42 19.38 19.41 19.42 19.39 19.42 19.43 19.42 19.40 19.43 19.32 19.31 19.23 19.14 19.14 19.36 19.15 19.18 19.10 18.78 19.26 19.51 19.30 19.19 19.09 18.96 19.25 19.15 19.20 19.27 18.72 18.97 19.20 18.96 18.49 18.48 19.32 19.25 18.22 18.16 17.55
19.13 19.03 18.77 18.69 18.79 18.64 18.95 18.86 18.95 19.03 19.13 19.01 18.73 18.82 19.06 19.43 19.41 19.41 19.44 19.45 19.39 19.37 19.26 19.23 19.37 19.39 19.30 19.19 19.31 19.39 19.42 19.38 19.39 19.31 19.31 19.39 19.31 19.28 19.40 19.36 19.33 19.36 19.40 19.37 19.26 19.28 19.11 19.17 19.17 19.32 18.89 19.20 19.21 19.22 19.05 18.77 19.14 19.45 19.26 19.31 19.45 19.30 18.45 18.58 18.66 19.20 19.24 19.19 19.37 18.30 18.79 18.95 18.54 19.02 18.50 17.93 18.29
19.12 19.14 18.98 18.87 18.86 18.83 18.91 19.21 19.36 19.33 19.32 19.26 19.21 19.27 19.34 19.32 19.37 19.36 19.38 19.39 19.35 19.36 19.34 19.30 19.35 19.40 19.29 19.24 19.16 19.25 19.36 19.41 19.41 19.38 19.33 19.40 19.34 19.29 19.29 19.34 19.33 19.22 19.30 19.28 19.19 19.09 19.20 19.21 19.06 19.24 19.11 19.14 19.05 19.08 19.29 18.98 19.05 19.31 19.20 19.08 19.21 19.13 18.94 18.49 19.06 18.59 19.06 18.73 18.88 19.20 19.20 19.00 18.42 18.96 18.42 18.80 18.91
19.27 19.19 19.21 19.17 18.97 18.74 18.96 19.19 19.49 19.27 19.20 19.23 19.25 19.28 19.26 19.36 19.39 19.38 19.39 19.39 19.30 19.31 19.33 19.32 19.34 19.35 19.29 19.25 19.16 19.30 19.36 19.30 19.29 19.26 19.29 19.32 19.39 19.44 19.29 19.25 19.28 19.25 19.19 19.19 19.25 19.17 19.28 19.30 19.18 19.20 19.31 19.24 19.21 19.14 18.89 18.97 18.98 19.25 18.85 19.20 18.93 19.22 18.83 18.96 18.25 18.89 18.64 18.52 18.61 19.12 18.65 18.51 18.90 18.48 18.59 18.27 18.63
19.32 19.24 19.21 19.21 19.13 18.97 18.85 18.98 19.37 19.19 19.13 19.04 19.20 19.28 19.16 19.36 19.38 19.35 19.34 19.36 19.30 19.32 19.31 19.24 19.24 19.20 19.27 19.34 19.25 19.12 19.24 19.21 19.23 19.23 19.26 19.26 19.33 19.36 19.21 19.21 19.15 19.20 19.23 19.23 19.13 19.15 19.26 19.38 19.32 19.24 19.29 19.27 19.18 18.93 18.94 18.66 19.05 19.02 19.07 19.25 19.01 18.54 18.75 19.03 18.76 18.97 18.82 18.93 18.86 18.67 18.71 18.97 18.92 18.75 19.09 19.16 18.45
19.31 19.32 19.29 19.15 19.01 18.83 18.64 18.64 19.15 19.38 19.09 18.96 19.01 19.24 19.11 19.26 19.35 19.24 19.28 19.28 19.28 19.33 19.29 19.16 18.95 19.03 19.10 19.26 19.35 19.30 19.28 19.23 19.24 19.27 19.24 19.24 19.32 19.31 19.19 19.11 19.06 19.12 19.22 19.21 19.23 19.18 19.18 19.35 19.38 19.26 19.17 19.25 19.01 18.96 18.95 18.96 19.05 19.02 19.00 18.74 19.12 18.84 18.89 18.84 18.97 19.10 18.95 18.78 18.88 18.98 18.93 18.77 18.82 18.74 18.58 18.22 18.47
19.29 19.29 19.10 18.99 18.89 18.79 18.78 18.86 18.79 19.06 19.24 19.00 18.96 19.10 19.12 19.11 19.16 19.19 19.23 19.26 19.26 19.27 19.27 19.16 18.83 19.12 18.96 19.18 19.29 19.30 19.27 19.19 19.29 19.30 19.22 19.21 19.27 19.21 19.10 19.09 19.07 19.08 19.19 19.08 19.16 19.18 19.18 19.17 19.28 19.27 19.25 19.31 19.05 18.92 18.96 18.74 18.91 18.71 18.91 18.76 18.96 19.04 18.98 18.97 18.76 18.92 19.09 18.95 18.90 18.71 18.94 18.96 19.03 18.18 18.56 18.27 17.50
19.16 19.15 18.87 18.86 18.86 18.69 18.80 19.04 18.97 18.83 18.99 19.11 18.86 18.88 19.07 19.05 19.09 19.15 19.16 19.19 19.19 19.14 19.08 18.99 19.09 19.02 19.24 19.24 19.27 19.22 19.22 19.17 19.24 19.18 19.11 19.20 19.19 19.14 19.06 19.05 19.07 19.01 19.05 19.10 19.12 18.98 19.11 19.23 19.18 19.17 19.14 19.22 19.12 18.96 18.77 18.88 19.00 19.07 18.85 18.92 18.80 18.99 18.89 18.69 19.02 18.87 18.85 18.77 18.82 18.98 19.22 18.97 19.37 18.55 18.76 18.30 18.43
19.25 19.14 18.76 18.70 18.83 18.95 19.03 18.89 18.80 18.81 18.95 19.15 19.00 18.98 18.98 19.10 18.99 19.14 19.11 19.15 19.14 19.20 19.09 19.22 19.15 19.20 19.21 19.23 19.26 19.21 19.22 19.18 19.16 19.13 19.08 19.07 19.13 19.09 19.03 18.98 18.98 19.05 18.99 19.08 19.01 19.13 19.18 19.18 19.17 19.11 19.21 19.23 19.24 19.10 18.95 19.12 18.94 18.89 18.84 19.03 18.89 19.05 18.80 18.73 18.83 19.00 18.77 18.88 18.99 18.78 19.04 19.00 19.09 18.51 18.29 18.21 18.61
19.18 19.12 18.87 18.72 18.67 18.81 18.92 18.72 18.69 18.72 18.78 18.89 19.12 19.00 18.96 19.01 18.96 19.07 19.01 19.09 19.13 19.09 19.19 19.22 19.24 19.16 19.17 19.20 19.23 19.24 19.23 19.14 19.16 19.13 19.07 19.03 19.16 19.11 19.03 18.98 18.84 19.00 19.01 19.04 19.01 19.10 19.17 19.12 19.17 19.24 19.20 19.17 18.96 18.99 18.99 18.98 18.80 18.97 18.72 18.95 18.99 18.93 18.71 18.92 18.88 18.96 19.03 18.76 18.98 18.58 19.08 18.99 18.73 18.93 18.55 18.69 18.91
19.09 19.14 18.93 18.91 18.61 18.58 18.78 18.81 18.85 18.80 18.75 18.76 19.06 18.95 19.03 19.03 19.10 19.09 19.02 19.07 19.13 19.10 19.15 19.17 19.18 19.18 19.18 19.20 19.15 19.25 19.23 19.21 19.19 19.19 19.02 19.04 19.11 19.07 18.99 18.95 18.99 19.09 18.99 19.13 19.11 19.15 19.15 19.14 19.12 19.19 19.20 18.98 18.90 18.83 18.76 18.85 18.85 18.81 18.59 18.85 19.10 18.96 19.05 19.00 18.66 18.79 19.10 18.98 18.66 19.01 18.97 18.77 18.87 18.68 18.78 18.56 18.65
18.61 18.72 18.97 18.77 18.54 18.71 18.78 18.72 18.69 18.71 18.66 18.85 18.95 18.98 18.97 18.95 19.01 19.10 19.12 19.06 19.12 19.12 19.15 19.16 19.05 19.18 19.19 19.16 19.20 19.16 19.19 19.25 19.12 19.19 19.15 19.13 19.12 19.09 18.92 19.01 19.10 19.09 18.98 18.92 19.07 19.19 19.20 19.18 19.18 19.20 19.18 18.87 18.74 18.61 18.63 18.75 18.85 18.96 18.81 18.93 18.97 18.97 18.96 18.84 19.03 19.00 18.96 19.06 19.05 19.19 18.95 18.70 18.84 18.89 19.04 19.12 18.75
18.58 18.52 18.68 18.46 18.68 18.72 18.70 18.64 18.64 18.64 18.58 18.84 18.98 18.77 18.89 19.02 19.00 19.07 19.04 19.05 19.10 19.15 19.11 19.11 19.01 19.21 19.21 19.18 19.23 19.22 19.22 19.21 19.14 19.18 19.08 19.04 19.04 19.04 18.89 18.96 19.11 19.03 19.01 18.97 18.92 19.05 19.12 19.19 19.18 19.21 19.22 19.02 18.89 18.62 18.63 18.82 18.99 18.96 19.09 19.05 19.02 19.02 18.95 19.02 19.01 18.71 18.87 18.80 18.87 18.84 18.98 19.00 19.18 18.73 18.94 19.13 19.08
18.69 18.66 18.53 18.59 18.61 18.50 18.72 18.62 18.61 18.59 18.69 18.92 19.04 18.82 18.70 18.71 18.99 18.85 18.89 19.03 19.07 19.12 19.11 19.11 19.04 19.19 19.19 19.18 19.17 19.17 19.17 19.15 19.02 19.01 19.00 18.92 19.09 19.01 18.93 18.89 18.96 19.06 18.83 19.04 19.09 19.08 19.07 19.15 19.14 19.14 19.12 19.12 19.16 18.95 19.02 19.07 19.12 19.07 19.06 19.10 19.02 19.09 19.15 19.13 19.08 18.97 18.97 18.90 18.57 18.85 18.64 18.85 19.03 19.07 19.14 18.85 18.91
18.74 18.67 18.52 18.56 18.60 18.54 18.42 18.46 18.48 18.43 18.56 18.81 18.99 19.02 18.86 18.79 18.74 18.87 18.80 18.70 18.90 19.05 19.04 19.05 19.05 19.09 19.08 19.10 19.15 19.12 19.15 19.11 19.05 18.98 19.02 18.97 19.09 19.07 19.14 19.03 19.06 19.04 18.98 19.04 19.08 19.01 19.07 19.07 19.08 19.08 19.12 19.06 19.09 19.07 19.07 19.12 19.05 19.08 19.05 19.09 19.05 19.05 19.04 19.02 18.95 18.99 18.92 18.83 18.67 18.75 18.57 18.93 19.06 19.05 19.03 18.84 19.08
18.74 18.57 18.59 18.48 18.52 18.39 18.44 18.55 18.46 18.42 18.49 18.76 18.79 18.84 18.77 18.72 18.75 18.79 18.86 18.92 18.75 18.91 18.98 18.99 19.06 19.02 18.95 18.98 19.07 19.04 19.11 19.12 19.05 18.92 19.00 19.06 19.06 19.11 19.08 19.11 19.19 19.15 19.11 19.10 19.13 19.10 19.11 19.13 19.15 19.14 19.01 19.13 19.00 19.08 18.95 19.03 19.05 19.13 19.07 19.04 19.01 18.86 19.01 19.05 19.01 18.99 19.05 18.79 18.75 18.75 18.98 18.79 18.77 18.95 18.92 18.71 18.86
18.84 18.46 18.72 18.60 18.64 18.61 18.57 18.39 18.40 18.57 18.73 19.00 18.73 18.71 18.67 18.62 18.68 18.64 18.78 18.83 18.62 18.80 18.78 18.71 18.91 18.80 18.77 18.80 19.03 19.07 19.10 19.13 19.08 19.07 18.94 19.03 19.14 19.08 19.11 19.09 19.11 19.14 19.09 19.13 19.19 19.14 19.17 19.13 19.10 19.10 19.11 19.11 19.08 19.04 19.12 19.10 18.96 19.02 19.08 19.11 18.98 18.95 19.05 19.02 19.02 19.07 18.85 18.65 18.90 18.74 18.80 18.87 18.76 18.63 18.80 18.78 19.02
18.54 18.52 18.72 18.54 18.46 18.52 18.41 18.26 18.65 18.82 18.71 18.87 18.86 18.68 18.89 18.80 18.79 18.82 18.75 18.78 19.03 18.96 18.77 18.75 18.83 18.75 18.84 18.81 19.00 19.05 19.08 19.10 19.07 19.12 18.99 19.05 19.07 19.08 19.10 19.12 19.11 19.16 19.11 19.10 19.17 19.15 19.17 19.15 19.12 19.15 19.13 19.09 19.09 19.05 19.10 19.14 19.15 19.15 19.07 19.16 19.06 19.02 19.05 18.85 18.91 18.90 18.55 18.68 18.80 18.76 18.77 18.87 18.69 18.78 18.96 19.07 19.09
18.55 18.44 18.52 18.25 18.30 18.38 18.32 18.24 18.59 18.95 18.88 18.87 18.84 18.82 18.79 18.62 18.57 18.82 18.82 18.90 19.08 19.08 18.90 18.92 18.95 18.97 18.99 19.02 18.97 19.06 19.08 19.12 19.08 19.06 18.98 19.04 19.12 19.12 19.11 19.14 19.15 19.09 19.09 19.03 19.11 19.11 19.15 19.17 19.16 19.15 19.11 19.09 19.08 19.09 19.06 19.13 19.12 19.16 19.13 19.09 19.09 19.01 18.98 18.90 18.86 18.92 18.84 18.66 18.64 18.62 18.77 18.90 18.74 18.80 18.92 18.83 19.14
18.51 18.40 18.50 18.29 18.42 18.49 18.25 18.51 18.52 18.79 18.55 18.70 18.79 18.78 18.76 18.61 18.20 18.62 18.70 19.05 19.14 19.12 19.03 18.97 18.94 18.95 18.99 19.04 19.07 19.00 19.08 19.11 19.09 19.02 19.01 19.01 19.10 19.10 19.11 19.12 19.06 19.06 19.05 19.00 19.02 19.00 18.96 19.12 19.13 19.13 19.12 19.10 19.06 19.06 19.09 19.01 18.96 19.12 19.12 19.10 19.08 19.00 18.95 18.98 18.87 18.92 18.98 18.76 18.62 18.93 18.87 18.89 18.86 18.79 18.98 18.89 19.09
18.53 18.40 18.38 18.50 18.63 18.64 18.68 18.63 18.41 18.43 18.59 18.59 18.75 18.78 18.85 18.84 18.59 18.42 18.91 19.10 19.11 19.11 18.96 18.87 19.00 18.97 19.01 19.04 19.03 18.99 19.07 19.05 19.08 19.04 19.09 19.07 19.06 19.10 19.06 19.07 19.09 19.08 19.07 19.06 19.03 18.90 18.81 19.09 19.11 19.06 19.03 19.04 18.98 18.97 19.03 18.96 19.06 19.10 19.11 19.07 19.10 19.05 19.01 18.99 19.04 18.93 18.89 18.91 18.80 18.94 18.91 18.87 18.79 18.80 19.06 19.01 19.07
18.71 18.62 18.59 18.70 18.57 18.67 18.67 18.59 18.66 18.76 18.33 18.32 18.70 18.82 18.79 18.86 18.80 18.83 19.07 19.11 19.10 19.03 18.94 18.93 18.94 18.97 18.92 18.94 18.89 18.98 19.03 19.03 18.80 19.03 19.04 19.03 19.07 19.08 19.03 19.03 19.05 19.07 19.04 19.03 18.99 18.64 18.83 19.02 19.06 18.94 19.02 19.00 19.05 18.99 19.06 19.04 19.04 19.09 19.08 19.08 19.10 19.07 19.09 19.03 19.03 19.02 18.97 19.04 19.01 18.94 18.89 18.75 18.73 18.80 18.90 18.99 18.99
18.62 18.65 18.56 18.65 18.47 18.68 18.68 18.77 18.76 18.77 18.57 18.50 18.68 18.78 18.63 18.74 18.93 19.03 18.90 18.86 18.94 18.98 18.98 18.90 18.95 18.97 18.98 18.93 18.88 18.98 19.01 18.99 19.00 18.99 19.02 19.02 19.03 19.03 19.02 19.01 19.02 19.04 19.04 19.02 18.90 18.69 18.68 19.05 18.99 18.93 18.95 18.98 19.03 18.93 19.03 19.03 19.04 19.07 19.05 19.07 19.07 19.04 19.05 19.00 18.99 18.99 18.97 19.01 19.04 19.02 18.91 18.83 18.80 18.72 18.65 18.76 18.91
18.55 18.28 18.53 18.67 18.65 18.77 18.72 18.67 18.68 18.71 18.68 18.61 18.71 18.63 18.64 18.90 18.96 18.95 18.85 18.85 18.96 18.99 19.02 19.03 18.91 18.96 18.97 18.98 18.86 18.87 18.95 18.94 18.97 18.97 18.96 18.94 18.98 18.98 18.97 18.95 18.93 19.04 19.05 19.01 18.91 18.87 18.97 19.04 18.93 19.01 19.00 18.87 18.94 18.90 19.00 18.98 19.06 19.03 19.07 19.02 19.04 19.04 19.06 19.00 19.00 19.02 18.95 18.97 18.96 18.91 18.97 18.96 18.79 18.62 18.62 18.70 18.70
18.48 18.44 18.56 18.63 18.64 18.72 18.81 18.63 18.67 18.59 18.75 18.66 18.69 18.74 18.77 18.93 18.82 18.94 18.85 18.89 18.98 18.93 18.98 18.91 18.87 18.91 18.81 18.99 18.99 18.93 18.91 18.93 18.91 18.99 18.95 18.88 18.93 18.98 18.98 18.98 18.95 19.02 19.01 18.99 18.84 18.97 19.04 18.98 18.99 18.94 19.00 18.94 18.83 18.91 18.88 18.95 18.98 18.96 19.00 19.00 18.99 19.02 19.03 18.80 18.88 18.98 18.89 18.95 18.88 18.91 19.00 18.98 18.81 18.73 18.65 18.68 18.80
18.60 18.57 18.58 18.71 18.74 18.74 18.86 18.81 18.87 18.80 18.75 18.75 18.73 18.66 18.95 18.94 18.97 18.96 18.91 18.96 18.98 18.88 18.89 18.95 18.94 18.94 18.90 18.95 18.96 18.91 18.89 18.90 18.86 18.86 18.90 18.75 18.67 18.96 19.01 18.97 18.93 18.93 18.86 18.91 18.97 19.03 19.03 18.99 18.94 18.89 18.96 18.86 18.91 18.88 18.80 18.92 18.98 19.00 18.98 18.95 19.00 19.01 18.99 18.98 18.92 19.00 19.00 18.97 18.87 18.88 18.95 18.82 18.92 18.88 18.88 18.87 18.97
18.51 18.52 18.43 18.60 18.70 18.61 18.75 18.70 18.81 18.81 18.86 18.72 18.82 18.75 18.94 18.94 18.93 18.85 18.86 18.97 18.95 18.87 18.83 18.84 18.82 18.88 18.88 18.93 18.91 18.80 18.96 18.93 18.93 18.94 18.70 18.84 18.79 18.69 18.95 19.00 18.90 18.75 18.77 18.98 18.95 18.94 19.02 18.98 18.89 18.98 18.95 18.89 18.87 18.94 18.94 18.95 18.99 18.94 18.93 18.91 18.97 18.93 18.93 18.97 18.98 18.94 18.97 18.91 18.93 18.89 18.89 18.91 18.89 18.87 18.85 18.82 18.80
