files/bom_datasets/05.30.18.txt
ncols 839
nrows 679
xllcenter 112.0500
yllcenter -43.9500
cellsize 0.0500
nodata_value 99999.90
[rows 204 to 237 of 679, columns 616 to 692 of 839]
17.58 17.54 17.44 17.40 17.00 16.93 17.00 17.18 17.22 17.41 17.45 17.44 17.57 17.51 17.49 17.45 17.31 17.36 17.44 17.32 17.43 17.41 17.03 17.26 17.04 16.95 17.17 16.93 16.18 15.93 16.04 16.05 15.81 16.04 15.60 15.11 16.35 15.73 15.99 16.31 16.10 16.07 16.45 16.01 16.06 16.71 15.70 16.51 15.98 16.53 16.14 16.51 16.32 15.70 16.54 16.85 16.36 16.36 16.97 17.03 17.23 17.20 16.84 16.80 16.48 16.11 16.65 15.98 15.99 15.90 17.08 16.64 16.75 16.02 16.28 16.99 16.35
17.43 17.47 17.37 17.37 17.07 16.74 17.26 17.33 17.30 16.87 16.98 17.12 17.28 17.42 17.35 17.32 17.35 17.26 17.44 17.34 17.20 17.02 16.64 16.74 16.69 16.53 16.50 16.55 16.53 16.44 16.30 16.44 16.84 16.75 15.93 15.78 16.22 16.29 16.50 16.19 16.11 16.41 16.36 16.55 16.79 16.69 15.99 16.39 16.10 16.28 16.03 16.80 16.35 16.60 15.89 15.29 16.48 15.96 17.16 16.96 16.53 17.09 16.71 17.32 16.44 17.00 16.80 16.55 15.94 16.36 16.19 15.68 16.72 15.68 16.98 16.19 16.66
17.29 17.29 17.15 16.84 17.08 17.09 17.27 17.23 16.56 16.25 16.34 16.68 16.52 16.69 17.40 17.40 17.21 17.47 17.36 17.09 17.06 16.37 16.46 16.13 16.72 16.61 16.70 16.29 16.19 16.44 16.75 16.89 16.55 16.05 16.06 15.52 15.44 16.20 16.32 15.72 15.68 14.75 15.32 15.62 15.62 15.91 16.73 16.46 16.36 16.05 16.02 16.32 16.18 16.26 16.21 16.49 16.34 16.68 16.37 16.32 15.84 16.61 17.06 17.04 17.31 17.24 16.36 16.51 15.72 16.60 16.53 16.64 17.05 17.29 16.47 16.00 15.59
16.88 16.94 17.01 16.85 16.97 16.51 16.98 16.66 16.58 16.30 16.51 16.29 16.13 17.04 17.03 16.96 17.13 17.19 17.24 16.67 17.08 16.48 16.59 16.26 16.57 17.13 17.05 16.80 16.67 16.72 16.68 16.11 16.72 16.14 16.59 16.30 15.47 15.41 15.27 15.75 15.99 16.01 15.90 15.69 15.72 15.96 15.26 14.69 15.82 15.27 16.68 15.98 16.28 15.34 16.37 15.77 16.63 15.80 16.58 16.06 16.31 16.65 17.04 16.68 17.22 16.99 16.01 16.07 15.86 16.31 15.77 16.37 17.15 17.04 17.04 16.14 15.09
16.60 16.87 16.68 16.25 16.84 16.70 16.69 16.68 16.63 16.68 16.42 16.51 16.54 17.02 16.39 17.10 17.33 17.15 16.92 16.82 16.80 16.61 16.82 16.66 16.87 17.17 16.88 16.63 16.87 16.77 16.73 16.60 16.81 16.19 16.15 15.59 16.35 15.66 15.61 15.83 15.65 16.45 16.88 16.27 16.22 16.07 16.62 16.04 15.77 16.12 15.93 15.78 16.49 16.22 16.80 16.62 17.03 16.36 16.48 16.79 16.76 16.90 16.77 17.02 15.74 16.60 17.08 16.45 15.58 16.35 16.61 16.68 16.67 17.17 17.08 16.59 16.96
16.25 16.58 16.73 16.60 16.84 16.54 16.61 16.40 16.69 16.64 16.72 16.51 16.60 16.36 16.83 17.01 17.18 17.16 16.52 16.64 16.83 16.79 16.64 16.94 16.96 17.08 16.42 16.56 16.96 16.68 16.77 16.94 16.42 17.01 16.91 16.75 16.45 15.99 16.20 16.12 16.35 16.24 16.05 16.04 15.91 16.52 16.18 16.72 16.52 16.85 16.13 16.05 16.44 16.67 16.14 16.67 16.38 16.29 16.26 16.30 16.28 16.62 15.95 16.63 16.39 16.48 16.33 16.09 16.36 16.55 16.40 16.13 15.69 16.00 16.47 15.92 16.72
16.06 16.43 16.55 16.48 16.78 16.49 16.56 16.25 16.43 16.88 16.62 16.41 16.69 16.89 16.57 16.29 16.67 16.54 16.42 16.71 16.88 17.06 16.93 17.11 17.24 16.69 16.54 16.70 16.87 16.76 16.81 16.86 17.20 17.13 16.77 16.47 16.69 16.87 16.61 16.01 15.70 15.86 15.96 15.58 16.27 15.01 15.69 15.60 16.01 16.00 14.94 15.96 16.13 16.85 16.58 16.19 15.84 16.14 16.09 16.54 16.04 16.32 16.24 16.63 17.07 16.99 16.93 16.46 16.53 16.85 16.56 16.42 16.86 16.63 16.89 16.57 16.54
15.73 16.18 16.60 17.03 16.99 17.19 16.57 16.39 16.31 16.32 16.51 16.94 16.93 16.63 16.13 16.19 16.14 16.72 16.45 17.00 16.79 17.03 17.09 16.92 16.85 16.64 16.55 16.80 16.83 16.89 16.90 17.17 17.37 16.83 16.95 16.72 16.29 16.59 16.74 16.23 16.32 16.10 16.12 16.09 15.94 16.03 15.23 15.64 15.30 15.37 16.12 15.65 16.02 15.83 16.39 15.83 15.67 15.41 16.12 16.49 16.39 16.03 15.91 16.61 16.06 16.84 16.78 16.88 16.15 17.13 16.85 16.90 16.35 15.95 16.62 17.23 16.66
16.43 16.58 16.17 16.20 16.55 16.71 16.14 16.31 16.44 16.55 16.81 16.61 16.64 16.19 16.33 16.44 16.95 16.78 16.79 16.65 17.03 17.09 16.93 16.95 16.97 16.67 16.54 17.18 17.15 16.76 16.97 16.93 17.19 17.31 16.87 16.70 16.74 15.97 16.53 16.80 16.24 15.90 15.66 15.72 16.46 16.64 16.79 16.78 15.76 15.42 15.52 16.05 15.82 15.84 16.36 16.18 16.13 16.66 17.08 16.37 15.97 17.12 16.71 16.30 16.67 16.83 15.50 16.53 17.25 16.37 15.72 15.84 16.45 16.73 17.24 17.11 17.11
15.15 14.76 15.31 15.25 15.30 16.19 16.74 16.90 17.03 17.31 16.36 16.48 16.16 15.82 16.78 16.59 16.56 16.90 16.76 15.79 15.94 16.90 17.17 16.78 17.08 16.93 17.01 16.85 17.05 16.98 17.03 16.99 16.86 16.52 17.27 17.00 16.71 16.48 16.23 16.31 16.10 15.95 16.41 16.86 17.16 16.45 16.48 15.79 16.26 16.54 16.50 16.62 15.68 15.92 16.54 16.22 15.83 16.12 16.90 16.79 16.58 16.42 16.30 16.86 16.82 15.91 15.86 15.95 16.55 15.42 15.94 16.04 16.15 16.45 16.15 16.36 16.44
15.24 14.95 15.18 15.88 15.49 15.33 16.52 16.87 16.72 16.80 16.62 17.02 16.62 16.47 16.75 15.86 16.25 16.47 15.74 15.64 15.58 15.75 16.47 16.84 17.03 17.14 17.09 16.94 17.20 17.24 17.22 16.77 17.04 17.28 16.97 17.11 16.40 16.53 16.55 16.53 16.67 16.81 16.22 15.77 16.13 16.45 16.32 15.85 16.49 16.30 16.18 15.81 15.77 16.39 16.94 16.44 16.59 16.64 16.38 16.64 16.70 16.07 16.80 16.40 16.49 17.13 16.64 16.26 16.73 15.94 16.57 16.75 16.62 16.57 16.88 16.93 16.53
15.21 15.29 14.99 15.58 15.34 15.87 15.70 15.80 16.02 15.90 15.52 16.37 16.74 16.65 16.50 16.14 16.28 15.87 15.69 15.78 15.31 15.36 15.58 15.81 16.24 16.54 16.98 16.80 16.95 17.08 17.15 16.92 17.05 17.18 17.03 16.94 16.83 16.26 16.66 16.50 15.54 16.46 16.58 16.70 16.21 15.96 15.93 15.52 15.74 15.10 15.59 14.86 15.04 14.94 15.96 16.01 15.97 16.44 16.56 15.49 16.78 16.87 16.45 15.84 16.56 16.39 16.23 17.28 16.71 16.41 16.58 16.64 17.20 16.52 16.04 16.38 16.44
15.27 15.16 15.61 15.58 15.79 15.92 16.05 15.86 15.57 15.83 15.48 15.51 15.25 15.66 15.51 15.25 15.08 15.68 15.77 15.51 15.19 15.09 15.31 15.56 15.85 15.97 15.79 16.13 16.27 16.84 17.03 17.04 17.07 17.20 16.95 16.83 16.77 16.82 17.11 16.33 16.66 16.60 16.41 16.18 15.43 16.58 16.50 16.55 17.08 16.65 16.71 16.13 15.54 15.79 15.52 16.00 15.54 15.89 15.66 16.31 16.78 16.12 16.40 17.05 16.06 16.45 16.24 16.52 16.54 16.81 16.42 15.77 16.67 16.49 16.06 16.12 16.85
14.62 15.72 15.80 15.85 15.79 15.47 15.91 15.95 15.57 15.64 15.60 15.36 15.50 15.64 15.09 15.31 15.23 15.35 16.01 15.78 15.16 15.54 16.09 15.46 15.63 15.83 15.35 16.07 16.21 16.51 16.85 16.94 16.43 17.04 17.02 16.95 17.00 16.64 16.81 16.55 16.59 16.49 15.82 16.14 16.44 16.56 16.66 17.05 16.69 16.62 16.53 16.53 16.12 16.47 15.31 14.63 15.26 16.07 15.78 16.06 16.70 17.02 17.19 16.11 16.62 16.82 16.60 16.21 15.37 15.75 15.68 15.82 14.93 16.19 16.32 15.61 16.72
15.71 14.96 15.25 15.94 16.04 15.98 15.65 15.30 15.76 15.94 15.73 15.62 15.80 15.81 15.53 15.53 15.71 15.50 15.76 15.79 15.36 15.48 15.41 14.87 15.20 15.63 16.12 17.08 16.84 16.60 17.20 17.25 17.31 17.23 17.10 16.88 16.77 16.46 16.76 15.84 16.47 17.02 16.68 16.06 16.13 16.09 16.69 16.66 17.13 16.98 16.80 16.69 16.77 16.94 16.89 16.04 16.37 16.91 16.30 16.63 16.45 16.39 16.35 16.85 17.06 15.76 16.36 16.90 16.57 16.81 16.43 16.32 16.86 15.78 15.61 16.61 16.73
15.89 15.65 15.48 15.52 14.99 15.59 15.34 16.10 15.95 15.13 15.73 15.63 15.50 16.03 15.76 15.62 15.79 15.72 15.99 16.22 15.35 14.89 15.21 15.18 15.91 16.10 15.93 16.21 16.13 16.42 16.59 16.82 16.98 16.94 17.20 16.59 16.55 16.50 16.42 16.24 16.55 16.74 15.97 15.48 16.53 15.93 15.96 15.58 16.26 16.25 16.51 16.40 15.97 15.48 15.49 15.71 16.38 16.97 16.62 16.19 16.67 16.22 16.94 16.94 16.78 16.98 16.78 16.52 16.79 17.01 16.31 15.95 16.65 16.25 15.79 16.41 17.21
15.60 15.58 15.64 15.73 15.96 15.10 15.77 15.78 16.20 15.48 15.61 15.74 15.87 15.86 15.69 15.55 15.44 15.74 16.17 15.88 15.67 15.82 15.71 15.06 15.99 16.32 16.52 16.12 15.90 16.34 16.87 17.12 17.15 17.27 17.26 17.02 16.98 16.48 16.41 16.70 16.73 16.46 16.88 16.41 16.02 15.66 15.64 15.80 16.44 15.57 16.38 16.36 16.27 16.26 15.53 15.89 15.57 16.40 15.69 16.18 16.57 16.48 16.76 16.37 16.78 16.69 16.79 16.26 16.10 16.83 16.60 16.39 15.63 16.27 16.52 16.61 16.43
15.76 15.79 15.66 15.92 15.59 15.18 15.47 14.79 15.50 15.66 15.60 15.35 15.53 15.67 15.42 15.65 15.81 16.08 15.70 15.65 15.85 15.67 15.52 15.10 15.69 15.79 15.95 16.81 16.45 16.82 17.10 17.16 17.21 17.06 17.07 16.66 16.58 16.39 16.90 16.59 16.38 17.00 16.36 16.06 16.06 15.97 15.97 16.27 16.62 16.33 16.83 16.21 16.43 16.94 15.98 16.21 14.92 14.33 15.40 15.66 15.58 16.19 16.13 17.03 16.99 16.80 16.77 16.68 16.02 15.94 15.89 16.64 16.15 15.44 15.56 16.30 15.82
15.85 15.66 15.79 15.51 15.56 15.00 15.39 15.37 15.34 15.00 15.17 15.28 15.65 15.63 15.50 15.28 15.94 16.21 15.61 15.22 15.21 15.55 15.31 15.61 15.74 15.80 15.56 16.05 16.11 16.23 16.73 17.01 17.20 17.17 17.13 16.88 16.58 16.23 16.26 16.51 16.72 16.84 16.28 17.01 16.65 16.34 15.86 16.28 16.09 16.32 16.94 16.45 16.38 16.48 16.98 17.02 16.82 15.81 16.06 15.46 16.74 16.10 16.61 16.91 16.59 17.08 17.00 16.84 16.81 16.07 15.71 16.63 17.12 16.58 15.97 15.57 16.20
16.24 15.90 15.87 15.84 14.73 14.79 15.00 15.01 14.68 14.71 15.22 15.40 15.90 15.96 15.70 15.88 15.93 15.57 15.30 15.00 14.98 15.25 15.34 15.58 15.52 15.38 15.45 15.41 16.10 15.63 16.12 16.60 17.05 17.01 16.98 16.97 16.38 16.24 16.56 16.83 16.76 16.75 16.31 16.51 16.16 15.97 15.46 16.25 15.80 16.00 15.79 15.81 16.44 16.57 16.74 16.64 16.58 16.32 16.59 15.87 16.94 16.66 16.47 16.88 17.05 17.00 16.82 16.41 16.73 16.98 17.02 16.34 16.69 16.76 16.50 14.64 15.57
16.26 16.06 16.03 15.62 15.35 15.09 15.08 15.03 14.70 14.76 15.23 14.86 15.21 15.66 15.52 15.42 15.83 15.15 15.36 15.30 15.58 15.50 15.85 15.51 15.65 15.45 15.19 15.53 15.41 15.89 16.16 16.60 16.74 16.95 17.01 16.87 16.93 16.40 16.48 16.67 17.12 16.60 16.63 16.42 16.50 16.58 15.38 15.70 15.68 15.44 15.71 16.23 15.89 16.22 16.25 16.56 15.80 16.10 16.19 15.92 14.77 16.15 16.02 16.00 16.68 16.67 16.79 16.81 16.37 16.63 16.71 16.83 16.10 16.06 16.01 15.89 15.22
16.17 15.88 15.64 15.68 15.50 15.42 15.00 15.25 14.75 14.71 15.25 14.99 15.11 14.99 15.09 15.22 15.31 15.16 15.55 15.39 15.44 16.21 15.89 15.31 15.60 15.24 14.85 15.31 15.27 15.92 15.74 16.23 16.56 16.66 17.12 16.89 16.97 16.88 16.44 16.52 16.66 16.60 16.41 16.61 16.10 15.55 15.40 16.24 15.64 15.71 15.98 16.04 15.62 16.68 16.77 16.77 17.02 16.66 15.72 15.06 15.79 16.21 15.85 16.71 16.32 16.46 16.18 16.53 16.22 16.53 16.73 16.69 16.90 16.13 15.89 15.86 15.94
15.91 15.90 15.56 15.37 15.67 15.26 14.82 14.76 15.19 14.95 15.33 14.55 14.29 14.76 14.79 14.94 14.97 15.32 15.43 15.31 15.31 15.64 15.54 15.60 15.61 15.32 14.98 15.03 15.55 15.52 15.97 16.44 16.87 16.94 16.90 16.87 16.75 16.64 16.35 16.52 16.47 16.54 16.47 16.68 16.25 16.78 16.08 16.05 15.68 15.43 15.87 16.48 16.64 16.46 16.79 16.46 16.70 16.71 16.85 16.52 16.32 15.86 15.43 15.79 16.41 16.44 16.33 16.74 16.88 16.64 16.67 15.95 16.53 15.94 16.71 16.73 16.28
15.92 16.03 15.52 15.47 15.39 15.36 15.37 15.40 15.29 15.11 14.94 14.62 14.35 14.78 15.08 14.93 15.17 15.50 15.26 15.26 15.78 15.54 15.80 15.86 15.42 15.59 15.39 15.03 15.67 15.76 16.29 16.55 16.57 16.91 16.86 16.95 16.85 16.84 16.77 16.64 16.38 16.73 16.48 16.23 16.57 16.45 16.77 16.17 15.66 16.00 16.00 15.35 16.75 16.65 16.46 16.82 16.97 16.95 16.99 16.97 16.03 16.58 16.45 16.24 16.52 16.85 16.85 16.69 16.84 16.39 16.65 17.08 16.68 16.72 16.94 16.68 15.99
15.67 15.74 15.74 15.17 15.19 15.21 15.39 15.64 15.29 15.10 15.18 15.22 15.00 14.68 14.71 15.00 15.24 15.67 15.67 15.74 15.62 15.95 16.02 16.00 16.12 15.85 15.79 15.45 15.40 15.91 16.38 16.40 16.65 16.91 16.82 16.90 17.08 16.80 16.92 16.56 16.54 16.76 16.40 16.81 16.42 16.50 16.38 16.44 16.56 15.79 16.04 15.74 15.78 15.54 16.41 16.47 16.77 16.63 16.63 15.99 15.96 15.01 15.69 16.24 16.35 16.32 16.57 16.51 16.79 16.78 16.44 16.87 16.97 16.88 15.81 16.66 16.12
15.68 15.85 15.73 15.52 15.41 15.40 15.69 15.95 15.53 15.62 15.59 14.90 15.24 14.89 14.92 14.91 15.10 15.53 15.63 15.68 15.77 15.66 16.06 15.94 16.31 16.19 15.42 15.66 16.02 15.84 16.56 16.47 16.88 16.94 16.80 16.84 16.91 16.64 16.57 17.02 16.97 16.98 16.60 16.57 16.79 16.46 16.18 15.70 15.58 16.13 16.22 16.50 16.44 15.87 15.58 16.47 16.85 16.43 16.33 16.37 16.60 16.17 15.85 16.41 16.53 16.60 16.51 16.75 15.99 16.69 16.14 16.48 16.55 16.55 16.11 16.08 15.91
15.88 15.85 15.68 15.58 15.29 15.58 15.11 15.30 15.08 15.08 14.97 15.23 14.93 14.83 14.81 15.39 15.39 15.23 15.57 15.82 15.37 15.75 15.94 16.31 16.04 15.80 15.93 15.70 15.86 15.89 16.12 16.46 16.63 16.95 16.84 16.89 16.69 16.83 16.87 16.86 16.78 16.70 16.88 16.45 16.78 16.54 16.67 16.80 16.66 16.00 15.46 16.01 15.81 16.68 15.91 15.67 16.42 16.73 16.81 16.74 16.50 16.61 16.04 16.83 16.74 16.74 16.80 16.62 16.50 16.75 16.96 16.28 16.25 16.72 16.52 16.22 16.56
15.38 15.66 15.63 15.63 15.56 15.32 15.37 15.09 14.79 14.77 14.54 14.69 14.43 14.76 14.98 15.23 15.53 15.45 15.71 16.13 15.73 15.70 15.83 16.17 16.10 15.85 16.08 15.99 15.96 15.78 15.87 16.41 16.86 16.75 16.88 16.80 16.50 16.92 16.84 16.85 16.78 16.94 16.57 16.75 17.05 16.85 16.61 16.65 16.79 15.96 16.24 15.29 15.82 15.81 16.30 16.48 16.56 16.37 16.86 16.81 16.60 16.61 16.22 16.11 16.78 16.76 16.67 16.70 16.91 16.51 16.75 16.55 16.85 16.76 16.87 16.74 16.84
15.16 15.47 15.45 15.79 15.21 15.02 15.13 15.00 14.90 15.38 15.31 15.10 15.41 15.28 15.47 15.57 15.04 15.54 15.73 15.75 16.07 16.07 16.20 15.99 15.81 15.69 16.19 15.69 15.66 15.70 15.72 16.04 16.83 16.92 16.70 16.80 16.96 16.81 16.59 16.85 16.91 16.81 16.29 16.49 16.74 16.69 16.41 16.25 16.40 16.62 16.65 16.05 16.22 16.14 15.63 15.90 16.08 16.31 16.62 16.77 16.57 16.64 16.53 16.02 16.29 16.46 16.56 16.72 16.76 16.86 16.79 16.78 16.57 16.90 16.88 16.42 16.02
15.18 15.21 15.82 15.92 15.39 15.34 15.13 14.89 15.08 14.97 14.59 15.15 15.53 15.58 15.74 15.87 15.32 15.35 15.19 15.50 15.77 15.66 15.89 16.27 15.79 15.82 15.98 16.02 16.01 15.79 15.65 16.43 16.87 16.81 16.50 16.68 16.67 16.92 16.87 17.01 16.99 16.67 16.82 16.87 16.69 16.70 16.33 16.59 15.97 16.68 15.93 16.08 15.95 15.78 16.13 16.02 16.02 16.15 16.19 16.57 16.48 16.25 16.73 16.50 16.31 16.45 16.59 16.91 16.93 16.73 16.67 16.41 16.53 16.29 16.69 16.78 16.63
14.59 14.95 15.22 14.83 14.91 14.66 14.76 14.75 15.14 14.89 14.75 15.76 15.84 15.82 15.71 15.60 15.61 15.56 15.35 15.51 15.71 15.59 15.60 15.69 15.54 15.54 15.96 15.69 15.91 15.68 15.96 16.66 16.77 16.80 16.74 16.83 16.35 16.83 16.53 16.61 16.64 16.91 16.80 16.70 16.74 16.85 16.63 16.42 16.64 16.95 16.63 15.79 16.11 15.83 16.15 16.33 16.25 16.60 16.15 16.41 16.44 16.61 16.54 16.40 16.70 16.59 16.80 16.93 16.93 16.87 16.23 16.64 16.67 16.33 16.52 16.51 16.60
14.66 14.42 14.70 14.84 15.03 14.73 14.83 15.07 15.13 15.27 15.02 15.90 15.59 15.72 15.61 15.32 15.36 15.46 15.34 15.45 15.59 15.31 15.51 15.70 15.76 16.01 16.17 15.88 16.12 15.71 15.63 15.82 16.36 16.69 16.67 16.96 16.11 16.73 16.72 16.57 16.60 16.64 16.76 16.75 16.79 16.73 16.66 16.76 16.42 16.41 16.32 16.49 16.53 16.62 15.82 16.27 16.59 16.40 16.59 15.99 16.54 16.68 16.49 16.40 16.50 15.95 16.75 16.90 16.91 16.79 16.72 16.69 16.88 16.71 16.47 16.36 16.62
14.86 14.70 14.65 14.23 14.65 15.06 15.20 15.01 15.06 15.42 15.27 15.67 15.49 15.44 15.47 15.31 15.24 15.00 15.20 15.68 15.63 15.51 15.52 15.59 15.83 16.09 15.74 15.43 16.00 15.71 15.15 15.36 15.95 16.38 16.74 16.59 16.79 16.57 16.84 16.75 16.61 16.75 16.71 16.66 16.53 16.38 16.47 16.87 16.27 16.37 16.52 16.57 16.36 16.52 16.28 15.60 16.58 16.37 16.45 16.39 16.50 16.43 16.65 16.47 16.33 15.93 16.38 16.78 16.80 16.80 16.85 16.68 16.77 16.43 16.46 16.33 16.53
15.02 14.80 14.24 14.05 14.41 14.88 14.80 15.02 15.32 15.55 15.48 15.49 15.52 15.39 15.40 15.46 15.05 15.34 15.87 15.79 15.90 15.72 15.66 15.60 15.87 16.08 16.23 16.06 16.17 15.93 15.50 15.80 16.20 16.37 16.64 16.54 16.57 16.79 16.39 16.39 16.61 16.60 16.72 16.57 16.52 16.56 16.23 16.54 16.68 15.91 15.96 15.88 16.30 16.18 16.28 16.19 16.08 16.66 16.45 16.37 16.26 16.57 16.81 16.46 16.49 15.94 16.13 16.60 16.77 16.88 16.72 16.66 16.28 16.38 16.01 15.99 16.39
